Unnamed: 0.2,Unnamed: 0.1,Unnamed: 0,match_id,shotX,shotY,quarter,time_remaining,player,team,made,shot_type,distance,score,opp,status
322,322,322,200810290HOU,23.6,12.7,1st quarter,10:16.0,Marc Gasol,MEM,False,2-pointer,8,0-4,'HOU',trails
357,357,357,200810290HOU,21.3,13.2,2nd quarter,3:23.0,Marc Gasol,MEM,False,2-pointer,9,32-35,'HOU',trails
358,358,358,200810290HOU,24.0,5.0,2nd quarter,2:49.0,Marc Gasol,MEM,True,2-pointer,0,34-37,'HOU',trails
361,361,361,200810290HOU,36.5,21.8,2nd quarter,1:27.0,Marc Gasol,MEM,False,2-pointer,21,35-41,'HOU',trails
367,367,367,200810290HOU,12.9,23.4,3rd quarter,9:07.0,Marc Gasol,MEM,False,2-pointer,21,39-49,'HOU',trails
368,368,368,200810290HOU,34.5,11.6,3rd quarter,8:33.0,Marc Gasol,MEM,False,2-pointer,12,39-51,'HOU',trails
372,372,372,200810290HOU,24.0,5.0,3rd quarter,7:11.0,Marc Gasol,MEM,True,2-pointer,0,43-51,'HOU',trails
379,379,379,200810290HOU,24.0,5.0,3rd quarter,4:32.0,Marc Gasol,MEM,True,2-pointer,0,49-53,'HOU',trails
381,381,381,200810290HOU,15.0,9.5,3rd quarter,3:17.0,Marc Gasol,MEM,False,2-pointer,10,49-53,'HOU',trails
383,383,383,200810290HOU,24.2,25.6,3rd quarter,1:09.0,Marc Gasol,MEM,True,2-pointer,21,55-58,'HOU',trails
384,384,384,200810290HOU,24.2,24.7,3rd quarter,0:24.5,Marc Gasol,MEM,True,2-pointer,20,57-58,'HOU',trails
392,392,392,200810290HOU,21.9,13.3,4th quarter,4:01.0,Marc Gasol,MEM,False,2-pointer,9,66-71,'HOU',trails
411,411,411,200810310MEM,31.0,7.6,1st quarter,9:41.0,Marc Gasol,MEM,True,2-pointer,7,7-6,'ORL',leads
412,412,412,200810310MEM,30.9,23.9,1st quarter,9:18.0,Marc Gasol,MEM,False,2-pointer,20,7-6,'ORL',leads
416,416,416,200810310MEM,20.3,13.0,1st quarter,7:06.0,Marc Gasol,MEM,False,2-pointer,9,11-12,'ORL',trails
418,418,418,200810310MEM,24.1,8.3,1st quarter,6:03.0,Marc Gasol,MEM,True,2-pointer,3,13-12,'ORL',leads
427,427,427,200810310MEM,13.7,8.0,2nd quarter,8:45.0,Marc Gasol,MEM,False,2-pointer,11,29-32,'ORL',trails
429,429,429,200810310MEM,22.7,7.8,2nd quarter,6:53.0,Marc Gasol,MEM,True,2-pointer,3,32-34,'ORL',trails
430,430,430,200810310MEM,22.2,6.9,2nd quarter,6:19.0,Marc Gasol,MEM,True,2-pointer,3,34-34,'ORL',tied
477,477,477,200810310MEM,22.4,5.9,4th quarter,2:35.0,Marc Gasol,MEM,True,2-pointer,2,82-81,'ORL',leads
316,316,316,200811010CHI,32.3,9.5,1st quarter,11:20.0,Marc Gasol,MEM,False,2-pointer,9,0-2,'CHI',trails
318,318,318,200811010CHI,17.5,6.5,1st quarter,10:39.0,Marc Gasol,MEM,False,2-pointer,7,0-4,'CHI',trails
320,320,320,200811010CHI,24.0,5.0,1st quarter,9:34.0,Marc Gasol,MEM,False,2-pointer,0,2-6,'CHI',trails
322,322,322,200811010CHI,18.3,22.6,1st quarter,7:40.0,Marc Gasol,MEM,False,2-pointer,19,6-8,'CHI',trails
381,381,381,200811010CHI,13.5,5.9,4th quarter,5:09.0,Marc Gasol,MEM,False,2-pointer,11,80-87,'CHI',trails
384,384,384,200811010CHI,24.0,5.0,4th quarter,3:22.0,Marc Gasol,MEM,True,2-pointer,0,82-90,'CHI',trails
535,535,535,200811030MEM,24.0,5.0,1st quarter,10:48.0,Marc Gasol,MEM,False,2-pointer,0,0-4,'MEM',trails
537,537,537,200811030MEM,24.0,5.0,1st quarter,10:07.0,Marc Gasol,MEM,True,2-pointer,0,5-4,'MEM',leads
538,538,538,200811030MEM,23.3,16.2,1st quarter,9:27.0,Marc Gasol,MEM,False,2-pointer,11,5-7,'MEM',trails
540,540,540,200811030MEM,24.0,5.0,1st quarter,7:47.0,Marc Gasol,MEM,True,2-pointer,0,10-9,'MEM',leads
545,545,545,200811030MEM,24.0,5.0,1st quarter,4:57.0,Marc Gasol,MEM,True,2-pointer,0,19-17,'MEM',leads
550,550,550,200811030MEM,24.0,5.0,1st quarter,2:10.0,Marc Gasol,MEM,True,2-pointer,0,23-20,'MEM',leads
566,566,566,200811030MEM,24.0,5.0,2nd quarter,4:32.0,Marc Gasol,MEM,True,2-pointer,0,41-34,'MEM',leads
567,567,567,200811030MEM,30.7,9.7,2nd quarter,4:00.0,Marc Gasol,MEM,True,2-pointer,8,43-34,'MEM',leads
570,570,570,200811030MEM,38.4,19.9,2nd quarter,1:14.0,Marc Gasol,MEM,True,2-pointer,21,49-45,'MEM',leads
573,573,573,200811030MEM,24.0,5.0,3rd quarter,11:46.0,Marc Gasol,MEM,True,2-pointer,0,51-45,'MEM',leads
607,607,607,200811030MEM,40.6,6.4,4th quarter,3:26.0,Marc Gasol,MEM,True,2-pointer,17,88-76,'MEM',leads
1710,1710,1710,200811050SAC,24.0,5.0,2nd quarter,0:00.5,Marc Gasol,MEM,True,2-pointer,0,41-48,'SAC',trails
1713,1713,1713,200811050SAC,28.5,10.2,3rd quarter,10:17.0,Marc Gasol,MEM,False,2-pointer,7,46-54,'SAC',trails
1718,1718,1718,200811050SAC,24.0,5.0,3rd quarter,7:49.0,Marc Gasol,MEM,True,2-pointer,0,53-60,'SAC',trails
962,962,962,200811070GSW,18.4,8.0,1st quarter,7:26.0,Marc Gasol,MEM,False,2-pointer,6,8-10,'GSW',trails
964,964,964,200811070GSW,25.7,7.0,1st quarter,7:08.0,Marc Gasol,MEM,True,2-pointer,3,10-10,'GSW',tied
967,967,967,200811070GSW,24.6,5.7,1st quarter,4:37.0,Marc Gasol,MEM,True,2-pointer,1,15-16,'GSW',trails
1029,1029,1029,200811070GSW,24.4,6.9,4th quarter,9:11.0,Marc Gasol,MEM,True,2-pointer,2,89-80,'GSW',leads
201,201,201,200811090DEN,24.0,5.0,3rd quarter,4:26.0,Marc Gasol,MEM,True,2-pointer,0,62-65,'DEN',trails
205,205,205,200811090DEN,21.7,11.3,3rd quarter,1:23.0,Marc Gasol,MEM,False,2-pointer,7,67-71,'DEN',trails
206,206,206,200811090DEN,24.0,5.0,3rd quarter,0:54.6,Marc Gasol,MEM,True,2-pointer,0,69-73,'DEN',trails
209,209,209,200811090DEN,24.0,5.0,4th quarter,11:20.0,Marc Gasol,MEM,False,2-pointer,0,69-76,'DEN',trails
624,624,624,200811100PHO,30.5,22.6,1st quarter,9:17.0,Marc Gasol,MEM,False,2-pointer,19,0-2,'PHO',trails
627,627,627,200811100PHO,10.2,18.2,1st quarter,7:34.0,Marc Gasol,MEM,True,2-pointer,19,4-5,'PHO',trails
644,644,644,200811100PHO,11.8,6.1,2nd quarter,7:55.0,Marc Gasol,MEM,False,2-pointer,12,26-30,'PHO',trails
651,651,651,200811100PHO,24.0,15.7,2nd quarter,3:23.0,Marc Gasol,MEM,False,2-pointer,11,35-36,'PHO',trails
662,662,662,200811100PHO,18.4,16.8,3rd quarter,8:28.0,Marc Gasol,MEM,False,2-pointer,13,51-53,'PHO',trails
674,674,674,200811100PHO,24.0,5.0,3rd quarter,2:53.0,Marc Gasol,MEM,True,2-pointer,0,61-74,'PHO',trails
678,678,678,200811100PHO,24.0,5.0,3rd quarter,1:31.0,Marc Gasol,MEM,True,2-pointer,0,65-78,'PHO',trails
680,680,680,200811100PHO,24.0,5.0,3rd quarter,0:58.6,Marc Gasol,MEM,False,2-pointer,0,65-80,'PHO',trails
681,681,681,200811100PHO,18.0,12.4,3rd quarter,0:39.8,Marc Gasol,MEM,True,2-pointer,10,67-82,'PHO',trails
683,683,683,200811100PHO,27.7,13.2,4th quarter,11:43.0,Marc Gasol,MEM,False,2-pointer,9,70-82,'PHO',trails
695,695,695,200811100PHO,24.0,5.0,4th quarter,4:22.0,Marc Gasol,MEM,True,2-pointer,0,93-94,'PHO',trails
389,389,389,200811120MEM,27.9,13.6,1st quarter,11:05.0,Marc Gasol,MEM,True,2-pointer,9,2-0,'NYK',leads
391,391,391,200811120MEM,12.6,21.2,1st quarter,10:02.0,Marc Gasol,MEM,True,2-pointer,20,4-0,'NYK',leads
392,392,392,200811120MEM,18.0,8.4,1st quarter,9:14.0,Marc Gasol,MEM,False,2-pointer,7,4-4,'NYK',tied
393,393,393,200811120MEM,24.0,5.0,1st quarter,8:49.0,Marc Gasol,MEM,True,2-pointer,0,6-4,'NYK',leads
396,396,396,200811120MEM,24.7,10.0,1st quarter,7:17.0,Marc Gasol,MEM,False,2-pointer,5,8-8,'NYK',tied
403,403,403,200811120MEM,40.0,5.6,1st quarter,3:08.0,Marc Gasol,MEM,False,2-pointer,16,18-15,'NYK',leads
409,409,409,200811120MEM,25.0,10.3,1st quarter,1:00.0,Marc Gasol,MEM,True,2-pointer,5,24-18,'NYK',leads
430,430,430,200811120MEM,21.1,9.1,3rd quarter,11:40.0,Marc Gasol,MEM,False,2-pointer,5,49-60,'NYK',trails
433,433,433,200811120MEM,17.3,9.1,3rd quarter,9:09.0,Marc Gasol,MEM,True,2-pointer,8,54-69,'NYK',trails
435,435,435,200811120MEM,24.2,22.0,3rd quarter,7:08.0,Marc Gasol,MEM,True,2-pointer,17,56-73,'NYK',trails
438,438,438,200811120MEM,24.0,5.0,3rd quarter,5:36.0,Marc Gasol,MEM,True,2-pointer,0,58-78,'NYK',trails
915,915,915,200811140MEM,24.0,5.0,1st quarter,6:23.0,Marc Gasol,MEM,True,2-pointer,0,10-13,'MEM',trails
917,917,917,200811140MEM,14.0,7.6,1st quarter,5:22.0,Marc Gasol,MEM,True,2-pointer,10,14-15,'MEM',trails
920,920,920,200811140MEM,30.5,11.9,1st quarter,2:18.0,Marc Gasol,MEM,False,2-pointer,9,16-19,'MEM',trails
947,947,947,200811140MEM,24.0,5.0,2nd quarter,2:18.0,Marc Gasol,MEM,True,2-pointer,0,46-31,'MEM',leads
949,949,949,200811140MEM,24.0,5.0,2nd quarter,0:03.3,Marc Gasol,MEM,True,2-pointer,0,48-35,'MEM',leads
960,960,960,200811140MEM,26.0,6.2,3rd quarter,5:28.0,Marc Gasol,MEM,False,2-pointer,2,59-47,'MEM',leads
968,968,968,200811140MEM,29.4,25.9,3rd quarter,0:26.9,Marc Gasol,MEM,False,2-pointer,22,64-62,'MEM',leads
978,978,978,200811140MEM,36.9,22.2,4th quarter,4:47.0,Marc Gasol,MEM,True,2-pointer,22,76-81,'MEM',trails
1073,1073,1073,200811180MEM,24.0,5.0,1st quarter,6:21.0,Marc Gasol,MEM,True,2-pointer,0,15-8,'SAC',leads
1102,1102,1102,200811180MEM,24.0,5.0,3rd quarter,10:49.0,Marc Gasol,MEM,True,2-pointer,0,68-49,'SAC',leads
1103,1103,1103,200811180MEM,24.0,5.0,3rd quarter,9:43.0,Marc Gasol,MEM,True,2-pointer,0,70-52,'SAC',leads
1110,1110,1110,200811180MEM,32.4,22.9,3rd quarter,5:40.0,Marc Gasol,MEM,True,2-pointer,20,82-59,'SAC',leads
1112,1112,1112,200811180MEM,24.0,5.0,3rd quarter,3:22.0,Marc Gasol,MEM,False,2-pointer,0,83-65,'SAC',leads
1114,1114,1114,200811180MEM,24.0,5.0,3rd quarter,2:51.0,Marc Gasol,MEM,True,2-pointer,0,87-65,'SAC',leads
149,149,149,200811210DAL,17.0,13.2,1st quarter,7:54.0,Marc Gasol,MEM,True,2-pointer,11,5-5,'DAL',tied
156,156,156,200811210DAL,24.0,5.0,1st quarter,4:33.0,Marc Gasol,MEM,True,2-pointer,0,14-8,'DAL',leads
172,172,172,200811210DAL,24.0,14.7,2nd quarter,7:31.0,Marc Gasol,MEM,False,2-pointer,10,31-33,'DAL',trails
177,177,177,200811210DAL,24.0,5.0,2nd quarter,4:30.0,Marc Gasol,MEM,True,2-pointer,0,39-35,'DAL',leads
178,178,178,200811210DAL,31.2,6.2,2nd quarter,3:54.0,Marc Gasol,MEM,False,2-pointer,7,39-35,'DAL',leads
187,187,187,200811210DAL,17.2,13.8,3rd quarter,9:30.0,Marc Gasol,MEM,False,2-pointer,11,44-46,'DAL',trails
194,194,194,200811210DAL,38.6,7.3,3rd quarter,6:30.0,Marc Gasol,MEM,False,2-pointer,15,46-53,'DAL',trails
216,216,216,200811210DAL,24.0,5.0,4th quarter,7:13.0,Marc Gasol,MEM,True,2-pointer,0,64-76,'DAL',trails
382,382,382,200811220MEM,17.0,9.8,1st quarter,11:42.0,Marc Gasol,MEM,True,2-pointer,8,2-0,'UTA',leads
385,385,385,200811220MEM,24.0,5.0,1st quarter,10:11.0,Marc Gasol,MEM,True,2-pointer,0,6-2,'UTA',leads
419,419,419,200811220MEM,22.1,15.2,2nd quarter,2:12.0,Marc Gasol,MEM,True,2-pointer,10,37-43,'UTA',trails
421,421,421,200811220MEM,21.0,25.0,2nd quarter,1:08.0,Marc Gasol,MEM,False,2-pointer,20,37-45,'UTA',trails
445,445,445,200811220MEM,24.0,5.0,4th quarter,7:57.0,Marc Gasol,MEM,True,2-pointer,0,71-89,'UTA',trails
380,380,380,200811240MEM,24.6,10.5,1st quarter,11:31.0,Marc Gasol,MEM,False,2-pointer,6,0-0,'SAS',tied
384,384,384,200811240MEM,24.0,5.0,1st quarter,9:46.0,Marc Gasol,MEM,True,2-pointer,0,2-5,'SAS',trails
393,393,393,200811240MEM,24.7,10.5,1st quarter,5:35.0,Marc Gasol,MEM,True,2-pointer,6,10-12,'SAS',trails
395,395,395,200811240MEM,26.1,10.0,1st quarter,3:46.0,Marc Gasol,MEM,False,2-pointer,5,12-15,'SAS',trails
398,398,398,200811240MEM,32.8,7.6,1st quarter,1:07.0,Marc Gasol,MEM,False,2-pointer,9,14-22,'SAS',trails
417,417,417,200811240MEM,20.6,12.2,2nd quarter,1:37.0,Marc Gasol,MEM,False,2-pointer,8,35-38,'SAS',trails
443,443,443,200811240MEM,27.7,10.5,4th quarter,10:23.0,Marc Gasol,MEM,True,2-pointer,7,59-77,'SAS',trails
1935,1935,1935,200811260UTA,31.5,6.4,1st quarter,9:24.0,Marc Gasol,MEM,False,2-pointer,8,5-6,'UTA',trails
1938,1938,1938,200811260UTA,24.0,5.0,1st quarter,8:18.0,Marc Gasol,MEM,True,2-pointer,0,7-7,'UTA',tied
1943,1943,1943,200811260UTA,19.9,8.9,1st quarter,5:29.0,Marc Gasol,MEM,False,2-pointer,6,11-16,'UTA',trails
1944,1944,1944,200811260UTA,24.0,5.0,1st quarter,5:26.0,Marc Gasol,MEM,False,2-pointer,0,11-16,'UTA',trails
1962,1962,1962,200811260UTA,24.0,15.1,2nd quarter,5:41.0,Marc Gasol,MEM,True,2-pointer,10,31-43,'UTA',trails
1967,1967,1967,200811260UTA,17.6,8.0,2nd quarter,1:25.0,Marc Gasol,MEM,True,2-pointer,7,43-53,'UTA',trails
1980,1980,1980,200811260UTA,24.0,5.0,3rd quarter,6:18.0,Marc Gasol,MEM,True,2-pointer,0,60-77,'UTA',trails
1993,1993,1993,200811260UTA,17.6,7.6,4th quarter,8:49.0,Marc Gasol,MEM,True,2-pointer,7,81-97,'UTA',trails
1333,1333,1333,200811280SAS,17.8,9.2,1st quarter,0:38.9,Marc Gasol,MEM,True,2-pointer,7,14-15,'SAS',trails
1336,1336,1336,200811280SAS,14.2,4.8,2nd quarter,10:37.0,Marc Gasol,MEM,True,2-pointer,10,18-19,'SAS',trails
1351,1351,1351,200811280SAS,23.0,5.3,2nd quarter,1:25.0,Marc Gasol,MEM,False,2-pointer,1,34-41,'SAS',trails
1354,1354,1354,200811280SAS,15.8,21.5,2nd quarter,0:08.9,Marc Gasol,MEM,False,2-pointer,18,36-46,'SAS',trails
1358,1358,1358,200811280SAS,11.0,5.1,3rd quarter,10:21.0,Marc Gasol,MEM,False,2-pointer,13,41-48,'SAS',trails
1361,1361,1361,200811280SAS,22.1,11.0,3rd quarter,8:58.0,Marc Gasol,MEM,False,2-pointer,6,46-50,'SAS',trails
1365,1365,1365,200811280SAS,25.2,6.9,3rd quarter,5:51.0,Marc Gasol,MEM,False,2-pointer,2,50-60,'SAS',trails
1366,1366,1366,200811280SAS,25.8,5.1,3rd quarter,5:48.0,Marc Gasol,MEM,True,2-pointer,2,52-60,'SAS',trails
1370,1370,1370,200811280SAS,18.8,6.1,3rd quarter,3:44.0,Marc Gasol,MEM,True,2-pointer,5,60-65,'SAS',trails
1374,1374,1374,200811280SAS,24.0,9.5,3rd quarter,2:15.0,Marc Gasol,MEM,False,2-pointer,5,62-69,'SAS',trails
1376,1376,1376,200811280SAS,25.0,6.2,3rd quarter,0:44.0,Marc Gasol,MEM,True,2-pointer,2,68-73,'SAS',trails
1379,1379,1379,200811280SAS,26.6,5.1,4th quarter,10:54.0,Marc Gasol,MEM,False,2-pointer,3,72-77,'SAS',trails
537,537,537,200811290MEM,7.1,5.4,1st quarter,10:25.0,Marc Gasol,MEM,True,2-pointer,17,4-2,'OKC',leads
547,547,547,200811290MEM,24.0,5.0,1st quarter,2:49.0,Marc Gasol,MEM,True,2-pointer,0,24-18,'OKC',leads
558,558,558,200811290MEM,24.0,5.0,2nd quarter,4:37.0,Marc Gasol,MEM,False,2-pointer,0,44-32,'OKC',leads
565,565,565,200811290MEM,14.3,8.7,2nd quarter,0:30.9,Marc Gasol,MEM,False,2-pointer,10,54-41,'OKC',leads
568,568,568,200811290MEM,24.0,5.0,3rd quarter,10:51.0,Marc Gasol,MEM,True,2-pointer,0,56-45,'OKC',leads
570,570,570,200811290MEM,24.0,5.0,3rd quarter,9:45.0,Marc Gasol,MEM,True,2-pointer,0,58-49,'OKC',leads
577,577,577,200811290MEM,24.0,5.0,3rd quarter,5:47.0,Marc Gasol,MEM,True,2-pointer,0,66-59,'OKC',leads
578,578,578,200811290MEM,24.0,5.0,3rd quarter,5:17.0,Marc Gasol,MEM,True,2-pointer,0,68-61,'OKC',leads
2,2,2,200812030ATL,17.5,10.6,1st quarter,9:43.0,Marc Gasol,MEM,False,2-pointer,9,2-7,'MEM',trails
6,6,6,200812030ATL,31.5,8.9,1st quarter,7:31.0,Marc Gasol,MEM,True,2-pointer,8,11-12,'MEM',trails
9,9,9,200812030ATL,25.7,13.0,1st quarter,5:02.0,Marc Gasol,MEM,False,2-pointer,8,15-19,'MEM',trails
41,41,41,200812030ATL,24.0,5.0,3rd quarter,10:38.0,Marc Gasol,MEM,False,2-pointer,0,39-55,'MEM',trails
61,61,61,200812030ATL,24.0,5.0,4th quarter,10:39.0,Marc Gasol,MEM,True,2-pointer,0,71-83,'MEM',trails
76,76,76,200812030ATL,18.4,9.4,4th quarter,0:14.8,Marc Gasol,MEM,False,2-pointer,7,95-105,'MEM',trails
854,854,854,200812050MEM,25.3,13.8,1st quarter,3:08.0,Marc Gasol,MEM,True,2-pointer,9,21-14,'MEM',leads
855,855,855,200812050MEM,20.5,10.8,1st quarter,2:28.0,Marc Gasol,MEM,False,2-pointer,7,21-16,'MEM',leads
857,857,857,200812050MEM,29.1,8.4,1st quarter,1:30.0,Marc Gasol,MEM,False,2-pointer,6,22-20,'MEM',leads
878,878,878,200812050MEM,19.9,8.7,2nd quarter,1:04.0,Marc Gasol,MEM,True,2-pointer,6,49-41,'MEM',leads
880,880,880,200812050MEM,40.6,5.1,2nd quarter,0:09.9,Marc Gasol,MEM,False,2-pointer,17,51-41,'MEM',leads
900,900,900,200812050MEM,17.3,8.4,4th quarter,10:16.0,Marc Gasol,MEM,False,2-pointer,8,74-63,'MEM',leads
794,794,794,200812060NOH,24.0,5.0,1st quarter,4:34.0,Marc Gasol,MEM,False,2-pointer,0,8-20,'NOH',trails
796,796,796,200812060NOH,24.0,5.0,1st quarter,4:01.0,Marc Gasol,MEM,True,2-pointer,0,10-22,'NOH',trails
797,797,797,200812060NOH,16.1,10.2,1st quarter,3:34.0,Marc Gasol,MEM,True,2-pointer,9,12-22,'NOH',trails
837,837,837,200812060NOH,25.2,15.4,3rd quarter,0:20.9,Marc Gasol,MEM,False,2-pointer,10,61-87,'NOH',trails
841,841,841,200812060NOH,24.0,5.0,4th quarter,9:41.0,Marc Gasol,MEM,True,2-pointer,0,63-93,'NOH',trails
842,842,842,200812060NOH,23.6,12.5,4th quarter,9:01.0,Marc Gasol,MEM,True,2-pointer,8,66-93,'NOH',trails
849,849,849,200812060NOH,24.0,5.0,4th quarter,3:34.0,Marc Gasol,MEM,True,2-pointer,0,77-100,'NOH',trails
850,850,850,200812060NOH,24.0,5.0,4th quarter,2:16.0,Marc Gasol,MEM,True,2-pointer,0,82-102,'NOH',trails
853,853,853,200812060NOH,24.0,5.0,4th quarter,0:26.8,Marc Gasol,MEM,True,2-pointer,0,87-104,'NOH',trails
243,243,243,200812080MEM,30.7,11.7,1st quarter,10:58.0,Marc Gasol,MEM,False,2-pointer,9,3-0,'HOU',leads
246,246,246,200812080MEM,29.0,11.3,1st quarter,8:07.0,Marc Gasol,MEM,False,2-pointer,8,10-3,'HOU',leads
247,247,247,200812080MEM,21.1,7.2,1st quarter,7:53.0,Marc Gasol,MEM,False,2-pointer,4,10-3,'HOU',leads
249,249,249,200812080MEM,18.0,22.0,1st quarter,6:51.0,Marc Gasol,MEM,True,2-pointer,18,12-5,'HOU',leads
259,259,259,200812080MEM,21.9,24.8,1st quarter,0:05.9,Marc Gasol,MEM,False,2-pointer,20,32-19,'HOU',leads
263,263,263,200812080MEM,24.6,24.4,2nd quarter,10:00.0,Marc Gasol,MEM,True,2-pointer,19,38-21,'HOU',leads
287,287,287,200812080MEM,24.0,24.4,3rd quarter,8:13.0,Marc Gasol,MEM,True,2-pointer,19,64-57,'HOU',leads
290,290,290,200812080MEM,24.0,5.0,3rd quarter,5:24.0,Marc Gasol,MEM,False,2-pointer,0,68-66,'HOU',leads
293,293,293,200812080MEM,13.4,20.1,3rd quarter,3:53.0,Marc Gasol,MEM,False,2-pointer,18,72-67,'HOU',leads
310,310,310,200812080MEM,19.9,24.8,4th quarter,4:11.0,Marc Gasol,MEM,False,2-pointer,20,100-88,'HOU',leads
854,854,854,200812100OKC,24.0,5.0,1st quarter,0:39.0,Marc Gasol,MEM,True,2-pointer,0,23-27,'OKC',trails
861,861,861,200812100OKC,13.7,19.0,2nd quarter,8:14.0,Marc Gasol,MEM,False,2-pointer,17,25-38,'OKC',trails
889,889,889,200812100OKC,23.8,10.6,3rd quarter,4:01.0,Marc Gasol,MEM,False,2-pointer,6,66-75,'OKC',trails
892,892,892,200812100OKC,24.0,5.0,3rd quarter,2:31.0,Marc Gasol,MEM,True,2-pointer,0,68-77,'OKC',trails
905,905,905,200812100OKC,16.5,8.0,4th quarter,5:44.0,Marc Gasol,MEM,False,2-pointer,8,91-90,'OKC',leads
886,886,886,200812120MEM,26.9,19.9,1st quarter,6:22.0,Marc Gasol,MEM,True,2-pointer,15,8-16,'MEM',trails
887,887,887,200812120MEM,24.0,5.0,1st quarter,6:09.0,Marc Gasol,MEM,False,2-pointer,0,8-16,'MEM',trails
915,915,915,200812120MEM,17.6,9.1,2nd quarter,2:53.0,Marc Gasol,MEM,False,2-pointer,8,45-50,'MEM',trails
926,926,926,200812120MEM,17.6,6.5,3rd quarter,9:11.0,Marc Gasol,MEM,False,2-pointer,7,59-60,'MEM',trails
927,927,927,200812120MEM,7.4,7.3,3rd quarter,8:31.0,Marc Gasol,MEM,True,2-pointer,17,61-63,'MEM',trails
940,940,940,200812120MEM,21.7,9.4,3rd quarter,1:38.0,Marc Gasol,MEM,True,2-pointer,5,78-70,'MEM',leads
942,942,942,200812120MEM,16.7,5.0,3rd quarter,0:40.7,Marc Gasol,MEM,True,2-pointer,7,83-72,'MEM',leads
273,273,273,200812140MEM,24.0,5.0,2nd quarter,10:07.0,Marc Gasol,MEM,True,2-pointer,0,30-26,'MIA',leads
275,275,275,200812140MEM,11.3,22.8,2nd quarter,9:00.0,Marc Gasol,MEM,False,2-pointer,22,30-31,'MIA',trails
283,283,283,200812140MEM,24.0,5.0,2nd quarter,4:38.0,Marc Gasol,MEM,False,2-pointer,0,36-40,'MIA',trails
284,284,284,200812140MEM,24.0,5.0,2nd quarter,4:36.0,Marc Gasol,MEM,False,2-pointer,0,36-40,'MIA',trails
316,316,316,200812140MEM,27.7,8.3,4th quarter,9:03.0,Marc Gasol,MEM,True,2-pointer,5,84-68,'MIA',leads
566,566,566,200812160MEM,24.0,5.0,1st quarter,11:11.0,Marc Gasol,MEM,False,2-pointer,0,0-3,'NOH',trails
574,574,574,200812160MEM,14.7,23.1,1st quarter,7:08.0,Marc Gasol,MEM,False,2-pointer,20,9-11,'NOH',trails
613,613,613,200812160MEM,24.0,5.0,3rd quarter,4:14.0,Marc Gasol,MEM,True,2-pointer,0,55-56,'NOH',trails
1136,1136,1136,200812190MEM,30.4,9.8,1st quarter,1:11.0,Marc Gasol,MEM,False,2-pointer,8,24-32,'CHA',trails
1142,1142,1142,200812190MEM,24.0,5.0,2nd quarter,9:56.0,Marc Gasol,MEM,False,2-pointer,0,26-40,'CHA',trails
1146,1146,1146,200812190MEM,24.6,14.7,2nd quarter,6:58.0,Marc Gasol,MEM,True,2-pointer,10,30-43,'CHA',trails
1148,1148,1148,200812190MEM,24.0,5.0,2nd quarter,5:53.0,Marc Gasol,MEM,True,2-pointer,0,35-45,'CHA',trails
1153,1153,1153,200812190MEM,27.6,13.6,2nd quarter,2:39.0,Marc Gasol,MEM,False,2-pointer,9,39-52,'CHA',trails
1156,1156,1156,200812190MEM,24.0,5.0,2nd quarter,0:01.0,Marc Gasol,MEM,False,2-pointer,0,44-58,'CHA',trails
1157,1157,1157,200812190MEM,24.0,5.0,2nd quarter,0:00.7,Marc Gasol,MEM,False,2-pointer,0,44-58,'CHA',trails
1166,1166,1166,200812190MEM,29.4,9.4,3rd quarter,6:08.0,Marc Gasol,MEM,False,2-pointer,7,48-72,'CHA',trails
1177,1177,1177,200812190MEM,24.0,5.0,4th quarter,11:11.0,Marc Gasol,MEM,True,2-pointer,0,62-87,'CHA',trails
1181,1181,1181,200812190MEM,17.2,21.8,4th quarter,7:47.0,Marc Gasol,MEM,False,2-pointer,18,69-93,'CHA',trails
378,378,378,200812220MEM,24.0,5.0,1st quarter,11:39.0,Marc Gasol,MEM,False,2-pointer,0,0-0,'LAL',tied
392,392,392,200812220MEM,24.0,5.0,1st quarter,5:08.0,Marc Gasol,MEM,False,2-pointer,0,16-14,'LAL',leads
395,395,395,200812220MEM,24.0,5.0,1st quarter,3:46.0,Marc Gasol,MEM,False,2-pointer,0,18-16,'LAL',leads
416,416,416,200812220MEM,30.5,8.6,2nd quarter,1:46.0,Marc Gasol,MEM,False,2-pointer,7,50-46,'LAL',leads
420,420,420,200812220MEM,25.5,22.8,3rd quarter,10:58.0,Marc Gasol,MEM,True,2-pointer,18,59-53,'LAL',leads
424,424,424,200812220MEM,24.0,24.4,3rd quarter,8:05.0,Marc Gasol,MEM,False,2-pointer,19,62-60,'LAL',leads
437,437,437,200812220MEM,24.0,5.0,3rd quarter,0:02.3,Marc Gasol,MEM,True,2-pointer,0,80-77,'LAL',leads
646,646,646,200812230DAL,18.1,11.1,1st quarter,3:31.0,Marc Gasol,MEM,False,2-pointer,8,10-16,'DAL',trails
649,649,649,200812230DAL,24.2,18.4,1st quarter,2:06.0,Marc Gasol,MEM,False,2-pointer,13,10-18,'DAL',trails
650,650,650,200812230DAL,32.3,7.0,1st quarter,1:38.0,Marc Gasol,MEM,False,2-pointer,9,10-18,'DAL',trails
654,654,654,200812230DAL,24.0,5.0,2nd quarter,11:09.0,Marc Gasol,MEM,True,2-pointer,0,14-22,'DAL',trails
679,679,679,200812230DAL,26.9,9.5,3rd quarter,6:18.0,Marc Gasol,MEM,False,2-pointer,5,45-56,'DAL',trails
552,552,552,200812260MEM,24.0,5.0,1st quarter,7:02.0,Marc Gasol,MEM,False,2-pointer,0,13-19,'IND',trails
553,553,553,200812260MEM,30.7,8.7,1st quarter,6:20.0,Marc Gasol,MEM,False,2-pointer,8,13-21,'IND',trails
560,560,560,200812260MEM,24.0,5.0,1st quarter,2:03.0,Marc Gasol,MEM,True,2-pointer,0,17-32,'IND',trails
563,563,563,200812260MEM,24.2,24.2,1st quarter,0:33.1,Marc Gasol,MEM,True,2-pointer,19,23-34,'IND',trails
568,568,568,200812260MEM,24.0,5.0,2nd quarter,9:48.0,Marc Gasol,MEM,True,2-pointer,0,30-44,'IND',trails
593,593,593,200812260MEM,33.7,25.0,3rd quarter,7:42.0,Marc Gasol,MEM,False,2-pointer,22,66-73,'IND',trails
596,596,596,200812260MEM,24.0,5.0,3rd quarter,5:21.0,Marc Gasol,MEM,True,2-pointer,0,75-76,'IND',trails
615,615,615,200812260MEM,34.2,24.7,4th quarter,5:14.0,Marc Gasol,MEM,True,2-pointer,22,97-97,'IND',tied
616,616,616,200812260MEM,26.1,11.9,4th quarter,3:40.0,Marc Gasol,MEM,True,2-pointer,7,101-101,'IND',tied
618,618,618,200812260MEM,24.1,26.6,4th quarter,2:27.0,Marc Gasol,MEM,True,2-pointer,22,106-101,'IND',leads
997,997,997,200812270SAS,21.3,11.0,1st quarter,10:10.0,Marc Gasol,MEM,False,2-pointer,7,0-0,'SAS',tied
998,998,998,200812270SAS,17.8,6.5,1st quarter,9:03.0,Marc Gasol,MEM,False,2-pointer,6,2-2,'SAS',tied
999,999,999,200812270SAS,23.3,16.9,1st quarter,8:26.0,Marc Gasol,MEM,True,2-pointer,12,4-4,'SAS',tied
1002,1002,1002,200812270SAS,23.3,23.7,1st quarter,6:14.0,Marc Gasol,MEM,False,2-pointer,19,6-9,'SAS',trails
1006,1006,1006,200812270SAS,27.1,8.9,1st quarter,4:26.0,Marc Gasol,MEM,False,2-pointer,5,10-13,'SAS',trails
1031,1031,1031,200812270SAS,25.2,3.7,2nd quarter,3:34.0,Marc Gasol,MEM,True,2-pointer,2,40-35,'SAS',leads
1041,1041,1041,200812270SAS,23.6,4.5,3rd quarter,9:23.0,Marc Gasol,MEM,True,2-pointer,1,53-46,'SAS',leads
1042,1042,1042,200812270SAS,24.7,4.7,3rd quarter,8:43.0,Marc Gasol,MEM,True,2-pointer,1,55-46,'SAS',leads
1057,1057,1057,200812270SAS,25.0,4.8,4th quarter,6:53.0,Marc Gasol,MEM,True,2-pointer,1,76-76,'SAS',tied
1061,1061,1061,200812270SAS,23.0,3.9,4th quarter,4:36.0,Marc Gasol,MEM,False,2-pointer,1,79-79,'SAS',tied
1064,1064,1064,200812270SAS,26.9,8.1,4th quarter,3:10.0,Marc Gasol,MEM,False,2-pointer,4,84-80,'SAS',leads
1068,1068,1068,200812270SAS,30.1,13.6,4th quarter,0:01.0,Marc Gasol,MEM,False,2-pointer,11,90-90,'SAS',tied
1069,1069,1069,200812270SAS,23.0,5.1,1st overtime,4:04.0,Marc Gasol,MEM,True,2-pointer,1,92-90,'SAS',leads
638,638,638,200812290MIN,17.5,6.7,1st quarter,9:56.0,Marc Gasol,MEM,True,2-pointer,7,2-6,'MIN',trails
639,639,639,200812290MIN,32.0,7.3,1st quarter,8:25.0,Marc Gasol,MEM,False,2-pointer,8,5-8,'MIN',trails
648,648,648,200812290MIN,25.8,16.6,1st quarter,4:45.0,Marc Gasol,MEM,True,2-pointer,12,13-16,'MIN',trails
653,653,653,200812290MIN,23.3,23.4,1st quarter,1:45.0,Marc Gasol,MEM,False,2-pointer,18,17-22,'MIN',trails
657,657,657,200812290MIN,22.1,13.0,2nd quarter,11:28.0,Marc Gasol,MEM,False,2-pointer,8,19-24,'MIN',trails
668,668,668,200812290MIN,24.0,5.0,2nd quarter,2:21.0,Marc Gasol,MEM,False,2-pointer,0,32-31,'MIN',leads
669,669,669,200812290MIN,24.0,5.0,2nd quarter,1:34.0,Marc Gasol,MEM,True,2-pointer,0,34-31,'MIN',leads
676,676,676,200812290MIN,24.0,20.9,3rd quarter,9:10.0,Marc Gasol,MEM,True,2-pointer,16,45-38,'MIN',leads
681,681,681,200812290MIN,28.2,9.5,3rd quarter,5:06.0,Marc Gasol,MEM,True,2-pointer,6,53-48,'MIN',leads
694,694,694,200812290MIN,24.1,24.0,4th quarter,8:16.0,Marc Gasol,MEM,False,2-pointer,19,73-69,'MIN',leads
696,696,696,200812290MIN,24.0,8.0,4th quarter,7:00.0,Marc Gasol,MEM,False,2-pointer,3,75-73,'MIN',leads
698,698,698,200812290MIN,24.0,5.0,4th quarter,6:09.0,Marc Gasol,MEM,True,2-pointer,0,77-74,'MIN',leads
578,578,578,200812300MEM,32.9,23.9,1st quarter,9:33.0,Marc Gasol,MEM,True,2-pointer,21,7-2,'PHO',leads
587,587,587,200812300MEM,29.0,9.2,1st quarter,4:36.0,Marc Gasol,MEM,True,2-pointer,7,17-11,'PHO',leads
598,598,598,200812300MEM,10.1,19.0,2nd quarter,9:12.0,Marc Gasol,MEM,True,2-pointer,20,33-27,'PHO',leads
599,599,599,200812300MEM,13.1,22.9,2nd quarter,8:54.0,Marc Gasol,MEM,False,2-pointer,21,33-27,'PHO',leads
607,607,607,200812300MEM,24.0,5.0,2nd quarter,3:41.0,Marc Gasol,MEM,False,2-pointer,0,47-43,'PHO',leads
611,611,611,200812300MEM,30.5,9.8,2nd quarter,0:39.8,Marc Gasol,MEM,False,2-pointer,8,49-46,'PHO',leads
617,617,617,200812300MEM,29.6,23.9,3rd quarter,8:42.0,Marc Gasol,MEM,True,2-pointer,20,58-54,'PHO',leads
620,620,620,200812300MEM,18.9,24.0,3rd quarter,6:29.0,Marc Gasol,MEM,True,2-pointer,20,65-60,'PHO',leads
631,631,631,200812300MEM,11.0,17.9,4th quarter,10:29.0,Marc Gasol,MEM,True,2-pointer,18,80-72,'PHO',leads
636,636,636,200812300MEM,17.6,22.5,4th quarter,6:38.0,Marc Gasol,MEM,False,2-pointer,19,84-82,'PHO',leads
644,644,644,200812300MEM,24.0,5.0,4th quarter,2:26.0,Marc Gasol,MEM,False,2-pointer,0,89-94,'PHO',trails
646,646,646,200812300MEM,7.6,22.9,4th quarter,1:21.0,Marc Gasol,MEM,False,3-pointer,24,89-100,'PHO',trails
886,886,886,200901020MEM,16.5,8.1,1st quarter,11:04.0,Marc Gasol,MEM,True,2-pointer,8,2-0,'SAS',leads
888,888,888,200901020MEM,21.4,25.5,1st quarter,9:20.0,Marc Gasol,MEM,False,2-pointer,21,5-4,'SAS',leads
889,889,889,200901020MEM,24.0,5.0,1st quarter,9:03.0,Marc Gasol,MEM,False,2-pointer,0,5-4,'SAS',leads
919,919,919,200901020MEM,24.0,5.0,2nd quarter,1:44.0,Marc Gasol,MEM,True,2-pointer,0,40-44,'SAS',trails
923,923,923,200901020MEM,24.9,11.7,3rd quarter,10:53.0,Marc Gasol,MEM,False,2-pointer,7,40-46,'SAS',trails
924,924,924,200901020MEM,24.0,5.0,3rd quarter,10:24.0,Marc Gasol,MEM,False,2-pointer,0,40-48,'SAS',trails
925,925,925,200901020MEM,24.0,5.0,3rd quarter,10:18.0,Marc Gasol,MEM,True,2-pointer,0,42-48,'SAS',trails
929,929,929,200901020MEM,24.0,5.0,3rd quarter,7:37.0,Marc Gasol,MEM,True,2-pointer,0,46-54,'SAS',trails
934,934,934,200901020MEM,23.6,22.8,3rd quarter,5:02.0,Marc Gasol,MEM,False,2-pointer,18,48-61,'SAS',trails
949,949,949,200901020MEM,24.0,5.0,4th quarter,5:01.0,Marc Gasol,MEM,False,2-pointer,0,65-84,'SAS',trails
950,950,950,200901020MEM,25.7,8.3,4th quarter,4:58.0,Marc Gasol,MEM,True,2-pointer,4,67-84,'SAS',trails
956,956,956,200901020MEM,18.9,9.1,4th quarter,2:43.0,Marc Gasol,MEM,False,2-pointer,7,72-86,'SAS',trails
960,960,960,200901020MEM,24.0,5.0,4th quarter,1:23.0,Marc Gasol,MEM,True,2-pointer,0,78-91,'SAS',trails
380,380,380,200901040MEM,24.0,5.0,1st quarter,11:37.0,Marc Gasol,MEM,True,2-pointer,0,2-0,'DAL',leads
382,382,382,200901040MEM,8.8,6.7,1st quarter,10:23.0,Marc Gasol,MEM,True,2-pointer,15,4-0,'DAL',leads
385,385,385,200901040MEM,30.2,10.6,1st quarter,8:39.0,Marc Gasol,MEM,True,2-pointer,8,6-2,'DAL',leads
387,387,387,200901040MEM,34.5,7.5,1st quarter,7:23.0,Marc Gasol,MEM,False,2-pointer,11,11-4,'DAL',leads
394,394,394,200901040MEM,24.0,5.0,1st quarter,3:57.0,Marc Gasol,MEM,True,2-pointer,0,24-16,'DAL',leads
413,413,413,200901040MEM,27.6,10.5,2nd quarter,6:26.0,Marc Gasol,MEM,True,2-pointer,7,39-33,'DAL',leads
414,414,414,200901040MEM,24.0,5.0,2nd quarter,5:52.0,Marc Gasol,MEM,True,2-pointer,0,41-33,'DAL',leads
416,416,416,200901040MEM,22.4,10.2,2nd quarter,4:24.0,Marc Gasol,MEM,True,2-pointer,5,46-35,'DAL',leads
417,417,417,200901040MEM,24.0,5.0,2nd quarter,3:44.0,Marc Gasol,MEM,True,2-pointer,0,48-37,'DAL',leads
422,422,422,200901040MEM,12.0,8.6,2nd quarter,0:40.9,Marc Gasol,MEM,False,2-pointer,13,50-45,'DAL',leads
428,428,428,200901040MEM,24.0,5.0,3rd quarter,8:39.0,Marc Gasol,MEM,False,2-pointer,0,55-53,'DAL',leads
429,429,429,200901040MEM,14.2,5.6,3rd quarter,7:37.0,Marc Gasol,MEM,False,2-pointer,10,55-56,'DAL',trails
434,434,434,200901040MEM,24.0,5.0,3rd quarter,5:20.0,Marc Gasol,MEM,False,2-pointer,0,61-60,'DAL',leads
437,437,437,200901040MEM,12.3,17.9,3rd quarter,3:27.0,Marc Gasol,MEM,False,2-pointer,17,65-63,'DAL',leads
716,716,716,200901060MEM,24.0,5.0,1st quarter,10:46.0,Marc Gasol,MEM,False,2-pointer,0,0-5,'MEM',trails
722,722,722,200901060MEM,25.8,11.0,1st quarter,8:15.0,Marc Gasol,MEM,False,2-pointer,6,6-9,'MEM',trails
723,723,723,200901060MEM,24.0,5.0,1st quarter,8:11.0,Marc Gasol,MEM,False,2-pointer,0,6-9,'MEM',trails
761,761,761,200901060MEM,24.2,12.4,3rd quarter,11:43.0,Marc Gasol,MEM,True,2-pointer,7,41-45,'MEM',trails
766,766,766,200901060MEM,24.0,5.0,3rd quarter,6:46.0,Marc Gasol,MEM,True,2-pointer,0,51-56,'MEM',trails
768,768,768,200901060MEM,18.9,8.7,3rd quarter,5:51.0,Marc Gasol,MEM,True,2-pointer,6,55-59,'MEM',trails
772,772,772,200901060MEM,25.3,13.8,3rd quarter,3:51.0,Marc Gasol,MEM,True,2-pointer,9,61-67,'MEM',trails
773,773,773,200901060MEM,28.8,10.0,3rd quarter,2:51.0,Marc Gasol,MEM,False,2-pointer,7,63-69,'MEM',trails
782,782,782,200901060MEM,24.0,5.0,4th quarter,4:58.0,Marc Gasol,MEM,True,2-pointer,0,77-85,'MEM',trails
786,786,786,200901060MEM,30.5,9.7,4th quarter,1:30.0,Marc Gasol,MEM,True,2-pointer,8,86-87,'MEM',trails
1111,1111,1111,200901070NJN,24.0,5.0,1st quarter,9:06.0,Marc Gasol,MEM,True,2-pointer,0,5-10,'NJN',trails
1119,1119,1119,200901070NJN,21.6,10.6,1st quarter,3:51.0,Marc Gasol,MEM,True,2-pointer,6,15-20,'NJN',trails
1120,1120,1120,200901070NJN,24.0,5.0,1st quarter,3:18.0,Marc Gasol,MEM,False,2-pointer,0,15-22,'NJN',trails
1123,1123,1123,200901070NJN,24.0,5.0,1st quarter,2:23.0,Marc Gasol,MEM,False,2-pointer,0,15-24,'NJN',trails
1132,1132,1132,200901070NJN,24.0,5.0,2nd quarter,6:43.0,Marc Gasol,MEM,True,2-pointer,0,25-38,'NJN',trails
1141,1141,1141,200901070NJN,24.0,5.0,2nd quarter,0:13.0,Marc Gasol,MEM,True,2-pointer,0,42-55,'NJN',trails
1142,1142,1142,200901070NJN,24.0,5.0,3rd quarter,11:49.0,Marc Gasol,MEM,True,2-pointer,0,44-55,'NJN',trails
1143,1143,1143,200901070NJN,24.0,5.0,3rd quarter,11:07.0,Marc Gasol,MEM,False,2-pointer,0,44-55,'NJN',trails
1172,1172,1172,200901070NJN,24.0,5.0,4th quarter,3:42.0,Marc Gasol,MEM,True,2-pointer,0,79-91,'NJN',trails
1714,1714,1714,200901090TOR,20.8,12.2,1st quarter,9:27.0,Marc Gasol,MEM,False,2-pointer,8,3-6,'TOR',trails
1716,1716,1716,200901090TOR,34.5,5.6,1st quarter,7:54.0,Marc Gasol,MEM,False,2-pointer,11,5-8,'TOR',trails
1721,1721,1721,200901090TOR,24.0,5.0,1st quarter,5:36.0,Marc Gasol,MEM,True,2-pointer,0,9-18,'TOR',trails
1728,1728,1728,200901090TOR,24.0,5.0,1st quarter,1:43.0,Marc Gasol,MEM,False,2-pointer,0,15-20,'TOR',trails
1729,1729,1729,200901090TOR,24.0,5.0,1st quarter,1:16.0,Marc Gasol,MEM,True,2-pointer,0,17-20,'TOR',trails
1731,1731,1731,200901090TOR,28.5,24.0,1st quarter,0:13.9,Marc Gasol,MEM,True,2-pointer,20,19-23,'TOR',trails
1754,1754,1754,200901090TOR,24.0,5.0,3rd quarter,9:15.0,Marc Gasol,MEM,False,2-pointer,0,52-52,'TOR',tied
1757,1757,1757,200901090TOR,24.0,5.0,3rd quarter,6:10.0,Marc Gasol,MEM,False,2-pointer,0,56-62,'TOR',trails
1761,1761,1761,200901090TOR,24.0,5.0,3rd quarter,3:19.0,Marc Gasol,MEM,False,2-pointer,0,60-64,'TOR',trails
547,547,547,200901130MEM,16.7,8.6,1st quarter,7:39.0,Marc Gasol,MEM,True,2-pointer,8,5-7,'MEM',trails
553,553,553,200901130MEM,30.7,8.7,1st quarter,3:59.0,Marc Gasol,MEM,False,2-pointer,8,13-12,'MEM',leads
597,597,597,200901130MEM,18.8,7.6,4th quarter,9:25.0,Marc Gasol,MEM,False,2-pointer,6,69-80,'MEM',trails
605,605,605,200901130MEM,24.0,5.0,4th quarter,4:07.0,Marc Gasol,MEM,True,2-pointer,0,77-91,'MEM',trails
730,730,730,200901160MEM,24.0,5.0,1st quarter,9:38.0,Marc Gasol,MEM,True,2-pointer,0,7-6,'UTA',leads
732,732,732,200901160MEM,24.0,5.0,1st quarter,8:23.0,Marc Gasol,MEM,False,2-pointer,0,9-11,'UTA',trails
756,756,756,200901160MEM,9.4,19.5,2nd quarter,3:58.0,Marc Gasol,MEM,False,2-pointer,21,31-39,'UTA',trails
759,759,759,200901160MEM,24.0,5.0,2nd quarter,2:13.0,Marc Gasol,MEM,True,2-pointer,0,35-44,'UTA',trails
766,766,766,200901160MEM,24.0,5.0,3rd quarter,8:54.0,Marc Gasol,MEM,True,2-pointer,0,47-62,'UTA',trails
768,768,768,200901160MEM,24.0,5.0,3rd quarter,7:11.0,Marc Gasol,MEM,True,2-pointer,0,49-67,'UTA',trails
794,794,794,200901160MEM,24.0,5.0,4th quarter,1:46.0,Marc Gasol,MEM,True,2-pointer,0,91-96,'UTA',trails
796,796,796,200901160MEM,29.6,11.6,4th quarter,1:01.0,Marc Gasol,MEM,False,2-pointer,9,91-99,'UTA',trails
1236,1236,1236,200901190MEM,24.0,5.0,1st quarter,5:25.0,Marc Gasol,MEM,False,2-pointer,0,10-11,'DET',trails
1237,1237,1237,200901190MEM,24.0,5.0,1st quarter,5:22.0,Marc Gasol,MEM,True,2-pointer,0,12-11,'DET',leads
1242,1242,1242,200901190MEM,21.1,8.9,1st quarter,2:53.0,Marc Gasol,MEM,False,2-pointer,5,16-13,'DET',leads
1243,1243,1243,200901190MEM,31.0,11.1,1st quarter,2:28.0,Marc Gasol,MEM,False,2-pointer,9,16-14,'DET',leads
1263,1263,1263,200901190MEM,31.5,7.5,2nd quarter,1:10.0,Marc Gasol,MEM,True,2-pointer,8,39-41,'DET',trails
1269,1269,1269,200901190MEM,24.0,5.0,3rd quarter,8:06.0,Marc Gasol,MEM,True,2-pointer,0,48-53,'DET',trails
1270,1270,1270,200901190MEM,24.0,5.0,3rd quarter,7:04.0,Marc Gasol,MEM,True,2-pointer,0,51-55,'DET',trails
1292,1292,1292,200901190MEM,24.0,5.0,4th quarter,6:25.0,Marc Gasol,MEM,False,2-pointer,0,73-73,'DET',tied
1300,1300,1300,200901190MEM,24.6,8.0,4th quarter,1:00.0,Marc Gasol,MEM,False,2-pointer,3,79-83,'DET',trails
0,0,0,200901210CHA,24.0,5.0,1st quarter,10:53.0,Marc Gasol,MEM,False,2-pointer,0,0-0,'CHA',tied
3,3,3,200901210CHA,24.0,5.0,1st quarter,8:10.0,Marc Gasol,MEM,False,2-pointer,0,2-6,'CHA',trails
4,4,4,200901210CHA,24.0,5.0,1st quarter,8:08.0,Marc Gasol,MEM,True,2-pointer,0,4-6,'CHA',trails
24,24,24,200901210CHA,31.3,11.1,2nd quarter,2:33.0,Marc Gasol,MEM,False,2-pointer,10,34-39,'CHA',trails
37,37,37,200901210CHA,24.0,5.0,3rd quarter,5:30.0,Marc Gasol,MEM,True,2-pointer,0,57-60,'CHA',trails
50,50,50,200901210CHA,24.0,5.0,4th quarter,7:17.0,Marc Gasol,MEM,True,2-pointer,0,72-77,'CHA',trails
55,55,55,200901210CHA,25.2,11.6,4th quarter,3:43.0,Marc Gasol,MEM,True,2-pointer,7,79-88,'CHA',trails
57,57,57,200901210CHA,23.2,13.5,4th quarter,2:09.0,Marc Gasol,MEM,False,2-pointer,9,81-92,'CHA',trails
1260,1260,1260,200901230NYK,14.2,9.4,1st quarter,5:09.0,Marc Gasol,MEM,False,2-pointer,11,24-16,'NYK',leads
1266,1266,1266,200901230NYK,24.1,11.7,1st quarter,1:44.0,Marc Gasol,MEM,True,2-pointer,7,27-20,'NYK',leads
1283,1283,1283,200901230NYK,26.1,11.3,2nd quarter,2:24.0,Marc Gasol,MEM,False,2-pointer,7,43-50,'NYK',trails
1289,1289,1289,200901230NYK,24.0,5.0,3rd quarter,11:07.0,Marc Gasol,MEM,False,2-pointer,0,45-56,'NYK',trails
1297,1297,1297,200901230NYK,24.9,8.4,3rd quarter,5:18.0,Marc Gasol,MEM,False,2-pointer,4,57-65,'NYK',trails
1299,1299,1299,200901230NYK,24.0,5.0,3rd quarter,3:59.0,Marc Gasol,MEM,False,2-pointer,0,59-70,'NYK',trails
1311,1311,1311,200901230NYK,24.0,5.0,4th quarter,8:11.0,Marc Gasol,MEM,True,2-pointer,0,71-84,'NYK',trails
1312,1312,1312,200901230NYK,18.4,15.1,4th quarter,7:26.0,Marc Gasol,MEM,False,2-pointer,12,71-87,'NYK',trails
87,87,87,200901240MEM,24.0,5.0,1st quarter,8:57.0,Marc Gasol,MEM,True,2-pointer,0,6-6,'NJN',tied
96,96,96,200901240MEM,24.0,5.0,1st quarter,4:31.0,Marc Gasol,MEM,False,2-pointer,0,8-13,'NJN',trails
120,120,120,200901240MEM,27.1,10.8,3rd quarter,7:56.0,Marc Gasol,MEM,False,2-pointer,7,48-57,'NJN',trails
121,121,121,200901240MEM,24.0,5.0,3rd quarter,7:55.0,Marc Gasol,MEM,True,2-pointer,0,50-57,'NJN',trails
127,127,127,200901240MEM,11.0,19.8,3rd quarter,4:10.0,Marc Gasol,MEM,False,2-pointer,20,59-64,'NJN',trails
136,136,136,200901240MEM,34.0,7.8,4th quarter,11:17.0,Marc Gasol,MEM,False,2-pointer,10,70-74,'NJN',trails
143,143,143,200901240MEM,24.0,5.0,4th quarter,6:12.0,Marc Gasol,MEM,True,2-pointer,0,79-85,'NJN',trails
414,414,414,200901270MEM,24.0,5.0,1st quarter,11:23.0,Marc Gasol,MEM,False,2-pointer,0,0-2,'DEN',trails
421,421,421,200901270MEM,24.0,5.0,1st quarter,6:48.0,Marc Gasol,MEM,False,2-pointer,0,10-11,'DEN',trails
422,422,422,200901270MEM,24.9,10.0,1st quarter,6:09.0,Marc Gasol,MEM,False,2-pointer,5,12-11,'DEN',leads
425,425,425,200901270MEM,24.0,5.0,1st quarter,4:49.0,Marc Gasol,MEM,False,2-pointer,0,16-11,'DEN',leads
482,482,482,200901270MEM,25.5,12.1,4th quarter,6:31.0,Marc Gasol,MEM,False,2-pointer,7,78-84,'DEN',trails
1582,1582,1582,200901280OKC,24.0,5.0,1st quarter,11:06.0,Marc Gasol,MEM,True,2-pointer,0,4-2,'OKC',leads
1589,1589,1589,200901280OKC,18.6,7.6,1st quarter,6:23.0,Marc Gasol,MEM,True,2-pointer,6,19-12,'OKC',leads
1592,1592,1592,200901280OKC,24.0,5.0,1st quarter,5:18.0,Marc Gasol,MEM,True,2-pointer,0,23-14,'OKC',leads
1606,1606,1606,200901280OKC,14.7,8.0,2nd quarter,9:09.0,Marc Gasol,MEM,False,2-pointer,10,42-33,'OKC',leads
1610,1610,1610,200901280OKC,23.3,9.1,2nd quarter,7:16.0,Marc Gasol,MEM,True,2-pointer,4,47-39,'OKC',leads
1611,1611,1611,200901280OKC,25.0,8.6,2nd quarter,6:04.0,Marc Gasol,MEM,False,2-pointer,4,47-41,'OKC',leads
1649,1649,1649,200901280OKC,24.0,5.0,4th quarter,4:05.0,Marc Gasol,MEM,True,2-pointer,0,87-96,'OKC',trails
1652,1652,1652,200901280OKC,24.0,5.0,4th quarter,1:02.0,Marc Gasol,MEM,True,2-pointer,0,96-100,'OKC',trails
439,439,439,200901310MEM,35.4,18.4,1st quarter,11:40.0,Marc Gasol,MEM,False,2-pointer,18,0-0,'LAL',tied
451,451,451,200901310MEM,24.0,5.0,1st quarter,5:16.0,Marc Gasol,MEM,True,2-pointer,0,17-13,'LAL',leads
475,475,475,200901310MEM,24.0,5.0,2nd quarter,3:00.0,Marc Gasol,MEM,True,2-pointer,0,56-46,'LAL',leads
510,510,510,200901310MEM,24.0,5.0,4th quarter,4:43.0,Marc Gasol,MEM,True,2-pointer,0,91-102,'LAL',trails
511,511,511,200901310MEM,17.8,16.6,4th quarter,3:47.0,Marc Gasol,MEM,True,2-pointer,13,93-104,'LAL',trails
512,512,512,200901310MEM,17.5,9.2,4th quarter,1:40.0,Marc Gasol,MEM,True,2-pointer,8,96-110,'LAL',trails
1143,1143,1143,200902020WAS,22.5,6.1,1st quarter,10:37.0,Marc Gasol,MEM,True,2-pointer,2,5-3,'WAS',leads
1145,1145,1145,200902020WAS,27.6,10.2,1st quarter,9:47.0,Marc Gasol,MEM,False,2-pointer,6,7-4,'WAS',leads
1156,1156,1156,200902020WAS,29.3,7.5,1st quarter,4:37.0,Marc Gasol,MEM,True,2-pointer,6,27-17,'WAS',leads
1168,1168,1168,200902020WAS,25.0,7.0,2nd quarter,9:29.0,Marc Gasol,MEM,True,2-pointer,2,37-33,'WAS',leads
1174,1174,1174,200902020WAS,24.4,9.4,2nd quarter,5:57.0,Marc Gasol,MEM,False,2-pointer,4,44-41,'WAS',leads
1176,1176,1176,200902020WAS,24.9,4.2,2nd quarter,4:55.0,Marc Gasol,MEM,True,2-pointer,1,48-41,'WAS',leads
1179,1179,1179,200902020WAS,7.6,16.8,2nd quarter,3:21.0,Marc Gasol,MEM,True,2-pointer,20,53-48,'WAS',leads
1194,1194,1194,200902020WAS,25.0,6.1,3rd quarter,6:45.0,Marc Gasol,MEM,False,2-pointer,1,70-71,'WAS',trails
1197,1197,1197,200902020WAS,24.1,5.0,3rd quarter,4:58.0,Marc Gasol,MEM,True,2-pointer,0,73-75,'WAS',trails
1210,1210,1210,200902020WAS,27.7,5.1,4th quarter,7:01.0,Marc Gasol,MEM,False,2-pointer,4,99-89,'WAS',leads
1216,1216,1216,200902020WAS,23.3,6.5,4th quarter,3:41.0,Marc Gasol,MEM,True,2-pointer,2,106-93,'WAS',leads
593,593,593,200902040MEM,25.8,12.1,2nd quarter,10:42.0,Marc Gasol,MEM,True,2-pointer,7,35-31,'HOU',leads
598,598,598,200902040MEM,24.0,5.0,2nd quarter,7:43.0,Marc Gasol,MEM,True,2-pointer,0,42-37,'HOU',leads
605,605,605,200902040MEM,13.1,21.5,2nd quarter,3:33.0,Marc Gasol,MEM,False,2-pointer,20,50-46,'HOU',leads
608,608,608,200902040MEM,24.0,5.0,2nd quarter,2:31.0,Marc Gasol,MEM,False,2-pointer,0,50-49,'HOU',leads
613,613,613,200902040MEM,30.7,7.6,3rd quarter,11:42.0,Marc Gasol,MEM,True,2-pointer,7,60-55,'HOU',leads
617,617,617,200902040MEM,21.0,11.6,3rd quarter,9:40.0,Marc Gasol,MEM,True,2-pointer,7,68-57,'HOU',leads
618,618,618,200902040MEM,24.0,5.0,3rd quarter,9:07.0,Marc Gasol,MEM,False,2-pointer,0,68-59,'HOU',leads
390,390,390,200902060MEM,28.7,11.3,1st quarter,10:36.0,Marc Gasol,MEM,False,2-pointer,8,2-2,'MEM',tied
444,444,444,200902060MEM,24.0,5.0,4th quarter,10:12.0,Marc Gasol,MEM,True,2-pointer,0,82-104,'MEM',trails
610,610,610,200902070MEM,27.4,10.3,1st quarter,5:13.0,Marc Gasol,MEM,True,2-pointer,6,14-13,'TOR',leads
646,646,646,200902070MEM,24.0,5.0,3rd quarter,7:43.0,Marc Gasol,MEM,True,2-pointer,0,50-37,'TOR',leads
648,648,648,200902070MEM,20.2,13.8,3rd quarter,6:20.0,Marc Gasol,MEM,True,2-pointer,10,52-41,'TOR',leads
670,670,670,200902070MEM,24.0,5.0,4th quarter,3:48.0,Marc Gasol,MEM,True,2-pointer,0,71-62,'TOR',leads
255,255,255,200902090MEM,24.0,5.0,1st quarter,0:03.8,Marc Gasol,MEM,True,2-pointer,0,21-22,'NOH',trails
299,299,299,200902090MEM,24.0,5.0,3rd quarter,0:27.9,Marc Gasol,MEM,False,2-pointer,0,64-56,'NOH',leads
301,301,301,200902090MEM,30.5,9.5,4th quarter,11:35.0,Marc Gasol,MEM,False,2-pointer,8,64-58,'NOH',leads
310,310,310,200902090MEM,24.0,5.0,4th quarter,2:45.0,Marc Gasol,MEM,True,2-pointer,0,79-73,'NOH',leads
311,311,311,200902090MEM,24.6,10.0,4th quarter,1:27.0,Marc Gasol,MEM,False,2-pointer,5,80-75,'NOH',leads
313,313,313,200902090MEM,19.9,10.8,4th quarter,1:01.0,Marc Gasol,MEM,False,2-pointer,7,80-77,'NOH',leads
1265,1265,1265,200902110PHI,28.3,5.6,1st quarter,11:06.0,Marc Gasol,MEM,False,2-pointer,4,0-2,'MEM',trails
1288,1288,1288,200902110PHI,24.0,5.0,2nd quarter,9:51.0,Marc Gasol,MEM,True,2-pointer,0,20-29,'MEM',trails
1291,1291,1291,200902110PHI,24.0,5.0,2nd quarter,7:55.0,Marc Gasol,MEM,True,2-pointer,0,24-34,'MEM',trails
1325,1325,1325,200902110PHI,27.1,6.5,4th quarter,7:14.0,Marc Gasol,MEM,True,2-pointer,3,70-74,'MEM',trails
1327,1327,1327,200902110PHI,24.1,14.9,4th quarter,5:59.0,Marc Gasol,MEM,True,2-pointer,10,75-74,'MEM',leads
1377,1377,1377,200902170UTA,23.8,10.6,1st quarter,7:04.0,Marc Gasol,MEM,True,2-pointer,6,11-13,'UTA',trails
1378,1378,1378,200902170UTA,24.0,5.0,1st quarter,6:33.0,Marc Gasol,MEM,False,2-pointer,0,11-15,'UTA',trails
1379,1379,1379,200902170UTA,24.0,5.0,1st quarter,6:31.0,Marc Gasol,MEM,False,2-pointer,0,11-15,'UTA',trails
1381,1381,1381,200902170UTA,23.6,13.0,1st quarter,5:56.0,Marc Gasol,MEM,True,2-pointer,8,13-15,'UTA',trails
1397,1397,1397,200902170UTA,23.6,12.7,2nd quarter,7:56.0,Marc Gasol,MEM,True,2-pointer,8,37-36,'UTA',leads
1413,1413,1413,200902170UTA,24.0,5.0,3rd quarter,6:56.0,Marc Gasol,MEM,True,2-pointer,0,68-71,'UTA',trails
1434,1434,1434,200902170UTA,28.7,6.5,4th quarter,5:17.0,Marc Gasol,MEM,False,2-pointer,5,90-108,'UTA',trails
1327,1327,1327,200902180POR,15.8,6.7,1st quarter,10:10.0,Marc Gasol,MEM,False,2-pointer,8,3-4,'POR',trails
1348,1348,1348,200902180POR,24.0,5.0,1st quarter,0:02.9,Marc Gasol,MEM,True,2-pointer,0,27-30,'POR',trails
1361,1361,1361,200902180POR,24.0,5.0,2nd quarter,4:27.0,Marc Gasol,MEM,True,2-pointer,0,36-50,'POR',trails
1373,1373,1373,200902180POR,25.2,9.8,3rd quarter,10:57.0,Marc Gasol,MEM,True,2-pointer,5,57-60,'POR',trails
1375,1375,1375,200902180POR,22.5,10.2,3rd quarter,9:45.0,Marc Gasol,MEM,False,2-pointer,5,60-62,'POR',trails
1377,1377,1377,200902180POR,20.5,8.4,3rd quarter,8:40.0,Marc Gasol,MEM,False,2-pointer,5,60-64,'POR',trails
1396,1396,1396,200902180POR,32.0,5.3,4th quarter,9:08.0,Marc Gasol,MEM,False,2-pointer,8,76-79,'POR',trails
1398,1398,1398,200902180POR,24.0,5.0,4th quarter,7:57.0,Marc Gasol,MEM,False,2-pointer,0,76-82,'POR',trails
1400,1400,1400,200902180POR,24.0,5.0,4th quarter,6:52.0,Marc Gasol,MEM,False,2-pointer,0,78-82,'POR',trails
741,741,741,200902200MEM,24.0,5.0,1st quarter,8:07.0,Marc Gasol,MEM,False,2-pointer,0,8-5,'SAC',leads
752,752,752,200902200MEM,17.3,7.3,1st quarter,0:59.1,Marc Gasol,MEM,False,2-pointer,7,26-22,'SAC',leads
774,774,774,200902200MEM,24.0,5.0,3rd quarter,11:50.0,Marc Gasol,MEM,True,2-pointer,0,52-54,'SAC',trails
784,784,784,200902200MEM,24.0,5.0,3rd quarter,8:42.0,Marc Gasol,MEM,False,2-pointer,0,54-61,'SAC',trails
785,785,785,200902200MEM,24.0,5.0,3rd quarter,8:41.0,Marc Gasol,MEM,True,2-pointer,0,56-61,'SAC',trails
812,812,812,200902200MEM,29.8,9.7,4th quarter,5:33.0,Marc Gasol,MEM,True,2-pointer,7,88-94,'SAC',trails
173,173,173,200902240CLE,12.0,8.7,1st quarter,11:40.0,Marc Gasol,MEM,False,2-pointer,13,0-0,'CLE',tied
181,181,181,200902240CLE,23.3,6.1,1st quarter,7:42.0,Marc Gasol,MEM,True,2-pointer,1,6-12,'CLE',trails
182,182,182,200902240CLE,39.5,16.2,1st quarter,7:03.0,Marc Gasol,MEM,False,2-pointer,19,6-12,'CLE',trails
187,187,187,200902240CLE,21.3,7.5,1st quarter,4:35.0,Marc Gasol,MEM,False,2-pointer,4,10-18,'CLE',trails
193,193,193,200902240CLE,23.5,6.1,1st quarter,1:11.0,Marc Gasol,MEM,True,2-pointer,1,16-23,'CLE',trails
194,194,194,200902240CLE,23.8,6.5,1st quarter,0:25.9,Marc Gasol,MEM,False,2-pointer,2,16-25,'CLE',trails
195,195,195,200902240CLE,24.0,5.6,1st quarter,0:23.8,Marc Gasol,MEM,False,2-pointer,1,16-25,'CLE',trails
205,205,205,200902240CLE,21.4,7.8,2nd quarter,5:23.0,Marc Gasol,MEM,False,2-pointer,4,26-44,'CLE',trails
211,211,211,200902240CLE,32.1,8.3,2nd quarter,0:56.9,Marc Gasol,MEM,True,2-pointer,9,36-54,'CLE',trails
213,213,213,200902240CLE,24.0,5.7,3rd quarter,11:10.0,Marc Gasol,MEM,True,2-pointer,1,38-60,'CLE',trails
317,317,317,200902250IND,34.6,2.8,1st quarter,10:46.0,Marc Gasol,MEM,True,2-pointer,11,2-2,'IND',tied
321,321,321,200902250IND,31.5,22.5,1st quarter,8:57.0,Marc Gasol,MEM,True,2-pointer,19,8-7,'IND',leads
325,325,325,200902250IND,39.9,11.0,1st quarter,7:24.0,Marc Gasol,MEM,True,2-pointer,17,13-11,'IND',leads
328,328,328,200902250IND,25.2,4.5,1st quarter,5:21.0,Marc Gasol,MEM,True,2-pointer,1,16-17,'IND',trails
329,329,329,200902250IND,22.6,10.1,1st quarter,4:42.0,Marc Gasol,MEM,False,2-pointer,5,17-19,'IND',trails
360,360,360,200902250IND,26.9,4.7,3rd quarter,9:43.0,Marc Gasol,MEM,False,2-pointer,3,57-62,'IND',trails
364,364,364,200902250IND,26.1,5.1,3rd quarter,7:07.0,Marc Gasol,MEM,True,2-pointer,2,61-69,'IND',trails
367,367,367,200902250IND,21.1,5.1,3rd quarter,5:33.0,Marc Gasol,MEM,False,2-pointer,3,65-74,'IND',trails
370,370,370,200902250IND,24.0,11.7,3rd quarter,3:10.0,Marc Gasol,MEM,True,2-pointer,7,69-78,'IND',trails
373,373,373,200902250IND,26.6,5.3,3rd quarter,1:47.0,Marc Gasol,MEM,True,2-pointer,3,74-78,'IND',trails
392,392,392,200902250IND,24.2,5.1,4th quarter,0:22.6,Marc Gasol,MEM,True,2-pointer,0,97-100,'IND',trails
393,393,393,200902250IND,25.2,5.1,4th quarter,0:13.5,Marc Gasol,MEM,True,2-pointer,1,99-101,'IND',trails
414,414,414,200902280MEM,24.6,10.3,1st quarter,10:52.0,Marc Gasol,MEM,False,2-pointer,5,2-3,'OKC',trails
415,415,415,200902280MEM,28.3,9.8,1st quarter,10:14.0,Marc Gasol,MEM,False,2-pointer,6,2-5,'OKC',trails
421,421,421,200902280MEM,24.0,5.0,1st quarter,6:16.0,Marc Gasol,MEM,True,2-pointer,0,10-15,'OKC',trails
487,487,487,200903030LAL,27.4,13.2,1st quarter,11:11.0,Marc Gasol,MEM,True,2-pointer,9,2-0,'LAL',leads
488,488,488,200903030LAL,16.2,5.0,1st quarter,10:07.0,Marc Gasol,MEM,False,2-pointer,8,2-2,'LAL',tied
512,512,512,200903030LAL,24.0,5.0,2nd quarter,10:14.0,Marc Gasol,MEM,False,2-pointer,0,20-34,'LAL',trails
513,513,513,200903030LAL,24.0,5.0,2nd quarter,10:11.0,Marc Gasol,MEM,True,2-pointer,0,22-34,'LAL',trails
517,517,517,200903030LAL,24.0,5.0,2nd quarter,7:15.0,Marc Gasol,MEM,True,2-pointer,0,30-40,'LAL',trails
556,556,556,200903030LAL,24.0,5.0,4th quarter,5:08.0,Marc Gasol,MEM,True,2-pointer,0,79-92,'LAL',trails
559,559,559,200903030LAL,24.0,5.0,4th quarter,2:10.0,Marc Gasol,MEM,True,2-pointer,0,87-97,'LAL',trails
479,479,479,200903040LAC,24.7,13.6,1st quarter,10:57.0,Marc Gasol,MEM,True,2-pointer,9,4-0,'MEM',leads
489,489,489,200903040LAC,20.2,13.6,1st quarter,6:34.0,Marc Gasol,MEM,True,2-pointer,9,18-12,'MEM',leads
507,507,507,200903040LAC,23.0,12.2,2nd quarter,6:39.0,Marc Gasol,MEM,True,2-pointer,7,41-36,'MEM',leads
516,516,516,200903040LAC,24.0,5.0,2nd quarter,1:51.0,Marc Gasol,MEM,True,2-pointer,0,50-46,'MEM',leads
517,517,517,200903040LAC,25.0,12.7,2nd quarter,0:54.4,Marc Gasol,MEM,True,2-pointer,8,52-48,'MEM',leads
521,521,521,200903040LAC,24.0,5.0,3rd quarter,9:39.0,Marc Gasol,MEM,True,2-pointer,0,58-57,'MEM',leads
542,542,542,200903040LAC,23.0,9.4,4th quarter,9:14.0,Marc Gasol,MEM,True,2-pointer,5,94-76,'MEM',leads
543,543,543,200903040LAC,24.9,7.6,4th quarter,7:53.0,Marc Gasol,MEM,False,2-pointer,3,94-80,'MEM',leads
718,718,718,200903070MEM,17.5,9.7,1st quarter,11:40.0,Marc Gasol,MEM,True,2-pointer,8,2-0,'MEM',leads
727,727,727,200903070MEM,24.0,5.0,1st quarter,6:33.0,Marc Gasol,MEM,False,2-pointer,0,13-13,'MEM',tied
736,736,736,200903070MEM,38.9,18.7,1st quarter,2:02.0,Marc Gasol,MEM,False,2-pointer,20,24-21,'MEM',leads
738,738,738,200903070MEM,19.7,7.3,1st quarter,0:42.9,Marc Gasol,MEM,True,2-pointer,5,26-25,'MEM',leads
747,747,747,200903070MEM,27.2,9.1,2nd quarter,5:24.0,Marc Gasol,MEM,True,2-pointer,5,39-44,'MEM',trails
757,757,757,200903070MEM,18.0,8.7,3rd quarter,10:48.0,Marc Gasol,MEM,True,2-pointer,7,59-53,'MEM',leads
758,758,758,200903070MEM,19.1,13.2,3rd quarter,10:10.0,Marc Gasol,MEM,False,2-pointer,10,59-55,'MEM',leads
763,763,763,200903070MEM,24.0,5.0,3rd quarter,6:36.0,Marc Gasol,MEM,True,2-pointer,0,64-63,'MEM',leads
768,768,768,200903070MEM,30.2,7.8,3rd quarter,3:21.0,Marc Gasol,MEM,True,2-pointer,7,73-71,'MEM',leads
777,777,777,200903070MEM,24.0,5.0,4th quarter,9:47.0,Marc Gasol,MEM,True,2-pointer,0,83-84,'MEM',trails
779,779,779,200903070MEM,16.7,9.2,4th quarter,8:58.0,Marc Gasol,MEM,True,2-pointer,8,85-84,'MEM',leads
784,784,784,200903070MEM,24.0,5.0,4th quarter,5:41.0,Marc Gasol,MEM,True,2-pointer,0,90-88,'MEM',leads
790,790,790,200903070MEM,24.0,5.0,4th quarter,0:29.5,Marc Gasol,MEM,True,2-pointer,0,101-106,'MEM',trails
792,792,792,200903070MEM,24.0,5.0,4th quarter,0:15.9,Marc Gasol,MEM,False,2-pointer,0,101-108,'MEM',trails
794,794,794,200903070MEM,24.0,5.0,4th quarter,0:10.7,Marc Gasol,MEM,True,2-pointer,0,103-108,'MEM',trails
151,151,151,200903080HOU,18.6,10.6,1st quarter,10:59.0,Marc Gasol,MEM,False,2-pointer,8,2-1,'HOU',leads
155,155,155,200903080HOU,24.0,5.0,1st quarter,8:50.0,Marc Gasol,MEM,True,2-pointer,0,6-4,'HOU',leads
156,156,156,200903080HOU,27.1,8.6,1st quarter,8:20.0,Marc Gasol,MEM,True,2-pointer,5,8-6,'HOU',leads
160,160,160,200903080HOU,20.8,15.7,1st quarter,7:05.0,Marc Gasol,MEM,True,2-pointer,11,13-10,'HOU',leads
187,187,187,200903080HOU,30.1,6.7,2nd quarter,5:49.0,Marc Gasol,MEM,False,2-pointer,6,29-39,'HOU',trails
198,198,198,200903080HOU,30.7,6.7,3rd quarter,9:20.0,Marc Gasol,MEM,False,2-pointer,7,39-61,'HOU',trails
220,220,220,200903080HOU,20.6,18.7,4th quarter,7:26.0,Marc Gasol,MEM,False,2-pointer,14,64-81,'HOU',trails
226,226,226,200903080HOU,24.9,12.5,4th quarter,3:51.0,Marc Gasol,MEM,True,2-pointer,8,70-93,'HOU',trails
229,229,229,200903080HOU,24.0,5.0,4th quarter,2:24.0,Marc Gasol,MEM,True,2-pointer,0,76-93,'HOU',trails
1004,1004,1004,200903110MIN,24.0,5.0,1st quarter,6:01.0,Marc Gasol,MEM,False,2-pointer,0,10-17,'MIN',trails
1021,1021,1021,200903110MIN,24.0,5.0,2nd quarter,7:07.0,Marc Gasol,MEM,True,2-pointer,0,24-41,'MIN',trails
1041,1041,1041,200903110MIN,24.0,5.0,3rd quarter,10:09.0,Marc Gasol,MEM,True,2-pointer,0,44-52,'MIN',trails
1042,1042,1042,200903110MIN,34.8,7.0,3rd quarter,9:13.0,Marc Gasol,MEM,True,2-pointer,11,48-52,'MIN',trails
1043,1043,1043,200903110MIN,22.5,9.8,3rd quarter,8:34.0,Marc Gasol,MEM,True,2-pointer,5,50-55,'MIN',trails
1051,1051,1051,200903110MIN,24.0,9.5,3rd quarter,2:33.0,Marc Gasol,MEM,False,2-pointer,5,57-69,'MIN',trails
1056,1056,1056,200903110MIN,24.0,5.0,4th quarter,11:14.0,Marc Gasol,MEM,True,2-pointer,0,63-75,'MIN',trails
1058,1058,1058,200903110MIN,31.5,7.3,4th quarter,10:00.0,Marc Gasol,MEM,False,2-pointer,8,63-80,'MIN',trails
178,178,178,200903130BOS,31.2,12.4,1st quarter,10:24.0,Marc Gasol,MEM,True,2-pointer,10,4-2,'BOS',leads
180,180,180,200903130BOS,24.0,8.6,1st quarter,8:11.0,Marc Gasol,MEM,True,2-pointer,4,8-7,'BOS',leads
182,182,182,200903130BOS,25.3,6.2,1st quarter,7:08.0,Marc Gasol,MEM,True,2-pointer,2,13-9,'BOS',leads
203,203,203,200903130BOS,22.5,4.7,2nd quarter,5:20.0,Marc Gasol,MEM,False,2-pointer,2,30-34,'BOS',trails
206,206,206,200903130BOS,12.8,5.3,2nd quarter,3:53.0,Marc Gasol,MEM,False,2-pointer,11,34-38,'BOS',trails
216,216,216,200903130BOS,42.1,8.0,3rd quarter,11:00.0,Marc Gasol,MEM,False,2-pointer,18,46-49,'BOS',trails
220,220,220,200903130BOS,22.5,5.3,3rd quarter,8:50.0,Marc Gasol,MEM,False,2-pointer,2,50-53,'BOS',trails
249,249,249,200903130BOS,15.9,5.3,4th quarter,3:20.0,Marc Gasol,MEM,True,2-pointer,8,83-97,'BOS',trails
328,328,328,200903150DET,16.9,8.9,1st quarter,11:39.0,Marc Gasol,MEM,False,2-pointer,8,0-0,'DET',tied
333,333,333,200903150DET,23.0,13.3,1st quarter,8:22.0,Marc Gasol,MEM,False,2-pointer,8,6-4,'DET',leads
336,336,336,200903150DET,24.0,5.0,1st quarter,6:04.0,Marc Gasol,MEM,True,2-pointer,0,16-8,'DET',leads
344,344,344,200903150DET,24.0,5.0,1st quarter,0:51.8,Marc Gasol,MEM,False,2-pointer,0,26-18,'DET',leads
345,345,345,200903150DET,32.4,7.3,1st quarter,0:19.9,Marc Gasol,MEM,False,2-pointer,9,26-20,'DET',leads
367,367,367,200903150DET,24.4,11.9,3rd quarter,10:51.0,Marc Gasol,MEM,False,2-pointer,7,57-42,'DET',leads
370,370,370,200903150DET,24.0,5.0,3rd quarter,9:09.0,Marc Gasol,MEM,True,2-pointer,0,59-44,'DET',leads
387,387,387,200903150DET,24.0,5.0,4th quarter,7:50.0,Marc Gasol,MEM,False,2-pointer,0,75-74,'DET',leads
394,394,394,200903150DET,24.0,5.0,4th quarter,3:14.0,Marc Gasol,MEM,True,2-pointer,0,83-80,'DET',leads
418,418,418,200903160MEM,15.6,7.8,1st quarter,6:54.0,Marc Gasol,MEM,False,2-pointer,9,6-16,'POR',trails
419,419,419,200903160MEM,24.0,5.0,1st quarter,6:08.0,Marc Gasol,MEM,True,2-pointer,0,8-18,'POR',trails
448,448,448,200903160MEM,30.4,9.2,2nd quarter,2:26.0,Marc Gasol,MEM,False,2-pointer,8,42-53,'POR',trails
456,456,456,200903160MEM,6.3,6.2,3rd quarter,9:10.0,Marc Gasol,MEM,False,2-pointer,18,52-57,'POR',trails
459,459,459,200903160MEM,24.0,5.0,3rd quarter,6:39.0,Marc Gasol,MEM,False,2-pointer,0,52-64,'POR',trails
467,467,467,200903160MEM,24.0,5.0,3rd quarter,2:14.0,Marc Gasol,MEM,True,2-pointer,0,62-69,'POR',trails
479,479,479,200903160MEM,29.1,10.6,4th quarter,5:53.0,Marc Gasol,MEM,True,2-pointer,8,77-89,'POR',trails
487,487,487,200903160MEM,29.4,12.5,4th quarter,1:35.0,Marc Gasol,MEM,False,2-pointer,9,88-101,'POR',trails
975,975,975,200903180MEM,22.7,12.4,3rd quarter,9:39.0,Marc Gasol,MEM,True,2-pointer,8,63-57,'DEN',leads
979,979,979,200903180MEM,24.0,5.0,3rd quarter,7:08.0,Marc Gasol,MEM,False,2-pointer,0,71-61,'DEN',leads
981,981,981,200903180MEM,14.5,7.3,3rd quarter,6:10.0,Marc Gasol,MEM,False,2-pointer,10,73-61,'DEN',leads
986,986,986,200903180MEM,25.0,9.5,3rd quarter,3:34.0,Marc Gasol,MEM,True,2-pointer,5,82-71,'DEN',leads
987,987,987,200903200NOH,24.0,5.0,1st quarter,10:12.0,Marc Gasol,MEM,False,2-pointer,0,4-3,'NOH',leads
990,990,990,200903200NOH,27.1,11.7,1st quarter,8:45.0,Marc Gasol,MEM,False,2-pointer,7,7-7,'NOH',tied
995,995,995,200903200NOH,27.2,12.8,1st quarter,4:16.0,Marc Gasol,MEM,True,2-pointer,8,12-17,'NOH',trails
998,998,998,200903200NOH,12.8,9.1,1st quarter,2:30.0,Marc Gasol,MEM,False,2-pointer,12,19-19,'NOH',tied
1002,1002,1002,200903200NOH,24.0,5.0,1st quarter,0:04.9,Marc Gasol,MEM,False,2-pointer,0,21-21,'NOH',tied
1003,1003,1003,200903200NOH,24.0,5.0,1st quarter,0:03.4,Marc Gasol,MEM,False,2-pointer,0,21-21,'NOH',tied
1016,1016,1016,200903200NOH,24.0,5.0,2nd quarter,4:59.0,Marc Gasol,MEM,True,2-pointer,0,37-28,'NOH',leads
1022,1022,1022,200903200NOH,24.0,13.9,3rd quarter,11:20.0,Marc Gasol,MEM,True,2-pointer,9,42-41,'NOH',leads
1023,1023,1023,200903200NOH,11.2,12.7,3rd quarter,10:46.0,Marc Gasol,MEM,False,2-pointer,15,42-43,'NOH',trails
1030,1030,1030,200903200NOH,24.7,12.8,3rd quarter,4:19.0,Marc Gasol,MEM,True,2-pointer,8,55-57,'NOH',trails
562,562,562,200903210MEM,30.9,7.8,1st quarter,6:14.0,Marc Gasol,MEM,False,2-pointer,7,7-10,'BOS',trails
563,563,563,200903210MEM,29.9,11.6,1st quarter,5:31.0,Marc Gasol,MEM,True,2-pointer,9,9-10,'BOS',trails
567,567,567,200903210MEM,17.6,12.2,1st quarter,1:18.0,Marc Gasol,MEM,True,2-pointer,10,17-16,'BOS',leads
588,588,588,200903210MEM,29.6,10.6,2nd quarter,1:51.0,Marc Gasol,MEM,False,2-pointer,8,47-48,'BOS',trails
602,602,602,200903210MEM,24.0,5.0,3rd quarter,4:36.0,Marc Gasol,MEM,False,2-pointer,0,59-70,'BOS',trails
605,605,605,200903210MEM,23.8,19.9,3rd quarter,2:45.0,Marc Gasol,MEM,False,2-pointer,15,61-72,'BOS',trails
622,622,622,200903210MEM,30.7,8.9,4th quarter,7:15.0,Marc Gasol,MEM,False,2-pointer,8,69-88,'BOS',trails
335,335,335,200903230MIA,21.7,7.8,2nd quarter,6:16.0,Marc Gasol,MEM,False,2-pointer,4,28-43,'MIA',trails
341,341,341,200903230MIA,39.9,8.0,2nd quarter,1:42.0,Marc Gasol,MEM,True,2-pointer,16,38-52,'MIA',trails
342,342,342,200903230MIA,24.0,5.0,2nd quarter,1:05.0,Marc Gasol,MEM,True,2-pointer,0,40-52,'MIA',trails
343,343,343,200903230MIA,21.6,9.1,2nd quarter,0:28.8,Marc Gasol,MEM,False,2-pointer,5,40-54,'MIA',trails
369,369,369,200903230MIA,26.8,10.0,4th quarter,3:36.0,Marc Gasol,MEM,False,2-pointer,6,74-93,'MIA',trails
370,370,370,200903230MIA,24.0,5.0,4th quarter,3:28.0,Marc Gasol,MEM,True,2-pointer,0,76-93,'MIA',trails
1118,1118,1118,200903270SAC,19.4,10.8,1st quarter,9:38.0,Marc Gasol,MEM,False,2-pointer,7,4-4,'SAC',tied
1120,1120,1120,200903270SAC,19.2,14.9,1st quarter,8:48.0,Marc Gasol,MEM,False,2-pointer,11,4-4,'SAC',tied
1121,1121,1121,200903270SAC,23.0,7.6,1st quarter,8:20.0,Marc Gasol,MEM,True,2-pointer,3,6-4,'SAC',leads
1126,1126,1126,200903270SAC,18.3,6.1,1st quarter,5:27.0,Marc Gasol,MEM,False,2-pointer,6,16-10,'SAC',leads
1128,1128,1128,200903270SAC,24.0,5.0,1st quarter,4:46.0,Marc Gasol,MEM,True,2-pointer,0,18-12,'SAC',leads
1142,1142,1142,200903270SAC,27.2,5.9,2nd quarter,7:32.0,Marc Gasol,MEM,True,2-pointer,3,37-29,'SAC',leads
1174,1174,1174,200903270SAC,24.0,5.0,4th quarter,11:06.0,Marc Gasol,MEM,True,2-pointer,0,87-67,'SAC',leads
1176,1176,1176,200903270SAC,24.9,12.2,4th quarter,9:55.0,Marc Gasol,MEM,False,2-pointer,7,88-72,'SAC',leads
1181,1181,1181,200903270SAC,18.3,5.6,4th quarter,3:55.0,Marc Gasol,MEM,True,2-pointer,6,97-80,'SAC',leads
1182,1182,1182,200903270SAC,15.0,9.4,4th quarter,2:45.0,Marc Gasol,MEM,True,2-pointer,10,102-85,'SAC',leads
1184,1184,1184,200903270SAC,10.2,10.8,4th quarter,1:47.0,Marc Gasol,MEM,True,2-pointer,15,104-90,'SAC',leads
1185,1185,1185,200903270SAC,26.0,8.4,4th quarter,1:23.0,Marc Gasol,MEM,True,2-pointer,4,106-91,'SAC',leads
859,859,859,200903280POR,11.5,18.7,1st quarter,10:37.0,Marc Gasol,MEM,False,2-pointer,19,2-2,'POR',tied
860,860,860,200903280POR,24.0,5.0,1st quarter,10:22.0,Marc Gasol,MEM,True,2-pointer,0,4-2,'POR',leads
867,867,867,200903280POR,24.0,5.0,1st quarter,5:17.0,Marc Gasol,MEM,True,2-pointer,0,10-15,'POR',trails
878,878,878,200903280POR,24.0,5.0,2nd quarter,10:12.0,Marc Gasol,MEM,True,2-pointer,0,20-26,'POR',trails
889,889,889,200903280POR,26.9,8.1,2nd quarter,2:29.0,Marc Gasol,MEM,False,2-pointer,4,32-43,'POR',trails
890,890,890,200903280POR,20.0,5.7,2nd quarter,1:58.0,Marc Gasol,MEM,True,2-pointer,4,34-44,'POR',trails
894,894,894,200903280POR,13.7,9.7,3rd quarter,10:11.0,Marc Gasol,MEM,False,2-pointer,11,36-50,'POR',trails
915,915,915,200903280POR,27.1,8.3,4th quarter,6:19.0,Marc Gasol,MEM,False,2-pointer,5,54-75,'POR',trails
16,16,16,200903300GSW,25.2,10.2,1st quarter,1:19.0,Marc Gasol,MEM,True,2-pointer,5,23-23,'GSW',tied
18,18,18,200903300GSW,25.5,7.3,1st quarter,0:12.8,Marc Gasol,MEM,True,2-pointer,3,27-25,'GSW',leads
39,39,39,200903300GSW,24.0,9.7,2nd quarter,0:46.6,Marc Gasol,MEM,True,2-pointer,5,55-51,'GSW',leads
47,47,47,200903300GSW,25.8,9.4,3rd quarter,8:52.0,Marc Gasol,MEM,False,2-pointer,5,64-57,'GSW',leads
60,60,60,200903300GSW,23.3,5.6,3rd quarter,0:38.3,Marc Gasol,MEM,True,2-pointer,1,75-82,'GSW',trails
61,61,61,200903300GSW,21.9,5.1,3rd quarter,0:17.9,Marc Gasol,MEM,False,2-pointer,2,75-84,'GSW',trails
767,767,767,200904010MEM,24.0,5.0,1st quarter,8:37.0,Marc Gasol,MEM,True,2-pointer,0,9-9,'MEM',tied
768,768,768,200904010MEM,24.0,5.0,1st quarter,8:00.0,Marc Gasol,MEM,False,2-pointer,0,9-11,'MEM',trails
771,771,771,200904010MEM,24.0,5.0,1st quarter,6:19.0,Marc Gasol,MEM,True,2-pointer,0,13-13,'MEM',tied
772,772,772,200904010MEM,23.5,14.6,1st quarter,5:50.0,Marc Gasol,MEM,True,2-pointer,10,15-15,'MEM',tied
777,777,777,200904010MEM,34.0,12.5,1st quarter,2:49.0,Marc Gasol,MEM,False,2-pointer,13,25-17,'MEM',leads
790,790,790,200904010MEM,24.0,5.0,2nd quarter,6:54.0,Marc Gasol,MEM,True,2-pointer,0,39-36,'MEM',leads
802,802,802,200904010MEM,26.3,12.1,3rd quarter,11:17.0,Marc Gasol,MEM,False,2-pointer,7,57-50,'MEM',leads
803,803,803,200904010MEM,17.5,7.3,3rd quarter,10:54.0,Marc Gasol,MEM,True,2-pointer,7,59-52,'MEM',leads
804,804,804,200904010MEM,31.2,6.2,3rd quarter,10:03.0,Marc Gasol,MEM,True,2-pointer,7,61-54,'MEM',leads
811,811,811,200904010MEM,28.3,15.7,3rd quarter,5:27.0,Marc Gasol,MEM,True,2-pointer,12,70-65,'MEM',leads
829,829,829,200904010MEM,24.0,5.0,4th quarter,7:29.0,Marc Gasol,MEM,False,2-pointer,0,93-86,'MEM',leads
894,894,894,200904030MEM,30.7,6.1,1st quarter,9:07.0,Marc Gasol,MEM,True,2-pointer,7,9-4,'DAL',leads
896,896,896,200904030MEM,39.7,17.4,1st quarter,8:11.0,Marc Gasol,MEM,True,2-pointer,20,14-8,'DAL',leads
899,899,899,200904030MEM,24.0,5.0,1st quarter,6:58.0,Marc Gasol,MEM,True,2-pointer,0,16-11,'DAL',leads
905,905,905,200904030MEM,15.0,7.8,1st quarter,3:09.0,Marc Gasol,MEM,False,2-pointer,9,22-27,'DAL',trails
930,930,930,200904030MEM,25.5,11.6,2nd quarter,0:06.8,Marc Gasol,MEM,True,2-pointer,7,61-61,'DAL',tied
932,932,932,200904030MEM,10.2,20.7,3rd quarter,11:16.0,Marc Gasol,MEM,False,2-pointer,21,61-61,'DAL',tied
945,945,945,200904030MEM,30.2,7.2,3rd quarter,2:49.0,Marc Gasol,MEM,False,2-pointer,7,77-77,'DAL',tied
946,946,946,200904030MEM,14.2,8.6,3rd quarter,1:26.0,Marc Gasol,MEM,True,2-pointer,10,80-81,'DAL',trails
482,482,482,200904040MIL,27.9,10.9,1st quarter,5:35.0,Marc Gasol,MEM,False,2-pointer,7,10-13,'MIL',trails
485,485,485,200904040MIL,33.1,7.5,1st quarter,4:12.0,Marc Gasol,MEM,False,2-pointer,9,14-15,'MIL',trails
499,499,499,200904040MIL,24.0,5.0,2nd quarter,3:06.0,Marc Gasol,MEM,False,2-pointer,0,42-31,'MIL',leads
500,500,500,200904040MIL,15.9,18.7,2nd quarter,2:33.0,Marc Gasol,MEM,False,2-pointer,16,42-31,'MIL',leads
509,509,509,200904040MIL,24.0,5.0,3rd quarter,8:02.0,Marc Gasol,MEM,True,2-pointer,0,66-48,'MIL',leads
512,512,512,200904040MIL,24.0,5.0,3rd quarter,4:25.0,Marc Gasol,MEM,True,2-pointer,0,71-59,'MIL',leads
523,523,523,200904040MIL,27.7,9.7,4th quarter,8:04.0,Marc Gasol,MEM,False,2-pointer,6,94-82,'MIL',leads
527,527,527,200904040MIL,27.9,9.2,4th quarter,5:05.0,Marc Gasol,MEM,True,2-pointer,6,100-87,'MIL',leads
528,528,528,200904040MIL,22.7,14.6,4th quarter,4:34.0,Marc Gasol,MEM,False,2-pointer,10,100-87,'MIL',leads
533,533,533,200904040MIL,24.0,5.0,4th quarter,1:40.0,Marc Gasol,MEM,True,2-pointer,0,105-95,'MIL',leads
728,728,728,200904070MEM,16.7,7.6,1st quarter,5:57.0,Marc Gasol,MEM,True,2-pointer,8,13-11,'POR',leads
734,734,734,200904070MEM,22.2,10.5,1st quarter,2:45.0,Marc Gasol,MEM,True,2-pointer,6,17-15,'POR',leads
746,746,746,200904070MEM,41.3,13.5,2nd quarter,5:51.0,Marc Gasol,MEM,False,2-pointer,19,31-28,'POR',leads
748,748,748,200904070MEM,24.0,5.0,2nd quarter,4:48.0,Marc Gasol,MEM,True,2-pointer,0,33-28,'POR',leads
773,773,773,200904070MEM,18.1,9.4,4th quarter,9:51.0,Marc Gasol,MEM,False,2-pointer,7,74-73,'POR',leads
774,774,774,200904070MEM,24.0,5.0,4th quarter,9:30.0,Marc Gasol,MEM,True,2-pointer,0,76-73,'POR',leads
1482,1482,1482,200904080ORL,24.0,5.0,1st quarter,11:20.0,Marc Gasol,MEM,True,2-pointer,0,2-0,'ORL',leads
1491,1491,1491,200904080ORL,37.3,12.7,1st quarter,4:45.0,Marc Gasol,MEM,True,2-pointer,15,17-12,'ORL',leads
1520,1520,1520,200904080ORL,12.1,6.9,3rd quarter,10:20.0,Marc Gasol,MEM,True,2-pointer,12,50-47,'ORL',leads
1524,1524,1524,200904080ORL,30.1,14.7,3rd quarter,8:14.0,Marc Gasol,MEM,False,2-pointer,11,52-50,'ORL',leads
1528,1528,1528,200904080ORL,24.0,5.0,3rd quarter,6:20.0,Marc Gasol,MEM,False,2-pointer,0,52-50,'ORL',leads
1541,1541,1541,200904080ORL,24.0,5.0,4th quarter,4:17.0,Marc Gasol,MEM,True,2-pointer,0,71-74,'ORL',trails
1057,1057,1057,200904100MEM,24.0,5.0,1st quarter,7:55.0,Marc Gasol,MEM,False,2-pointer,0,8-4,'PHO',leads
1058,1058,1058,200904100MEM,24.0,5.0,1st quarter,7:53.0,Marc Gasol,MEM,True,2-pointer,0,10-4,'PHO',leads
1060,1060,1060,200904100MEM,28.5,14.6,1st quarter,6:44.0,Marc Gasol,MEM,False,2-pointer,11,12-9,'PHO',leads
1065,1065,1065,200904100MEM,12.4,12.2,1st quarter,4:50.0,Marc Gasol,MEM,False,2-pointer,14,14-15,'PHO',trails
1067,1067,1067,200904100MEM,20.3,9.8,1st quarter,3:15.0,Marc Gasol,MEM,True,2-pointer,6,19-19,'PHO',tied
1069,1069,1069,200904100MEM,27.6,9.1,1st quarter,2:16.0,Marc Gasol,MEM,False,2-pointer,5,21-19,'PHO',leads
1091,1091,1091,200904100MEM,24.0,5.0,2nd quarter,4:17.0,Marc Gasol,MEM,False,2-pointer,0,40-39,'PHO',leads
1092,1092,1092,200904100MEM,24.0,5.0,2nd quarter,4:16.0,Marc Gasol,MEM,True,2-pointer,0,42-39,'PHO',leads
1094,1094,1094,200904100MEM,24.0,5.0,2nd quarter,2:58.0,Marc Gasol,MEM,True,2-pointer,0,46-39,'PHO',leads
1099,1099,1099,200904100MEM,24.0,5.0,2nd quarter,0:39.9,Marc Gasol,MEM,False,2-pointer,0,53-45,'PHO',leads
1109,1109,1109,200904100MEM,24.0,5.0,3rd quarter,6:51.0,Marc Gasol,MEM,True,2-pointer,0,70-53,'PHO',leads
1110,1110,1110,200904100MEM,25.2,13.0,3rd quarter,6:01.0,Marc Gasol,MEM,False,2-pointer,8,70-55,'PHO',leads
1131,1131,1131,200904100MEM,24.0,5.0,4th quarter,3:49.0,Marc Gasol,MEM,True,2-pointer,0,100-85,'PHO',leads
157,157,157,200904120LAL,21.0,6.9,1st quarter,7:16.0,Marc Gasol,MEM,False,2-pointer,4,8-8,'LAL',tied
159,159,159,200904120LAL,24.0,5.0,1st quarter,5:31.0,Marc Gasol,MEM,False,2-pointer,0,11-10,'LAL',leads
160,160,160,200904120LAL,23.5,13.5,1st quarter,4:59.0,Marc Gasol,MEM,False,2-pointer,9,11-12,'LAL',trails
178,178,178,200904120LAL,35.9,16.3,2nd quarter,2:33.0,Marc Gasol,MEM,True,2-pointer,16,31-46,'LAL',trails
186,186,186,200904120LAL,25.3,18.8,3rd quarter,9:16.0,Marc Gasol,MEM,False,2-pointer,14,39-50,'LAL',trails
189,189,189,200904120LAL,24.0,5.0,3rd quarter,7:52.0,Marc Gasol,MEM,False,2-pointer,0,41-54,'LAL',trails
190,190,190,200904120LAL,24.0,5.0,3rd quarter,7:49.0,Marc Gasol,MEM,False,2-pointer,0,41-54,'LAL',trails
191,191,191,200904120LAL,24.0,5.0,3rd quarter,7:29.0,Marc Gasol,MEM,True,2-pointer,0,43-54,'LAL',trails
196,196,196,200904120LAL,24.0,5.0,3rd quarter,4:42.0,Marc Gasol,MEM,True,2-pointer,0,47-58,'LAL',trails
215,215,215,200904120LAL,19.9,13.3,4th quarter,3:49.0,Marc Gasol,MEM,True,2-pointer,9,69-86,'LAL',trails
1302,1302,1302,200904130PHO,26.1,13.6,1st quarter,7:34.0,Marc Gasol,MEM,False,2-pointer,9,8-9,'PHO',trails
1305,1305,1305,200904130PHO,35.9,9.2,1st quarter,6:23.0,Marc Gasol,MEM,False,2-pointer,13,10-11,'PHO',trails
1310,1310,1310,200904130PHO,19.9,11.3,1st quarter,3:53.0,Marc Gasol,MEM,False,2-pointer,8,14-21,'PHO',trails
1334,1334,1334,200904130PHO,25.8,14.6,2nd quarter,1:01.0,Marc Gasol,MEM,True,2-pointer,10,55-59,'PHO',trails
1348,1348,1348,200904130PHO,39.1,14.6,3rd quarter,3:46.0,Marc Gasol,MEM,True,2-pointer,18,74-84,'PHO',trails
1366,1366,1366,200904130PHO,20.5,12.2,4th quarter,4:39.0,Marc Gasol,MEM,True,2-pointer,8,101-105,'PHO',trails
1367,1367,1367,200904130PHO,20.3,12.2,4th quarter,4:11.0,Marc Gasol,MEM,False,2-pointer,8,101-107,'PHO',trails
1370,1370,1370,200904130PHO,24.0,14.4,4th quarter,1:56.0,Marc Gasol,MEM,False,2-pointer,9,105-109,'PHO',trails
1090,1090,1090,200904150MEM,24.7,15.1,1st quarter,11:22.0,Marc Gasol,MEM,False,2-pointer,10,0-2,'MEM',trails
1093,1093,1093,200904150MEM,24.0,5.0,1st quarter,9:26.0,Marc Gasol,MEM,True,2-pointer,0,4-6,'MEM',trails
1094,1094,1094,200904150MEM,28.7,7.3,1st quarter,8:56.0,Marc Gasol,MEM,False,2-pointer,5,4-8,'MEM',trails
1095,1095,1095,200904150MEM,24.0,5.0,1st quarter,8:19.0,Marc Gasol,MEM,True,2-pointer,0,6-11,'MEM',trails
1099,1099,1099,200904150MEM,32.4,9.2,1st quarter,6:18.0,Marc Gasol,MEM,False,2-pointer,9,6-16,'MEM',trails
1108,1108,1108,200904150MEM,18.4,8.4,1st quarter,1:04.0,Marc Gasol,MEM,True,2-pointer,7,20-21,'MEM',trails
1127,1127,1127,200904150MEM,24.9,11.0,3rd quarter,11:41.0,Marc Gasol,MEM,True,2-pointer,6,55-43,'MEM',leads
1134,1134,1134,200904150MEM,24.0,5.0,3rd quarter,7:20.0,Marc Gasol,MEM,False,2-pointer,0,59-47,'MEM',leads
1153,1153,1153,200904150MEM,24.0,5.0,4th quarter,8:23.0,Marc Gasol,MEM,True,2-pointer,0,77-75,'MEM',leads
1155,1155,1155,200904150MEM,24.0,5.0,4th quarter,7:30.0,Marc Gasol,MEM,False,2-pointer,0,79-75,'MEM',leads
1158,1158,1158,200904150MEM,24.0,5.0,4th quarter,4:41.0,Marc Gasol,MEM,True,2-pointer,0,85-79,'MEM',leads
1160,1160,1160,200904150MEM,26.6,16.0,4th quarter,2:16.0,Marc Gasol,MEM,True,2-pointer,11,92-81,'MEM',leads
885,885,885,200910280MEM,24.0,5.0,1st quarter,10:02.0,Marc Gasol,MEM,True,2-pointer,0,5-4,'DET',leads
891,891,891,200910280MEM,24.7,9.4,1st quarter,4:01.0,Marc Gasol,MEM,True,2-pointer,4,14-14,'DET',tied
913,913,913,200910280MEM,29.9,15.2,2nd quarter,3:28.0,Marc Gasol,MEM,True,2-pointer,12,35-43,'DET',trails
918,918,918,200910280MEM,30.7,8.7,2nd quarter,0:18.9,Marc Gasol,MEM,False,2-pointer,8,41-51,'DET',trails
920,920,920,200910280MEM,21.7,9.2,3rd quarter,10:27.0,Marc Gasol,MEM,True,2-pointer,5,43-56,'DET',trails
922,922,922,200910280MEM,24.0,5.0,3rd quarter,9:29.0,Marc Gasol,MEM,False,2-pointer,0,44-58,'DET',trails
930,930,930,200910280MEM,24.0,5.0,3rd quarter,4:33.0,Marc Gasol,MEM,False,2-pointer,0,53-65,'DET',trails
945,945,945,200910280MEM,24.0,5.0,4th quarter,6:26.0,Marc Gasol,MEM,True,2-pointer,0,62-84,'DET',trails
947,947,947,200910280MEM,24.0,5.0,4th quarter,4:41.0,Marc Gasol,MEM,True,2-pointer,0,67-89,'DET',trails
1045,1045,1045,200910300MEM,12.3,7.5,1st quarter,6:08.0,Marc Gasol,MEM,True,2-pointer,12,8-8,'TOR',tied
1062,1062,1062,200910300MEM,24.0,5.0,2nd quarter,9:00.0,Marc Gasol,MEM,True,2-pointer,0,27-30,'TOR',trails
1066,1066,1066,200910300MEM,24.0,5.0,2nd quarter,7:08.0,Marc Gasol,MEM,True,2-pointer,0,35-35,'TOR',tied
1082,1082,1082,200910300MEM,24.0,5.0,3rd quarter,10:24.0,Marc Gasol,MEM,True,2-pointer,0,57-51,'TOR',leads
1098,1098,1098,200910300MEM,22.7,12.4,4th quarter,11:21.0,Marc Gasol,MEM,False,2-pointer,8,76-81,'TOR',trails
1105,1105,1105,200910300MEM,26.4,12.7,4th quarter,7:19.0,Marc Gasol,MEM,False,2-pointer,8,88-90,'TOR',trails
1110,1110,1110,200910300MEM,24.0,5.0,4th quarter,5:24.0,Marc Gasol,MEM,True,2-pointer,0,95-91,'TOR',leads
1111,1111,1111,200910300MEM,24.0,5.0,4th quarter,5:01.0,Marc Gasol,MEM,True,2-pointer,0,97-94,'TOR',leads
157,157,157,200911010DEN,24.0,5.0,1st quarter,11:39.0,Marc Gasol,MEM,True,2-pointer,0,2-0,'DEN',leads
166,166,166,200911010DEN,24.0,5.0,1st quarter,5:10.0,Marc Gasol,MEM,True,2-pointer,0,24-17,'DEN',leads
171,171,171,200911010DEN,24.0,5.0,1st quarter,3:15.0,Marc Gasol,MEM,True,2-pointer,0,30-24,'DEN',leads
175,175,175,200911010DEN,8.8,6.1,1st quarter,0:59.1,Marc Gasol,MEM,True,2-pointer,15,38-29,'DEN',leads
177,177,177,200911010DEN,24.0,5.0,1st quarter,0:26.3,Marc Gasol,MEM,True,2-pointer,0,40-33,'DEN',leads
196,196,196,200911010DEN,24.6,13.9,2nd quarter,2:27.0,Marc Gasol,MEM,True,2-pointer,9,60-63,'DEN',trails
198,198,198,200911010DEN,11.5,6.1,2nd quarter,1:00.0,Marc Gasol,MEM,False,2-pointer,13,64-65,'DEN',trails
224,224,224,200911010DEN,24.2,14.4,4th quarter,8:40.0,Marc Gasol,MEM,False,2-pointer,9,99-108,'DEN',trails
231,231,231,200911010DEN,24.0,5.0,4th quarter,4:46.0,Marc Gasol,MEM,True,2-pointer,0,111-118,'DEN',trails
481,481,481,200911020SAC,29.0,7.0,1st quarter,11:15.0,Marc Gasol,MEM,True,2-pointer,5,2-0,'SAC',leads
484,484,484,200911020SAC,24.0,5.0,1st quarter,9:40.0,Marc Gasol,MEM,True,2-pointer,0,7-2,'SAC',leads
486,486,486,200911020SAC,33.4,7.0,1st quarter,7:56.0,Marc Gasol,MEM,False,2-pointer,10,10-2,'SAC',leads
495,495,495,200911020SAC,24.6,11.3,1st quarter,4:40.0,Marc Gasol,MEM,False,2-pointer,6,17-9,'SAC',leads
505,505,505,200911020SAC,24.0,5.0,2nd quarter,11:27.0,Marc Gasol,MEM,False,2-pointer,0,33-28,'SAC',leads
521,521,521,200911020SAC,22.4,12.7,2nd quarter,2:19.0,Marc Gasol,MEM,False,2-pointer,8,50-51,'SAC',trails
531,531,531,200911020SAC,15.8,8.6,3rd quarter,8:22.0,Marc Gasol,MEM,True,2-pointer,9,62-64,'SAC',trails
552,552,552,200911020SAC,24.0,5.0,4th quarter,7:13.0,Marc Gasol,MEM,False,2-pointer,0,90-88,'SAC',leads
553,553,553,200911020SAC,24.0,5.0,4th quarter,7:12.0,Marc Gasol,MEM,True,2-pointer,0,92-88,'SAC',leads
559,559,559,200911020SAC,13.9,6.1,4th quarter,3:52.0,Marc Gasol,MEM,True,2-pointer,10,96-97,'SAC',trails
573,573,573,200911020SAC,22.5,8.9,1st overtime,0:44.9,Marc Gasol,MEM,False,2-pointer,4,112-121,'SAC',trails
7,7,7,200911040GSW,25.5,6.9,1st quarter,8:57.0,Marc Gasol,MEM,False,2-pointer,2,4-9,'GSW',trails
11,11,11,200911040GSW,31.8,21.2,1st quarter,7:43.0,Marc Gasol,MEM,False,2-pointer,18,9-11,'GSW',trails
12,12,12,200911040GSW,23.5,11.9,1st quarter,7:17.0,Marc Gasol,MEM,False,2-pointer,7,9-11,'GSW',trails
15,15,15,200911040GSW,24.0,5.0,1st quarter,6:26.0,Marc Gasol,MEM,False,2-pointer,0,11-13,'GSW',trails
17,17,17,200911040GSW,24.2,5.3,1st quarter,5:42.0,Marc Gasol,MEM,True,2-pointer,0,13-13,'GSW',tied
31,31,31,200911040GSW,24.2,9.1,2nd quarter,7:52.0,Marc Gasol,MEM,False,2-pointer,4,34-29,'GSW',leads
35,35,35,200911040GSW,26.1,5.6,2nd quarter,5:39.0,Marc Gasol,MEM,True,2-pointer,2,43-38,'GSW',leads
39,39,39,200911040GSW,30.2,14.3,2nd quarter,4:02.0,Marc Gasol,MEM,False,2-pointer,11,45-45,'GSW',tied
70,70,70,200911040GSW,15.8,7.2,4th quarter,7:22.0,Marc Gasol,MEM,True,2-pointer,8,88-101,'GSW',trails
72,72,72,200911040GSW,22.5,5.9,4th quarter,5:32.0,Marc Gasol,MEM,True,2-pointer,2,93-105,'GSW',trails
78,78,78,200911040GSW,24.4,5.6,4th quarter,2:11.0,Marc Gasol,MEM,True,2-pointer,1,99-107,'GSW',trails
823,823,823,200911060LAL,24.0,9.5,1st quarter,9:45.0,Marc Gasol,MEM,False,2-pointer,5,2-6,'LAL',trails
833,833,833,200911060LAL,24.0,5.0,1st quarter,5:03.0,Marc Gasol,MEM,True,2-pointer,0,10-15,'LAL',trails
836,836,836,200911060LAL,19.4,19.3,1st quarter,3:19.0,Marc Gasol,MEM,False,2-pointer,15,13-19,'LAL',trails
851,851,851,200911060LAL,23.8,10.3,2nd quarter,4:39.0,Marc Gasol,MEM,True,2-pointer,5,38-41,'LAL',trails
856,856,856,200911060LAL,21.6,7.6,2nd quarter,1:46.0,Marc Gasol,MEM,False,2-pointer,4,44-47,'LAL',trails
871,871,871,200911060LAL,24.0,5.0,3rd quarter,4:38.0,Marc Gasol,MEM,False,2-pointer,0,64-71,'LAL',trails
874,874,874,200911060LAL,24.0,5.0,3rd quarter,3:06.0,Marc Gasol,MEM,True,2-pointer,0,68-74,'LAL',trails
496,496,496,200911070LAC,24.0,5.0,1st quarter,9:44.0,Marc Gasol,MEM,True,2-pointer,0,8-2,'MEM',leads
505,505,505,200911070LAC,15.0,20.6,1st quarter,5:25.0,Marc Gasol,MEM,False,2-pointer,18,17-8,'MEM',leads
512,512,512,200911070LAC,24.0,5.0,1st quarter,1:55.0,Marc Gasol,MEM,True,2-pointer,0,25-16,'MEM',leads
520,520,520,200911070LAC,21.0,9.5,2nd quarter,7:55.0,Marc Gasol,MEM,True,2-pointer,5,40-39,'MEM',leads
528,528,528,200911070LAC,24.0,5.0,2nd quarter,1:13.0,Marc Gasol,MEM,True,2-pointer,0,58-51,'MEM',leads
535,535,535,200911070LAC,26.8,11.7,3rd quarter,8:30.0,Marc Gasol,MEM,False,2-pointer,7,65-63,'MEM',leads
536,536,536,200911070LAC,24.0,5.0,3rd quarter,8:28.0,Marc Gasol,MEM,False,2-pointer,0,65-63,'MEM',leads
538,538,538,200911070LAC,24.0,5.0,3rd quarter,8:05.0,Marc Gasol,MEM,False,2-pointer,0,65-63,'MEM',leads
541,541,541,200911070LAC,32.4,19.6,3rd quarter,6:51.0,Marc Gasol,MEM,False,2-pointer,17,67-67,'MEM',tied
549,549,549,200911070LAC,24.0,5.0,3rd quarter,0:31.0,Marc Gasol,MEM,False,2-pointer,0,80-80,'MEM',tied
562,562,562,200911100MEM,24.1,19.6,1st quarter,11:03.0,Marc Gasol,MEM,False,2-pointer,15,3-0,'POR',leads
563,563,563,200911100MEM,24.7,7.5,1st quarter,10:53.0,Marc Gasol,MEM,False,2-pointer,3,3-0,'POR',leads
571,571,571,200911100MEM,24.0,5.0,1st quarter,6:02.0,Marc Gasol,MEM,True,2-pointer,0,14-13,'POR',leads
586,586,586,200911100MEM,30.9,11.1,2nd quarter,7:51.0,Marc Gasol,MEM,False,2-pointer,9,30-31,'POR',trails
587,587,587,200911100MEM,27.2,11.6,2nd quarter,7:18.0,Marc Gasol,MEM,True,2-pointer,7,32-31,'POR',leads
589,589,589,200911100MEM,23.2,6.7,2nd quarter,5:03.0,Marc Gasol,MEM,True,2-pointer,2,37-35,'POR',leads
600,600,600,200911100MEM,24.0,5.0,3rd quarter,11:33.0,Marc Gasol,MEM,True,2-pointer,0,47-46,'POR',leads
608,608,608,200911100MEM,11.7,7.0,3rd quarter,5:12.0,Marc Gasol,MEM,False,2-pointer,12,54-60,'POR',trails
617,617,617,200911100MEM,24.0,5.0,3rd quarter,0:06.3,Marc Gasol,MEM,True,2-pointer,0,60-69,'POR',trails
294,294,294,200911110HOU,25.5,13.3,1st quarter,10:44.0,Marc Gasol,MEM,False,2-pointer,8,0-0,'HOU',tied
298,298,298,200911110HOU,27.7,11.1,1st quarter,8:28.0,Marc Gasol,MEM,False,2-pointer,7,4-5,'HOU',trails
302,302,302,200911110HOU,24.0,5.0,1st quarter,5:27.0,Marc Gasol,MEM,False,2-pointer,0,7-13,'HOU',trails
306,306,306,200911110HOU,15.6,8.6,1st quarter,3:34.0,Marc Gasol,MEM,True,2-pointer,9,12-16,'HOU',trails
334,334,334,200911110HOU,24.0,5.0,3rd quarter,11:15.0,Marc Gasol,MEM,False,2-pointer,0,38-43,'HOU',trails
341,341,341,200911110HOU,24.0,5.0,3rd quarter,8:01.0,Marc Gasol,MEM,False,2-pointer,0,43-56,'HOU',trails
353,353,353,200911110HOU,15.3,10.0,3rd quarter,0:17.9,Marc Gasol,MEM,False,2-pointer,10,57-74,'HOU',trails
881,881,881,200911140MEM,20.6,9.2,1st quarter,4:24.0,Marc Gasol,MEM,True,2-pointer,5,13-15,'MEM',trails
882,882,882,200911140MEM,24.0,5.0,1st quarter,3:54.0,Marc Gasol,MEM,True,2-pointer,0,15-17,'MEM',trails
896,896,896,200911140MEM,24.0,5.0,2nd quarter,7:08.0,Marc Gasol,MEM,True,2-pointer,0,29-29,'MEM',tied
900,900,900,200911140MEM,24.0,5.0,2nd quarter,4:16.0,Marc Gasol,MEM,True,2-pointer,0,35-37,'MEM',trails
906,906,906,200911140MEM,31.8,9.7,2nd quarter,0:04.3,Marc Gasol,MEM,True,2-pointer,9,45-45,'MEM',tied
928,928,928,200911140MEM,24.0,5.0,4th quarter,11:48.0,Marc Gasol,MEM,True,2-pointer,0,70-63,'MEM',leads
940,940,940,200911140MEM,22.4,9.7,4th quarter,4:23.0,Marc Gasol,MEM,True,2-pointer,5,85-73,'MEM',leads
941,941,941,200911140MEM,16.7,8.6,4th quarter,3:41.0,Marc Gasol,MEM,True,2-pointer,8,87-73,'MEM',leads
739,739,739,200911180MEM,24.0,5.0,1st quarter,10:36.0,Marc Gasol,MEM,True,2-pointer,0,7-2,'MEM',leads
740,740,740,200911180MEM,18.9,8.4,1st quarter,10:02.0,Marc Gasol,MEM,True,2-pointer,6,9-4,'MEM',leads
741,741,741,200911180MEM,24.0,5.0,1st quarter,9:37.0,Marc Gasol,MEM,True,2-pointer,0,11-6,'MEM',leads
742,742,742,200911180MEM,25.3,9.8,1st quarter,8:51.0,Marc Gasol,MEM,True,2-pointer,5,13-8,'MEM',leads
747,747,747,200911180MEM,24.0,5.0,1st quarter,4:19.0,Marc Gasol,MEM,True,2-pointer,0,19-16,'MEM',leads
767,767,767,200911180MEM,16.9,8.1,2nd quarter,3:44.0,Marc Gasol,MEM,True,2-pointer,8,47-37,'MEM',leads
784,784,784,200911180MEM,8.2,5.7,3rd quarter,6:37.0,Marc Gasol,MEM,True,2-pointer,16,68-53,'MEM',leads
789,789,789,200911180MEM,18.4,10.6,3rd quarter,3:52.0,Marc Gasol,MEM,False,2-pointer,8,73-58,'MEM',leads
1276,1276,1276,200911200PHI,24.0,10.3,1st quarter,9:59.0,Marc Gasol,MEM,True,2-pointer,5,6-5,'MEM',leads
1278,1278,1278,200911200PHI,15.4,3.9,1st quarter,8:51.0,Marc Gasol,MEM,True,2-pointer,9,8-8,'MEM',tied
1287,1287,1287,200911200PHI,24.0,5.0,1st quarter,4:29.0,Marc Gasol,MEM,True,2-pointer,0,18-18,'MEM',tied
1291,1291,1291,200911200PHI,32.6,8.1,1st quarter,3:00.0,Marc Gasol,MEM,False,2-pointer,9,22-20,'MEM',leads
1294,1294,1294,200911200PHI,9.4,14.1,1st quarter,1:26.0,Marc Gasol,MEM,True,2-pointer,17,26-22,'MEM',leads
1304,1304,1304,200911200PHI,24.1,14.9,2nd quarter,7:24.0,Marc Gasol,MEM,True,2-pointer,10,36-35,'MEM',leads
1311,1311,1311,200911200PHI,24.0,5.0,2nd quarter,2:35.0,Marc Gasol,MEM,False,2-pointer,0,45-44,'MEM',leads
1327,1327,1327,200911200PHI,24.0,5.0,3rd quarter,5:01.0,Marc Gasol,MEM,True,2-pointer,0,66-65,'MEM',leads
592,592,592,200911210MEM,24.0,5.0,1st quarter,7:31.0,Marc Gasol,MEM,True,2-pointer,0,13-7,'MEM',leads
593,593,593,200911210MEM,24.0,5.0,1st quarter,6:57.0,Marc Gasol,MEM,True,2-pointer,0,15-7,'MEM',leads
595,595,595,200911210MEM,24.0,5.0,1st quarter,6:30.0,Marc Gasol,MEM,True,2-pointer,0,17-7,'MEM',leads
600,600,600,200911210MEM,24.0,5.0,1st quarter,3:15.0,Marc Gasol,MEM,True,2-pointer,0,23-17,'MEM',leads
608,608,608,200911210MEM,24.0,5.0,2nd quarter,10:56.0,Marc Gasol,MEM,False,2-pointer,0,29-21,'MEM',leads
633,633,633,200911210MEM,24.0,5.0,3rd quarter,11:08.0,Marc Gasol,MEM,True,2-pointer,0,52-47,'MEM',leads
646,646,646,200911210MEM,10.2,11.4,3rd quarter,0:32.9,Marc Gasol,MEM,False,2-pointer,15,72-74,'MEM',trails
663,663,663,200911210MEM,24.0,5.0,4th quarter,0:28.5,Marc Gasol,MEM,True,2-pointer,0,92-98,'MEM',trails
243,243,243,200911230MEM,27.2,9.4,1st quarter,10:08.0,Marc Gasol,MEM,True,2-pointer,5,2-0,'SAC',leads
249,249,249,200911230MEM,24.0,5.0,1st quarter,5:22.0,Marc Gasol,MEM,True,2-pointer,0,15-6,'SAC',leads
252,252,252,200911230MEM,13.2,8.9,1st quarter,3:47.0,Marc Gasol,MEM,False,2-pointer,11,17-8,'SAC',leads
265,265,265,200911230MEM,24.0,5.0,2nd quarter,6:59.0,Marc Gasol,MEM,True,2-pointer,0,40-30,'SAC',leads
274,274,274,200911230MEM,28.3,10.3,2nd quarter,0:44.5,Marc Gasol,MEM,True,2-pointer,7,58-49,'SAC',leads
279,279,279,200911230MEM,24.0,5.0,3rd quarter,9:42.0,Marc Gasol,MEM,False,2-pointer,0,61-50,'SAC',leads
280,280,280,200911230MEM,24.0,5.0,3rd quarter,9:41.0,Marc Gasol,MEM,True,2-pointer,0,63-50,'SAC',leads
286,286,286,200911230MEM,10.9,13.9,3rd quarter,6:29.0,Marc Gasol,MEM,True,2-pointer,16,69-56,'SAC',leads
291,291,291,200911230MEM,24.0,5.0,3rd quarter,4:06.0,Marc Gasol,MEM,True,2-pointer,0,78-61,'SAC',leads
292,292,292,200911230MEM,23.8,20.3,3rd quarter,3:32.0,Marc Gasol,MEM,True,2-pointer,15,80-63,'SAC',leads
1359,1359,1359,200911250PHO,24.0,5.0,1st quarter,8:32.0,Marc Gasol,MEM,True,2-pointer,0,6-5,'PHO',leads
1363,1363,1363,200911250PHO,29.9,9.4,1st quarter,6:36.0,Marc Gasol,MEM,True,2-pointer,7,13-9,'PHO',leads
1367,1367,1367,200911250PHO,24.4,13.3,1st quarter,4:53.0,Marc Gasol,MEM,False,2-pointer,8,19-12,'PHO',leads
1370,1370,1370,200911250PHO,24.0,5.0,1st quarter,3:08.0,Marc Gasol,MEM,True,2-pointer,0,25-18,'PHO',leads
1371,1371,1371,200911250PHO,18.9,14.4,1st quarter,2:29.0,Marc Gasol,MEM,False,2-pointer,11,25-21,'PHO',leads
1406,1406,1406,200911250PHO,39.7,7.0,3rd quarter,8:15.0,Marc Gasol,MEM,True,2-pointer,16,59-71,'PHO',trails
1417,1417,1417,200911250PHO,15.1,5.9,3rd quarter,3:11.0,Marc Gasol,MEM,False,2-pointer,9,67-86,'PHO',trails
1428,1428,1428,200911250PHO,24.0,13.3,4th quarter,7:51.0,Marc Gasol,MEM,True,2-pointer,8,87-107,'PHO',trails
1610,1610,1610,200911270POR,33.5,9.7,1st quarter,11:39.0,Marc Gasol,MEM,True,2-pointer,11,2-0,'POR',leads
1612,1612,1612,200911270POR,24.0,5.0,1st quarter,10:07.0,Marc Gasol,MEM,True,2-pointer,0,4-5,'POR',trails
1617,1617,1617,200911270POR,24.0,5.0,1st quarter,7:54.0,Marc Gasol,MEM,True,2-pointer,0,10-11,'POR',trails
1619,1619,1619,200911270POR,17.5,5.0,1st quarter,6:06.0,Marc Gasol,MEM,False,2-pointer,7,11-15,'POR',trails
1650,1650,1650,200911270POR,24.0,5.0,3rd quarter,11:25.0,Marc Gasol,MEM,True,2-pointer,0,63-39,'POR',leads
1662,1662,1662,200911270POR,31.3,6.5,3rd quarter,3:47.0,Marc Gasol,MEM,True,2-pointer,7,75-55,'POR',leads
1664,1664,1664,200911270POR,24.0,5.0,3rd quarter,1:43.0,Marc Gasol,MEM,True,2-pointer,0,77-57,'POR',leads
1685,1685,1685,200911270POR,24.0,5.0,4th quarter,2:46.0,Marc Gasol,MEM,False,2-pointer,0,98-90,'POR',leads
341,341,341,200911290LAC,12.4,13.3,1st quarter,6:10.0,Marc Gasol,MEM,True,2-pointer,14,17-8,'MEM',leads
343,343,343,200911290LAC,12.8,4.7,1st quarter,4:59.0,Marc Gasol,MEM,True,2-pointer,11,19-10,'MEM',leads
351,351,351,200911290LAC,24.0,5.0,1st quarter,0:30.0,Marc Gasol,MEM,True,2-pointer,0,26-21,'MEM',leads
357,357,357,200911290LAC,23.3,26.1,2nd quarter,8:08.0,Marc Gasol,MEM,True,2-pointer,21,38-25,'MEM',leads
359,359,359,200911290LAC,21.9,12.2,2nd quarter,7:07.0,Marc Gasol,MEM,True,2-pointer,8,41-27,'MEM',leads
360,360,360,200911290LAC,24.0,5.0,2nd quarter,6:46.0,Marc Gasol,MEM,True,2-pointer,0,43-29,'MEM',leads
362,362,362,200911290LAC,9.3,13.3,2nd quarter,4:43.0,Marc Gasol,MEM,True,2-pointer,17,48-33,'MEM',leads
365,365,365,200911290LAC,15.9,12.1,2nd quarter,2:59.0,Marc Gasol,MEM,False,2-pointer,11,50-35,'MEM',leads
371,371,371,200911290LAC,24.0,5.0,3rd quarter,9:13.0,Marc Gasol,MEM,True,2-pointer,0,60-47,'MEM',leads
372,372,372,200911290LAC,22.1,9.4,3rd quarter,8:42.0,Marc Gasol,MEM,True,2-pointer,5,62-47,'MEM',leads
373,373,373,200911290LAC,16.5,21.0,3rd quarter,8:04.0,Marc Gasol,MEM,True,2-pointer,18,64-47,'MEM',leads
376,376,376,200911290LAC,31.0,8.6,3rd quarter,6:55.0,Marc Gasol,MEM,False,2-pointer,8,66-51,'MEM',leads
377,377,377,200911290LAC,24.0,5.0,3rd quarter,6:48.0,Marc Gasol,MEM,True,2-pointer,0,68-51,'MEM',leads
378,378,378,200911290LAC,20.5,11.3,3rd quarter,6:06.0,Marc Gasol,MEM,False,2-pointer,7,68-53,'MEM',leads
379,379,379,200911290LAC,18.6,7.6,3rd quarter,5:14.0,Marc Gasol,MEM,True,2-pointer,6,70-53,'MEM',leads
390,390,390,200911290LAC,21.1,5.7,4th quarter,10:19.0,Marc Gasol,MEM,False,2-pointer,3,83-69,'MEM',leads
398,398,398,200911290LAC,16.1,5.4,4th quarter,5:26.0,Marc Gasol,MEM,True,2-pointer,8,88-76,'MEM',leads
402,402,402,200911290LAC,21.6,10.0,4th quarter,2:09.0,Marc Gasol,MEM,False,2-pointer,6,88-86,'MEM',leads
515,515,515,200911300UTA,24.0,9.4,1st quarter,11:44.0,Marc Gasol,MEM,True,2-pointer,4,2-0,'UTA',leads
549,549,549,200911300UTA,17.3,7.0,2nd quarter,3:33.0,Marc Gasol,MEM,False,2-pointer,7,40-46,'UTA',trails
558,558,558,200911300UTA,21.9,12.2,3rd quarter,9:24.0,Marc Gasol,MEM,False,2-pointer,8,50-67,'UTA',trails
565,565,565,200911300UTA,24.6,17.1,3rd quarter,4:55.0,Marc Gasol,MEM,False,2-pointer,12,58-77,'UTA',trails
580,580,580,200911300UTA,24.2,14.1,4th quarter,6:51.0,Marc Gasol,MEM,False,2-pointer,9,82-108,'UTA',trails
643,643,643,200912020MIN,19.2,9.1,1st quarter,6:08.0,Marc Gasol,MEM,False,2-pointer,6,8-16,'MIN',trails
659,659,659,200912020MIN,24.0,5.0,2nd quarter,7:43.0,Marc Gasol,MEM,False,2-pointer,0,32-38,'MIN',trails
661,661,661,200912020MIN,36.7,17.6,2nd quarter,6:45.0,Marc Gasol,MEM,False,2-pointer,18,32-40,'MIN',trails
673,673,673,200912020MIN,24.0,5.0,3rd quarter,10:59.0,Marc Gasol,MEM,True,2-pointer,0,52-55,'MIN',trails
735,735,735,200912040MEM,12.3,6.1,1st quarter,7:37.0,Marc Gasol,MEM,False,2-pointer,12,10-9,'DAL',leads
765,765,765,200912040MEM,28.3,16.9,2nd quarter,3:22.0,Marc Gasol,MEM,False,2-pointer,13,54-44,'DAL',leads
778,778,778,200912040MEM,24.0,12.4,3rd quarter,8:35.0,Marc Gasol,MEM,False,2-pointer,7,60-53,'DAL',leads
784,784,784,200912040MEM,24.0,5.0,3rd quarter,6:25.0,Marc Gasol,MEM,True,2-pointer,0,66-56,'DAL',leads
805,805,805,200912040MEM,16.7,6.1,4th quarter,4:40.0,Marc Gasol,MEM,True,2-pointer,7,90-75,'DAL',leads
883,883,883,200912080MEM,24.0,5.0,1st quarter,8:18.0,Marc Gasol,MEM,True,2-pointer,0,10-4,'MEM',leads
884,884,884,200912080MEM,8.7,6.4,1st quarter,7:43.0,Marc Gasol,MEM,False,2-pointer,15,10-6,'MEM',leads
888,888,888,200912080MEM,24.0,5.0,1st quarter,6:04.0,Marc Gasol,MEM,False,2-pointer,0,12-10,'MEM',leads
892,892,892,200912080MEM,24.0,5.0,1st quarter,3:14.0,Marc Gasol,MEM,True,2-pointer,0,18-18,'MEM',tied
898,898,898,200912080MEM,24.0,5.0,2nd quarter,11:36.0,Marc Gasol,MEM,True,2-pointer,0,27-31,'MEM',trails
903,903,903,200912080MEM,24.0,5.0,2nd quarter,9:29.0,Marc Gasol,MEM,False,2-pointer,0,30-33,'MEM',trails
909,909,909,200912080MEM,24.0,5.0,2nd quarter,6:49.0,Marc Gasol,MEM,False,2-pointer,0,32-37,'MEM',trails
925,925,925,200912080MEM,24.0,5.0,3rd quarter,8:53.0,Marc Gasol,MEM,False,2-pointer,0,57-62,'MEM',trails
929,929,929,200912080MEM,29.9,25.5,3rd quarter,5:15.0,Marc Gasol,MEM,False,2-pointer,21,64-68,'MEM',trails
948,948,948,200912080MEM,20.2,9.2,4th quarter,4:04.0,Marc Gasol,MEM,True,2-pointer,6,94-94,'MEM',tied
949,949,949,200912080MEM,24.0,5.0,4th quarter,3:34.0,Marc Gasol,MEM,False,2-pointer,0,94-94,'MEM',tied
955,955,955,200912080MEM,23.3,11.7,1st overtime,4:40.0,Marc Gasol,MEM,True,2-pointer,7,102-100,'MEM',leads
808,808,808,200912110MEM,24.0,5.0,1st quarter,7:56.0,Marc Gasol,MEM,True,2-pointer,0,6-11,'OKC',trails
813,813,813,200912110MEM,28.2,12.4,1st quarter,5:57.0,Marc Gasol,MEM,False,2-pointer,9,8-14,'OKC',trails
815,815,815,200912110MEM,24.0,5.0,1st quarter,5:18.0,Marc Gasol,MEM,True,2-pointer,0,10-16,'OKC',trails
818,818,818,200912110MEM,24.0,5.0,1st quarter,3:20.0,Marc Gasol,MEM,True,2-pointer,0,12-22,'OKC',trails
826,826,826,200912110MEM,24.0,5.0,2nd quarter,9:45.0,Marc Gasol,MEM,True,2-pointer,0,22-35,'OKC',trails
828,828,828,200912110MEM,24.0,5.0,2nd quarter,8:06.0,Marc Gasol,MEM,True,2-pointer,0,26-38,'OKC',trails
856,856,856,200912110MEM,23.3,15.7,3rd quarter,5:01.0,Marc Gasol,MEM,False,2-pointer,11,55-64,'OKC',trails
873,873,873,200912110MEM,24.0,5.0,4th quarter,6:59.0,Marc Gasol,MEM,False,2-pointer,0,73-78,'OKC',trails
881,881,881,200912110MEM,24.0,5.0,4th quarter,2:58.0,Marc Gasol,MEM,True,2-pointer,0,81-90,'OKC',trails
340,340,340,200912130MIA,32.4,5.9,1st quarter,10:59.0,Marc Gasol,MEM,True,2-pointer,8,4-4,'MIA',tied
368,368,368,200912130MIA,24.0,5.0,2nd quarter,7:33.0,Marc Gasol,MEM,True,2-pointer,0,48-33,'MIA',leads
373,373,373,200912130MIA,14.8,7.8,2nd quarter,4:30.0,Marc Gasol,MEM,True,2-pointer,10,54-42,'MIA',leads
374,374,374,200912130MIA,24.0,5.0,2nd quarter,4:04.0,Marc Gasol,MEM,True,2-pointer,0,56-42,'MIA',leads
383,383,383,200912130MIA,22.9,7.2,2nd quarter,0:01.9,Marc Gasol,MEM,True,2-pointer,2,62-49,'MIA',leads
384,384,384,200912130MIA,25.0,14.4,3rd quarter,11:42.0,Marc Gasol,MEM,True,2-pointer,9,64-49,'MIA',leads
397,397,397,200912130MIA,35.9,13.0,3rd quarter,4:09.0,Marc Gasol,MEM,True,2-pointer,14,82-61,'MIA',leads
566,566,566,200912140MEM,24.0,5.0,1st quarter,10:02.0,Marc Gasol,MEM,False,2-pointer,0,4-6,'BOS',trails
569,569,569,200912140MEM,24.0,5.0,1st quarter,8:18.0,Marc Gasol,MEM,True,2-pointer,0,10-9,'BOS',leads
572,572,572,200912140MEM,24.0,5.0,1st quarter,6:53.0,Marc Gasol,MEM,True,2-pointer,0,14-16,'BOS',trails
592,592,592,200912140MEM,32.0,17.4,2nd quarter,6:49.0,Marc Gasol,MEM,False,2-pointer,15,40-39,'BOS',leads
596,596,596,200912140MEM,24.0,5.0,2nd quarter,4:03.0,Marc Gasol,MEM,False,2-pointer,0,45-45,'BOS',tied
597,597,597,200912140MEM,18.1,25.3,2nd quarter,3:59.0,Marc Gasol,MEM,False,2-pointer,21,45-45,'BOS',tied
604,604,604,200912140MEM,25.5,10.0,3rd quarter,11:40.0,Marc Gasol,MEM,True,2-pointer,5,57-54,'BOS',leads
605,605,605,200912140MEM,24.0,5.0,3rd quarter,11:07.0,Marc Gasol,MEM,False,2-pointer,0,57-56,'BOS',leads
606,606,606,200912140MEM,24.0,5.0,3rd quarter,11:05.0,Marc Gasol,MEM,True,2-pointer,0,59-56,'BOS',leads
619,619,619,200912140MEM,24.0,5.0,3rd quarter,3:44.0,Marc Gasol,MEM,True,2-pointer,0,77-77,'BOS',tied
625,625,625,200912140MEM,24.6,10.6,3rd quarter,0:58.7,Marc Gasol,MEM,True,2-pointer,6,79-82,'BOS',trails
640,640,640,200912140MEM,28.3,20.9,4th quarter,3:20.0,Marc Gasol,MEM,False,2-pointer,16,95-101,'BOS',trails
4,4,4,200912160ATL,24.0,12.8,1st quarter,9:37.0,Marc Gasol,MEM,True,2-pointer,8,4-2,'MEM',leads
14,14,14,200912160ATL,24.0,5.0,1st quarter,3:08.0,Marc Gasol,MEM,True,2-pointer,0,17-14,'MEM',leads
17,17,17,200912160ATL,24.0,5.0,1st quarter,2:09.0,Marc Gasol,MEM,True,2-pointer,0,19-17,'MEM',leads
28,28,28,200912160ATL,24.0,5.0,2nd quarter,6:48.0,Marc Gasol,MEM,True,2-pointer,0,28-35,'MEM',trails
44,44,44,200912160ATL,27.4,9.2,3rd quarter,9:43.0,Marc Gasol,MEM,False,2-pointer,5,48-56,'MEM',trails
46,46,46,200912160ATL,18.0,6.2,3rd quarter,8:28.0,Marc Gasol,MEM,True,2-pointer,6,52-59,'MEM',trails
49,49,49,200912160ATL,24.0,5.0,3rd quarter,6:57.0,Marc Gasol,MEM,True,2-pointer,0,56-61,'MEM',trails
922,922,922,200912180MEM,29.3,11.3,1st quarter,10:58.0,Marc Gasol,MEM,False,2-pointer,8,4-2,'IND',leads
932,932,932,200912180MEM,18.0,6.4,1st quarter,6:34.0,Marc Gasol,MEM,False,2-pointer,6,17-8,'IND',leads
934,934,934,200912180MEM,24.2,9.2,1st quarter,5:43.0,Marc Gasol,MEM,False,2-pointer,4,20-10,'IND',leads
957,957,957,200912180MEM,24.0,5.0,2nd quarter,2:56.0,Marc Gasol,MEM,True,2-pointer,0,45-50,'IND',trails
973,973,973,200912180MEM,24.0,5.0,3rd quarter,7:40.0,Marc Gasol,MEM,True,2-pointer,0,65-59,'IND',leads
975,975,975,200912180MEM,13.2,13.9,3rd quarter,6:09.0,Marc Gasol,MEM,True,2-pointer,14,73-61,'IND',leads
978,978,978,200912180MEM,24.0,5.0,3rd quarter,4:10.0,Marc Gasol,MEM,True,2-pointer,0,79-61,'IND',leads
980,980,980,200912180MEM,24.0,5.0,3rd quarter,3:07.0,Marc Gasol,MEM,False,2-pointer,0,79-63,'IND',leads
981,981,981,200912180MEM,24.0,5.0,3rd quarter,2:42.0,Marc Gasol,MEM,True,2-pointer,0,81-66,'IND',leads
982,982,982,200912180MEM,18.1,9.1,3rd quarter,1:55.0,Marc Gasol,MEM,False,2-pointer,7,81-68,'IND',leads
1004,1004,1004,200912180MEM,18.8,9.2,4th quarter,2:08.0,Marc Gasol,MEM,False,2-pointer,7,103-90,'IND',leads
1005,1005,1005,200912180MEM,24.0,5.0,4th quarter,2:06.0,Marc Gasol,MEM,True,2-pointer,0,105-90,'IND',leads
577,577,577,200912200MEM,24.0,5.0,1st quarter,9:41.0,Marc Gasol,MEM,True,2-pointer,0,8-5,'DEN',leads
578,578,578,200912200MEM,37.8,8.4,1st quarter,9:17.0,Marc Gasol,MEM,False,2-pointer,14,8-5,'DEN',leads
580,580,580,200912200MEM,24.0,5.0,1st quarter,8:27.0,Marc Gasol,MEM,True,2-pointer,0,10-7,'DEN',leads
613,613,613,200912200MEM,24.0,5.0,2nd quarter,2:34.0,Marc Gasol,MEM,True,2-pointer,0,55-37,'DEN',leads
625,625,625,200912200MEM,24.0,5.0,3rd quarter,8:45.0,Marc Gasol,MEM,True,2-pointer,0,65-50,'DEN',leads
632,632,632,200912200MEM,19.9,8.4,3rd quarter,5:09.0,Marc Gasol,MEM,False,2-pointer,5,69-56,'DEN',leads
636,636,636,200912200MEM,24.0,5.0,3rd quarter,2:14.0,Marc Gasol,MEM,True,2-pointer,0,74-67,'DEN',leads
644,644,644,200912200MEM,27.2,13.3,4th quarter,8:34.0,Marc Gasol,MEM,True,2-pointer,9,84-77,'DEN',leads
653,653,653,200912200MEM,24.2,9.7,4th quarter,4:23.0,Marc Gasol,MEM,False,2-pointer,5,88-86,'DEN',leads
874,874,874,200912220MEM,24.0,5.0,1st quarter,11:04.0,Marc Gasol,MEM,False,2-pointer,0,3-2,'MEM',leads
875,875,875,200912220MEM,24.0,5.0,1st quarter,11:02.0,Marc Gasol,MEM,False,2-pointer,0,3-2,'MEM',leads
878,878,878,200912220MEM,24.0,5.0,1st quarter,9:34.0,Marc Gasol,MEM,True,2-pointer,0,5-8,'MEM',trails
879,879,879,200912220MEM,24.0,5.0,1st quarter,9:05.0,Marc Gasol,MEM,False,2-pointer,0,5-10,'MEM',trails
885,885,885,200912220MEM,24.0,5.0,1st quarter,6:06.0,Marc Gasol,MEM,True,2-pointer,0,17-20,'MEM',trails
886,886,886,200912220MEM,24.1,12.5,1st quarter,5:30.0,Marc Gasol,MEM,True,2-pointer,8,19-22,'MEM',trails
887,887,887,200912220MEM,25.7,10.0,1st quarter,4:48.0,Marc Gasol,MEM,False,2-pointer,5,19-22,'MEM',trails
908,908,908,200912220MEM,27.9,10.8,2nd quarter,5:45.0,Marc Gasol,MEM,False,2-pointer,7,48-51,'MEM',trails
909,909,909,200912220MEM,24.0,5.0,2nd quarter,5:21.0,Marc Gasol,MEM,True,2-pointer,0,50-51,'MEM',trails
916,916,916,200912220MEM,30.9,8.7,2nd quarter,1:43.0,Marc Gasol,MEM,True,2-pointer,8,62-54,'MEM',leads
931,931,931,200912220MEM,24.0,5.0,3rd quarter,6:29.0,Marc Gasol,MEM,False,2-pointer,0,79-69,'MEM',leads
934,934,934,200912220MEM,24.0,5.0,3rd quarter,5:22.0,Marc Gasol,MEM,True,2-pointer,0,83-71,'MEM',leads
937,937,937,200912220MEM,24.0,5.0,3rd quarter,3:12.0,Marc Gasol,MEM,True,2-pointer,0,87-78,'MEM',leads
941,941,941,200912220MEM,19.1,8.0,3rd quarter,1:00.0,Marc Gasol,MEM,True,2-pointer,6,94-79,'MEM',leads
950,950,950,200912220MEM,12.9,11.4,4th quarter,7:44.0,Marc Gasol,MEM,False,2-pointer,13,101-85,'MEM',leads
963,963,963,200912220MEM,24.0,5.0,4th quarter,0:52.8,Marc Gasol,MEM,True,2-pointer,0,119-103,'MEM',leads
964,964,964,200912220MEM,15.1,8.6,4th quarter,0:25.6,Marc Gasol,MEM,True,2-pointer,10,121-105,'MEM',leads
173,173,173,200912260DAL,24.0,5.0,1st quarter,10:02.0,Marc Gasol,MEM,True,2-pointer,0,4-2,'DAL',leads
174,174,174,200912260DAL,18.0,8.0,1st quarter,9:27.0,Marc Gasol,MEM,True,2-pointer,7,6-4,'DAL',leads
183,183,183,200912260DAL,24.0,5.0,1st quarter,5:14.0,Marc Gasol,MEM,False,2-pointer,0,12-18,'DAL',trails
211,211,211,200912260DAL,24.0,5.0,2nd quarter,4:18.0,Marc Gasol,MEM,False,2-pointer,0,48-43,'DAL',leads
212,212,212,200912260DAL,24.0,5.0,2nd quarter,4:17.0,Marc Gasol,MEM,False,2-pointer,0,48-43,'DAL',leads
216,216,216,200912260DAL,24.0,5.0,3rd quarter,11:35.0,Marc Gasol,MEM,True,2-pointer,0,57-53,'DAL',leads
228,228,228,200912260DAL,24.0,5.0,3rd quarter,3:52.0,Marc Gasol,MEM,True,2-pointer,0,68-73,'DAL',trails
229,229,229,200912260DAL,24.0,5.0,3rd quarter,3:12.0,Marc Gasol,MEM,True,2-pointer,0,70-75,'DAL',trails
233,233,233,200912260DAL,24.0,5.0,3rd quarter,0:37.9,Marc Gasol,MEM,False,2-pointer,0,73-78,'DAL',trails
236,236,236,200912260DAL,25.3,11.0,4th quarter,11:39.0,Marc Gasol,MEM,False,2-pointer,6,77-79,'DAL',trails
420,420,420,200912280MEM,21.0,13.5,1st quarter,9:57.0,Marc Gasol,MEM,False,2-pointer,9,4-4,'MEM',tied
426,426,426,200912280MEM,24.0,5.0,1st quarter,7:56.0,Marc Gasol,MEM,True,2-pointer,0,9-8,'MEM',leads
429,429,429,200912280MEM,28.7,12.1,1st quarter,5:10.0,Marc Gasol,MEM,True,2-pointer,9,15-13,'MEM',leads
448,448,448,200912280MEM,24.0,5.0,2nd quarter,5:26.0,Marc Gasol,MEM,True,2-pointer,0,39-35,'MEM',leads
453,453,453,200912280MEM,19.5,8.9,2nd quarter,2:57.0,Marc Gasol,MEM,True,2-pointer,6,41-41,'MEM',tied
454,454,454,200912280MEM,29.6,24.4,2nd quarter,2:34.0,Marc Gasol,MEM,False,2-pointer,20,41-43,'MEM',trails
458,458,458,200912280MEM,24.0,5.0,2nd quarter,0:32.9,Marc Gasol,MEM,True,2-pointer,0,48-51,'MEM',trails
476,476,476,200912280MEM,24.0,5.0,3rd quarter,2:09.0,Marc Gasol,MEM,True,2-pointer,0,79-73,'MEM',leads
483,483,483,200912280MEM,24.4,9.8,4th quarter,9:53.0,Marc Gasol,MEM,True,2-pointer,5,87-82,'MEM',leads
489,489,489,200912280MEM,24.0,5.0,4th quarter,6:21.0,Marc Gasol,MEM,True,2-pointer,0,94-84,'MEM',leads
492,492,492,200912280MEM,25.0,13.5,4th quarter,5:34.0,Marc Gasol,MEM,False,2-pointer,9,94-86,'MEM',leads
502,502,502,200912280MEM,24.0,5.0,1st overtime,4:04.0,Marc Gasol,MEM,False,2-pointer,0,104-104,'MEM',tied
161,161,161,200912300IND,24.0,6.4,1st quarter,10:30.0,Marc Gasol,MEM,True,2-pointer,1,3-2,'IND',leads
176,176,176,200912300IND,23.6,5.3,1st quarter,2:39.0,Marc Gasol,MEM,True,2-pointer,1,31-18,'IND',leads
182,182,182,200912300IND,25.8,23.3,2nd quarter,11:06.0,Marc Gasol,MEM,False,2-pointer,18,35-29,'IND',leads
188,188,188,200912300IND,24.0,5.0,2nd quarter,8:49.0,Marc Gasol,MEM,True,2-pointer,0,44-31,'IND',leads
190,190,190,200912300IND,22.5,10.8,2nd quarter,7:31.0,Marc Gasol,MEM,True,2-pointer,6,49-33,'IND',leads
206,206,206,200912300IND,24.7,3.9,3rd quarter,10:51.0,Marc Gasol,MEM,True,2-pointer,1,70-53,'IND',leads
215,215,215,200912300IND,13.4,17.6,3rd quarter,5:44.0,Marc Gasol,MEM,True,2-pointer,16,84-63,'IND',leads
216,216,216,200912300IND,15.4,5.7,3rd quarter,4:54.0,Marc Gasol,MEM,False,2-pointer,9,84-65,'IND',leads
227,227,227,200912300IND,37.6,2.6,4th quarter,8:51.0,Marc Gasol,MEM,False,2-pointer,14,103-85,'IND',leads
1152,1152,1152,201001020PHO,24.0,5.0,1st quarter,11:06.0,Marc Gasol,MEM,True,2-pointer,0,2-0,'PHO',leads
1155,1155,1155,201001020PHO,24.0,5.0,1st quarter,9:32.0,Marc Gasol,MEM,True,2-pointer,0,7-2,'PHO',leads
1163,1163,1163,201001020PHO,34.0,21.2,1st quarter,5:03.0,Marc Gasol,MEM,True,2-pointer,19,20-10,'PHO',leads
1166,1166,1166,201001020PHO,24.0,5.0,1st quarter,3:42.0,Marc Gasol,MEM,False,2-pointer,0,22-14,'PHO',leads
1167,1167,1167,201001020PHO,24.0,5.0,1st quarter,3:40.0,Marc Gasol,MEM,True,2-pointer,0,24-14,'PHO',leads
1191,1191,1191,201001020PHO,22.7,14.3,2nd quarter,3:55.0,Marc Gasol,MEM,True,2-pointer,9,58-39,'PHO',leads
1201,1201,1201,201001020PHO,24.0,5.0,3rd quarter,10:05.0,Marc Gasol,MEM,True,2-pointer,0,79-54,'PHO',leads
1203,1203,1203,201001020PHO,20.0,13.8,3rd quarter,9:00.0,Marc Gasol,MEM,False,2-pointer,10,81-58,'PHO',leads
1206,1206,1206,201001020PHO,6.9,13.6,3rd quarter,7:32.0,Marc Gasol,MEM,True,2-pointer,19,85-60,'PHO',leads
1209,1209,1209,201001020PHO,24.0,5.0,3rd quarter,6:36.0,Marc Gasol,MEM,True,2-pointer,0,87-62,'PHO',leads
1129,1129,1129,201001050POR,24.0,5.0,1st quarter,10:02.0,Marc Gasol,MEM,True,2-pointer,0,5-4,'POR',leads
1133,1133,1133,201001050POR,13.7,5.0,1st quarter,7:20.0,Marc Gasol,MEM,False,2-pointer,10,8-8,'POR',tied
1136,1136,1136,201001050POR,24.0,5.0,1st quarter,5:22.0,Marc Gasol,MEM,True,2-pointer,0,14-11,'POR',leads
1144,1144,1144,201001050POR,25.2,7.6,2nd quarter,11:27.0,Marc Gasol,MEM,False,2-pointer,3,24-25,'POR',trails
1150,1150,1150,201001050POR,21.7,21.5,2nd quarter,8:47.0,Marc Gasol,MEM,False,2-pointer,17,30-35,'POR',trails
1171,1171,1171,201001050POR,24.0,5.0,3rd quarter,8:56.0,Marc Gasol,MEM,True,2-pointer,0,61-66,'POR',trails
1181,1181,1181,201001050POR,24.0,5.0,3rd quarter,4:55.0,Marc Gasol,MEM,True,2-pointer,0,71-73,'POR',trails
1183,1183,1183,201001050POR,23.8,8.3,3rd quarter,3:55.0,Marc Gasol,MEM,True,2-pointer,3,78-73,'POR',leads
1190,1190,1190,201001050POR,24.0,5.0,3rd quarter,0:28.9,Marc Gasol,MEM,True,2-pointer,0,87-79,'POR',leads
1458,1458,1458,201001060UTA,23.5,9.5,1st quarter,4:09.0,Marc Gasol,MEM,True,2-pointer,5,20-18,'UTA',leads
1460,1460,1460,201001060UTA,24.0,5.0,1st quarter,3:10.0,Marc Gasol,MEM,True,2-pointer,0,24-18,'UTA',leads
1477,1477,1477,201001060UTA,10.9,18.5,2nd quarter,5:30.0,Marc Gasol,MEM,False,2-pointer,19,35-41,'UTA',trails
1491,1491,1491,201001060UTA,33.9,5.6,3rd quarter,10:12.0,Marc Gasol,MEM,False,2-pointer,10,50-68,'UTA',trails
555,555,555,201001080MEM,24.0,5.0,1st quarter,9:00.0,Marc Gasol,MEM,True,2-pointer,0,8-4,'UTA',leads
565,565,565,201001080MEM,23.6,14.9,1st quarter,3:00.0,Marc Gasol,MEM,False,2-pointer,10,22-12,'UTA',leads
572,572,572,201001080MEM,31.7,6.9,2nd quarter,9:57.0,Marc Gasol,MEM,True,2-pointer,8,35-18,'UTA',leads
584,584,584,201001080MEM,29.4,14.9,2nd quarter,1:16.0,Marc Gasol,MEM,False,2-pointer,11,45-35,'UTA',leads
609,609,609,201001080MEM,24.0,11.3,4th quarter,6:04.0,Marc Gasol,MEM,True,2-pointer,6,81-77,'UTA',leads
21,21,21,201001090CHA,24.0,5.0,1st quarter,0:12.9,Marc Gasol,MEM,False,2-pointer,0,21-25,'CHA',trails
23,23,23,201001090CHA,24.0,5.0,2nd quarter,10:08.0,Marc Gasol,MEM,True,2-pointer,0,27-29,'CHA',trails
28,28,28,201001090CHA,28.2,7.2,2nd quarter,7:46.0,Marc Gasol,MEM,False,2-pointer,5,33-29,'CHA',leads
30,30,30,201001090CHA,24.9,22.6,2nd quarter,6:01.0,Marc Gasol,MEM,False,2-pointer,18,38-31,'CHA',leads
41,41,41,201001090CHA,24.0,5.0,2nd quarter,1:06.0,Marc Gasol,MEM,False,2-pointer,0,48-38,'CHA',leads
42,42,42,201001090CHA,24.0,5.0,2nd quarter,0:49.9,Marc Gasol,MEM,False,2-pointer,0,48-38,'CHA',leads
47,47,47,201001090CHA,24.0,5.0,3rd quarter,10:11.0,Marc Gasol,MEM,False,2-pointer,0,54-46,'CHA',leads
53,53,53,201001090CHA,14.0,8.6,3rd quarter,5:48.0,Marc Gasol,MEM,False,2-pointer,11,61-53,'CHA',leads
72,72,72,201001090CHA,11.0,9.8,4th quarter,6:44.0,Marc Gasol,MEM,False,2-pointer,14,78-72,'CHA',leads
77,77,77,201001090CHA,24.0,5.0,4th quarter,4:04.0,Marc Gasol,MEM,True,2-pointer,0,80-83,'CHA',trails
79,79,79,201001090CHA,24.0,5.0,4th quarter,3:00.0,Marc Gasol,MEM,True,2-pointer,0,84-83,'CHA',leads
239,239,239,201001120MEM,29.9,10.0,1st quarter,11:45.0,Marc Gasol,MEM,False,2-pointer,8,0-0,'MEM',tied
247,247,247,201001120MEM,24.2,16.0,1st quarter,7:25.0,Marc Gasol,MEM,True,2-pointer,11,9-15,'MEM',trails
250,250,250,201001120MEM,13.1,6.5,1st quarter,5:51.0,Marc Gasol,MEM,True,2-pointer,11,11-17,'MEM',trails
253,253,253,201001120MEM,29.9,12.8,1st quarter,4:59.0,Marc Gasol,MEM,True,2-pointer,10,13-19,'MEM',trails
254,254,254,201001120MEM,12.9,11.1,1st quarter,3:16.0,Marc Gasol,MEM,True,2-pointer,13,17-27,'MEM',trails
275,275,275,201001120MEM,24.0,5.0,2nd quarter,3:13.0,Marc Gasol,MEM,True,2-pointer,0,45-61,'MEM',trails
284,284,284,201001120MEM,24.7,13.4,3rd quarter,9:26.0,Marc Gasol,MEM,True,2-pointer,8,58-71,'MEM',trails
286,286,286,201001120MEM,24.0,5.0,3rd quarter,8:43.0,Marc Gasol,MEM,True,2-pointer,0,61-73,'MEM',trails
293,293,293,201001120MEM,23.2,13.2,3rd quarter,3:25.0,Marc Gasol,MEM,False,2-pointer,8,72-81,'MEM',trails
301,301,301,201001120MEM,24.0,5.0,4th quarter,10:10.0,Marc Gasol,MEM,True,2-pointer,0,84-90,'MEM',trails
305,305,305,201001120MEM,26.1,21.4,4th quarter,8:05.0,Marc Gasol,MEM,True,2-pointer,17,88-92,'MEM',trails
313,313,313,201001120MEM,24.0,5.0,4th quarter,2:39.0,Marc Gasol,MEM,True,2-pointer,0,100-100,'MEM',tied
314,314,314,201001120MEM,23.3,11.7,4th quarter,1:55.0,Marc Gasol,MEM,False,2-pointer,7,100-100,'MEM',tied
317,317,317,201001120MEM,24.0,5.0,4th quarter,0:33.9,Marc Gasol,MEM,False,2-pointer,0,104-102,'MEM',leads
1427,1427,1427,201001150MEM,17.6,8.0,1st quarter,5:15.0,Marc Gasol,MEM,False,2-pointer,7,19-11,'MEM',leads
1445,1445,1445,201001150MEM,24.0,5.0,2nd quarter,5:34.0,Marc Gasol,MEM,True,2-pointer,0,48-46,'MEM',leads
1450,1450,1450,201001150MEM,24.0,5.0,2nd quarter,2:42.0,Marc Gasol,MEM,True,2-pointer,0,56-52,'MEM',leads
1452,1452,1452,201001150MEM,29.9,15.4,2nd quarter,1:49.0,Marc Gasol,MEM,True,2-pointer,12,60-57,'MEM',leads
1456,1456,1456,201001150MEM,24.0,5.0,2nd quarter,0:29.1,Marc Gasol,MEM,True,2-pointer,0,66-59,'MEM',leads
1466,1466,1466,201001150MEM,17.6,9.5,3rd quarter,7:27.0,Marc Gasol,MEM,True,2-pointer,8,83-67,'MEM',leads
1468,1468,1468,201001150MEM,24.0,5.0,3rd quarter,6:21.0,Marc Gasol,MEM,True,2-pointer,0,86-69,'MEM',leads
751,751,751,201001160MEM,26.6,9.4,1st quarter,6:27.0,Marc Gasol,MEM,True,2-pointer,5,11-18,'SAS',trails
757,757,757,201001160MEM,30.1,11.0,1st quarter,3:25.0,Marc Gasol,MEM,False,2-pointer,9,18-20,'SAS',trails
759,759,759,201001160MEM,24.0,5.0,1st quarter,2:59.0,Marc Gasol,MEM,True,2-pointer,0,20-20,'SAS',tied
765,765,765,201001160MEM,20.3,24.0,2nd quarter,10:19.0,Marc Gasol,MEM,False,2-pointer,19,26-30,'SAS',trails
779,779,779,201001160MEM,24.0,5.0,2nd quarter,3:51.0,Marc Gasol,MEM,False,2-pointer,0,44-35,'SAS',leads
781,781,781,201001160MEM,24.9,10.8,2nd quarter,2:22.0,Marc Gasol,MEM,True,2-pointer,6,46-39,'SAS',leads
789,789,789,201001160MEM,24.0,5.0,3rd quarter,10:42.0,Marc Gasol,MEM,False,2-pointer,0,54-42,'SAS',leads
801,801,801,201001160MEM,24.0,5.0,3rd quarter,3:39.0,Marc Gasol,MEM,True,2-pointer,0,69-56,'SAS',leads
1279,1279,1279,201001180MEM,24.0,5.0,1st quarter,6:42.0,Marc Gasol,MEM,False,2-pointer,0,11-14,'PHO',trails
1280,1280,1280,201001180MEM,17.6,8.1,1st quarter,6:23.0,Marc Gasol,MEM,False,2-pointer,7,11-14,'PHO',trails
1283,1283,1283,201001180MEM,24.0,5.0,1st quarter,4:49.0,Marc Gasol,MEM,False,2-pointer,0,15-14,'PHO',leads
1284,1284,1284,201001180MEM,20.6,14.1,1st quarter,3:54.0,Marc Gasol,MEM,False,2-pointer,10,17-16,'PHO',leads
1314,1314,1314,201001180MEM,29.1,11.6,3rd quarter,11:27.0,Marc Gasol,MEM,True,2-pointer,8,60-58,'PHO',leads
1321,1321,1321,201001180MEM,24.0,5.0,3rd quarter,8:02.0,Marc Gasol,MEM,True,2-pointer,0,69-64,'PHO',leads
1323,1323,1323,201001180MEM,19.2,8.9,3rd quarter,6:38.0,Marc Gasol,MEM,True,2-pointer,6,73-69,'PHO',leads
1344,1344,1344,201001180MEM,24.0,5.0,4th quarter,6:18.0,Marc Gasol,MEM,True,2-pointer,0,105-96,'PHO',leads
1348,1348,1348,201001180MEM,24.0,5.0,4th quarter,4:39.0,Marc Gasol,MEM,False,2-pointer,0,109-100,'PHO',leads
1353,1353,1353,201001180MEM,24.0,5.0,4th quarter,2:22.0,Marc Gasol,MEM,True,2-pointer,0,116-105,'PHO',leads
1154,1154,1154,201001200NOH,24.0,5.0,1st quarter,11:21.0,Marc Gasol,MEM,True,2-pointer,0,2-0,'NOH',leads
1156,1156,1156,201001200NOH,28.2,11.7,1st quarter,9:42.0,Marc Gasol,MEM,False,2-pointer,8,4-7,'NOH',trails
1160,1160,1160,201001200NOH,31.7,14.4,1st quarter,8:28.0,Marc Gasol,MEM,False,2-pointer,12,4-12,'NOH',trails
1163,1163,1163,201001200NOH,24.0,5.0,1st quarter,7:41.0,Marc Gasol,MEM,True,2-pointer,0,10-14,'NOH',trails
1165,1165,1165,201001200NOH,30.4,11.9,1st quarter,6:10.0,Marc Gasol,MEM,False,2-pointer,9,12-14,'NOH',trails
1184,1184,1184,201001200NOH,25.2,14.6,2nd quarter,6:12.0,Marc Gasol,MEM,True,2-pointer,10,36-47,'NOH',trails
1185,1185,1185,201001200NOH,30.4,22.2,2nd quarter,5:40.0,Marc Gasol,MEM,True,2-pointer,18,39-49,'NOH',trails
1187,1187,1187,201001200NOH,24.0,5.0,2nd quarter,4:22.0,Marc Gasol,MEM,True,2-pointer,0,43-51,'NOH',trails
1195,1195,1195,201001200NOH,24.0,5.0,3rd quarter,11:51.0,Marc Gasol,MEM,False,2-pointer,0,54-64,'NOH',trails
1210,1210,1210,201001200NOH,24.0,5.0,3rd quarter,5:11.0,Marc Gasol,MEM,False,2-pointer,0,74-72,'NOH',leads
1215,1215,1215,201001200NOH,24.0,5.0,3rd quarter,2:14.0,Marc Gasol,MEM,True,2-pointer,0,85-76,'NOH',leads
1217,1217,1217,201001200NOH,16.4,8.1,3rd quarter,1:07.0,Marc Gasol,MEM,False,2-pointer,8,85-78,'NOH',leads
1233,1233,1233,201001200NOH,26.6,12.2,4th quarter,3:08.0,Marc Gasol,MEM,False,2-pointer,8,102-101,'NOH',leads
704,704,704,201001220MEM,24.0,5.0,1st quarter,9:28.0,Marc Gasol,MEM,True,2-pointer,0,4-4,'OKC',tied
707,707,707,201001220MEM,24.0,5.0,1st quarter,6:39.0,Marc Gasol,MEM,False,2-pointer,0,12-7,'OKC',leads
712,712,712,201001220MEM,24.0,5.0,1st quarter,4:47.0,Marc Gasol,MEM,False,2-pointer,0,16-11,'OKC',leads
728,728,728,201001220MEM,24.0,5.0,2nd quarter,9:12.0,Marc Gasol,MEM,True,2-pointer,0,36-24,'OKC',leads
730,730,730,201001220MEM,26.6,10.6,2nd quarter,8:07.0,Marc Gasol,MEM,True,2-pointer,6,40-26,'OKC',leads
734,734,734,201001220MEM,28.7,11.9,2nd quarter,4:10.0,Marc Gasol,MEM,False,2-pointer,8,46-36,'OKC',leads
748,748,748,201001220MEM,27.4,21.2,3rd quarter,8:16.0,Marc Gasol,MEM,False,2-pointer,17,56-59,'OKC',trails
762,762,762,201001220MEM,20.2,12.1,4th quarter,7:07.0,Marc Gasol,MEM,True,2-pointer,8,77-75,'OKC',leads
545,545,545,201001250MEM,38.1,10.5,1st quarter,10:17.0,Marc Gasol,MEM,False,2-pointer,15,2-2,'ORL',tied
546,546,546,201001250MEM,24.0,5.0,1st quarter,9:29.0,Marc Gasol,MEM,False,2-pointer,0,2-2,'ORL',tied
564,564,564,201001250MEM,24.0,5.0,1st quarter,1:36.0,Marc Gasol,MEM,True,2-pointer,0,20-20,'ORL',tied
577,577,577,201001250MEM,22.2,14.1,2nd quarter,4:21.0,Marc Gasol,MEM,True,2-pointer,9,41-46,'ORL',trails
580,580,580,201001250MEM,24.0,5.0,2nd quarter,2:42.0,Marc Gasol,MEM,True,2-pointer,0,45-46,'ORL',trails
611,611,611,201001250MEM,21.9,8.9,4th quarter,9:12.0,Marc Gasol,MEM,True,2-pointer,4,81-84,'ORL',trails
617,617,617,201001250MEM,23.5,13.9,4th quarter,3:16.0,Marc Gasol,MEM,False,2-pointer,9,90-87,'ORL',leads
623,623,623,201001250MEM,24.0,5.0,4th quarter,0:21.4,Marc Gasol,MEM,True,2-pointer,0,98-94,'ORL',leads
173,173,173,201001270DET,19.5,10.2,1st quarter,6:48.0,Marc Gasol,MEM,True,2-pointer,7,14-11,'DET',leads
177,177,177,201001270DET,24.0,5.0,1st quarter,5:36.0,Marc Gasol,MEM,True,2-pointer,0,18-13,'DET',leads
185,185,185,201001270DET,24.0,5.0,1st quarter,1:16.0,Marc Gasol,MEM,True,2-pointer,0,24-19,'DET',leads
191,191,191,201001270DET,29.6,6.9,2nd quarter,10:39.0,Marc Gasol,MEM,False,2-pointer,6,29-23,'DET',leads
198,198,198,201001270DET,24.0,5.0,2nd quarter,6:13.0,Marc Gasol,MEM,True,2-pointer,0,39-30,'DET',leads
205,205,205,201001270DET,16.9,5.7,2nd quarter,2:43.0,Marc Gasol,MEM,False,2-pointer,7,45-40,'DET',leads
207,207,207,201001270DET,24.0,5.0,2nd quarter,2:09.0,Marc Gasol,MEM,True,2-pointer,0,49-42,'DET',leads
210,210,210,201001270DET,24.0,5.0,2nd quarter,0:29.2,Marc Gasol,MEM,True,2-pointer,0,53-50,'DET',leads
213,213,213,201001270DET,24.0,5.0,3rd quarter,10:41.0,Marc Gasol,MEM,True,2-pointer,0,58-52,'DET',leads
217,217,217,201001270DET,6.6,8.1,3rd quarter,8:40.0,Marc Gasol,MEM,False,2-pointer,18,61-56,'DET',leads
224,224,224,201001270DET,28.0,7.3,3rd quarter,3:14.0,Marc Gasol,MEM,False,2-pointer,5,71-64,'DET',leads
238,238,238,201001270DET,24.0,5.0,4th quarter,6:42.0,Marc Gasol,MEM,False,2-pointer,0,85-85,'DET',tied
243,243,243,201001270DET,25.0,11.6,4th quarter,0:22.4,Marc Gasol,MEM,True,2-pointer,7,97-93,'DET',leads
1586,1586,1586,201001290SAS,24.7,6.5,1st quarter,11:42.0,Marc Gasol,MEM,True,2-pointer,2,2-0,'SAS',leads
1608,1608,1608,201001290SAS,30.1,5.3,2nd quarter,11:21.0,Marc Gasol,MEM,False,2-pointer,6,21-28,'SAS',trails
1611,1611,1611,201001290SAS,16.7,5.7,2nd quarter,9:16.0,Marc Gasol,MEM,True,2-pointer,7,25-34,'SAS',trails
1618,1618,1618,201001290SAS,29.9,8.4,2nd quarter,4:52.0,Marc Gasol,MEM,False,2-pointer,7,39-42,'SAS',trails
1630,1630,1630,201001290SAS,23.2,9.5,3rd quarter,10:26.0,Marc Gasol,MEM,False,2-pointer,5,50-58,'SAS',trails
1632,1632,1632,201001290SAS,24.0,14.6,3rd quarter,8:26.0,Marc Gasol,MEM,True,2-pointer,10,56-60,'SAS',trails
1635,1635,1635,201001290SAS,38.0,13.0,3rd quarter,5:55.0,Marc Gasol,MEM,False,2-pointer,16,60-64,'SAS',trails
1639,1639,1639,201001290SAS,18.4,8.9,3rd quarter,2:02.0,Marc Gasol,MEM,False,2-pointer,7,66-75,'SAS',trails
261,261,261,201001300MEM,24.0,5.0,1st quarter,9:37.0,Marc Gasol,MEM,True,2-pointer,0,2-6,'NOH',trails
263,263,263,201001300MEM,24.0,5.0,1st quarter,8:46.0,Marc Gasol,MEM,False,2-pointer,0,2-6,'NOH',trails
264,264,264,201001300MEM,24.0,5.0,1st quarter,8:43.0,Marc Gasol,MEM,False,2-pointer,0,2-6,'NOH',trails
266,266,266,201001300MEM,24.0,5.0,1st quarter,8:13.0,Marc Gasol,MEM,True,2-pointer,0,6-8,'NOH',trails
267,267,267,201001300MEM,18.8,7.5,1st quarter,7:48.0,Marc Gasol,MEM,True,2-pointer,6,8-8,'NOH',tied
274,274,274,201001300MEM,24.0,11.0,1st quarter,3:54.0,Marc Gasol,MEM,True,2-pointer,6,22-14,'NOH',leads
277,277,277,201001300MEM,24.0,5.0,1st quarter,2:34.0,Marc Gasol,MEM,False,2-pointer,0,24-14,'NOH',leads
302,302,302,201001300MEM,24.0,5.0,3rd quarter,11:07.0,Marc Gasol,MEM,True,2-pointer,0,63-42,'NOH',leads
303,303,303,201001300MEM,24.0,5.0,3rd quarter,10:20.0,Marc Gasol,MEM,True,2-pointer,0,65-44,'NOH',leads
317,317,317,201001300MEM,24.0,5.0,3rd quarter,2:56.0,Marc Gasol,MEM,True,2-pointer,0,77-68,'NOH',leads
318,318,318,201001300MEM,24.0,5.0,3rd quarter,2:24.0,Marc Gasol,MEM,True,2-pointer,0,79-70,'NOH',leads
327,327,327,201001300MEM,17.0,15.8,4th quarter,9:31.0,Marc Gasol,MEM,False,2-pointer,13,83-80,'NOH',leads
335,335,335,201001300MEM,24.1,13.5,4th quarter,4:53.0,Marc Gasol,MEM,True,2-pointer,9,91-89,'NOH',leads
342,342,342,201001300MEM,24.0,5.0,4th quarter,1:32.0,Marc Gasol,MEM,True,2-pointer,0,95-91,'NOH',leads
344,344,344,201001300MEM,24.0,5.0,4th quarter,0:37.9,Marc Gasol,MEM,False,2-pointer,0,97-96,'NOH',leads
357,357,357,201001300MEM,4.2,23.1,1st overtime,0:11.0,Marc Gasol,MEM,False,3-pointer,27,102-109,'NOH',trails
244,244,244,201002010MEM,14.0,6.9,1st quarter,10:10.0,Marc Gasol,MEM,False,2-pointer,10,1-5,'LAL',trails
249,249,249,201002010MEM,12.9,7.6,1st quarter,7:27.0,Marc Gasol,MEM,True,2-pointer,11,13-9,'LAL',leads
262,262,262,201002010MEM,24.0,5.0,1st quarter,1:26.0,Marc Gasol,MEM,True,2-pointer,0,22-19,'LAL',leads
307,307,307,201002010MEM,20.2,11.0,4th quarter,8:50.0,Marc Gasol,MEM,False,2-pointer,7,74-75,'LAL',trails
319,319,319,201002010MEM,24.0,5.0,4th quarter,1:49.0,Marc Gasol,MEM,False,2-pointer,0,88-88,'LAL',tied
162,162,162,201002020CLE,9.0,12.1,1st quarter,10:22.0,Marc Gasol,MEM,False,2-pointer,17,0-4,'CLE',trails
168,168,168,201002020CLE,24.0,7.2,1st quarter,7:14.0,Marc Gasol,MEM,False,2-pointer,2,6-11,'CLE',trails
179,179,179,201002020CLE,24.0,5.6,1st quarter,3:03.0,Marc Gasol,MEM,True,2-pointer,1,14-22,'CLE',trails
189,189,189,201002020CLE,8.7,8.0,2nd quarter,8:47.0,Marc Gasol,MEM,True,2-pointer,16,22-35,'CLE',trails
191,191,191,201002020CLE,24.0,5.6,2nd quarter,8:29.0,Marc Gasol,MEM,True,2-pointer,1,24-35,'CLE',trails
192,192,192,201002020CLE,39.2,7.6,2nd quarter,7:23.0,Marc Gasol,MEM,False,2-pointer,15,24-37,'CLE',trails
194,194,194,201002020CLE,28.8,11.4,2nd quarter,6:52.0,Marc Gasol,MEM,False,2-pointer,8,24-37,'CLE',trails
211,211,211,201002020CLE,23.8,6.5,3rd quarter,11:44.0,Marc Gasol,MEM,True,2-pointer,2,39-55,'CLE',trails
240,240,240,201002020CLE,25.7,6.9,4th quarter,5:50.0,Marc Gasol,MEM,False,2-pointer,3,76-96,'CLE',trails
903,903,903,201002050MEM,25.0,10.5,1st quarter,11:07.0,Marc Gasol,MEM,False,2-pointer,6,2-0,'HOU',leads
908,908,908,201002050MEM,24.0,5.0,1st quarter,8:24.0,Marc Gasol,MEM,False,2-pointer,0,12-7,'HOU',leads
911,911,911,201002050MEM,24.0,5.0,1st quarter,6:07.0,Marc Gasol,MEM,False,2-pointer,0,12-16,'HOU',trails
935,935,935,201002050MEM,22.2,11.4,2nd quarter,4:19.0,Marc Gasol,MEM,True,2-pointer,7,39-38,'HOU',leads
938,938,938,201002050MEM,17.3,11.3,2nd quarter,2:41.0,Marc Gasol,MEM,True,2-pointer,9,41-43,'HOU',trails
939,939,939,201002050MEM,25.3,17.4,2nd quarter,2:14.0,Marc Gasol,MEM,False,2-pointer,12,41-44,'HOU',trails
948,948,948,201002050MEM,24.0,5.0,3rd quarter,8:55.0,Marc Gasol,MEM,True,2-pointer,0,52-57,'HOU',trails
950,950,950,201002050MEM,25.0,12.7,3rd quarter,8:12.0,Marc Gasol,MEM,True,2-pointer,8,54-59,'HOU',trails
951,951,951,201002050MEM,24.0,5.0,3rd quarter,7:28.0,Marc Gasol,MEM,True,2-pointer,0,56-61,'HOU',trails
956,956,956,201002050MEM,29.3,15.7,3rd quarter,5:00.0,Marc Gasol,MEM,True,2-pointer,12,60-61,'HOU',trails
958,958,958,201002050MEM,24.0,5.0,3rd quarter,4:05.0,Marc Gasol,MEM,False,2-pointer,0,60-64,'HOU',trails
960,960,960,201002050MEM,24.0,5.0,3rd quarter,3:46.0,Marc Gasol,MEM,True,2-pointer,0,62-64,'HOU',trails
965,965,965,201002050MEM,24.0,5.0,3rd quarter,0:50.8,Marc Gasol,MEM,False,2-pointer,0,62-71,'HOU',trails
968,968,968,201002050MEM,35.0,16.3,4th quarter,11:45.0,Marc Gasol,MEM,True,2-pointer,16,68-75,'HOU',trails
978,978,978,201002050MEM,24.0,5.0,4th quarter,6:05.0,Marc Gasol,MEM,False,2-pointer,0,70-90,'HOU',trails
1257,1257,1257,201002060MIN,24.0,5.0,1st quarter,10:13.0,Marc Gasol,MEM,False,2-pointer,0,0-6,'MIN',trails
1258,1258,1258,201002060MIN,24.0,5.0,1st quarter,10:10.0,Marc Gasol,MEM,False,2-pointer,0,0-6,'MIN',trails
1266,1266,1266,201002060MIN,24.0,5.0,1st quarter,7:13.0,Marc Gasol,MEM,False,2-pointer,0,8-6,'MIN',leads
1283,1283,1283,201002060MIN,23.8,10.2,2nd quarter,8:51.0,Marc Gasol,MEM,True,2-pointer,5,34-25,'MIN',leads
1287,1287,1287,201002060MIN,24.0,5.0,2nd quarter,6:17.0,Marc Gasol,MEM,True,2-pointer,0,37-32,'MIN',leads
1288,1288,1288,201002060MIN,20.2,9.2,2nd quarter,5:47.0,Marc Gasol,MEM,False,2-pointer,6,37-34,'MIN',leads
1304,1304,1304,201002060MIN,24.7,13.5,3rd quarter,10:57.0,Marc Gasol,MEM,True,2-pointer,9,57-49,'MIN',leads
1306,1306,1306,201002060MIN,24.0,5.0,3rd quarter,9:33.0,Marc Gasol,MEM,False,2-pointer,0,60-53,'MIN',leads
1310,1310,1310,201002060MIN,24.0,5.0,3rd quarter,8:03.0,Marc Gasol,MEM,True,2-pointer,0,67-58,'MIN',leads
1325,1325,1325,201002060MIN,24.6,19.5,4th quarter,10:23.0,Marc Gasol,MEM,False,2-pointer,15,81-78,'MIN',leads
1329,1329,1329,201002060MIN,24.4,5.0,4th quarter,8:30.0,Marc Gasol,MEM,True,2-pointer,0,87-80,'MIN',leads
856,856,856,201002090MEM,24.1,13.5,1st quarter,9:05.0,Marc Gasol,MEM,True,2-pointer,9,7-8,'MEM',trails
861,861,861,201002090MEM,24.0,5.0,1st quarter,6:27.0,Marc Gasol,MEM,True,2-pointer,0,13-13,'MEM',tied
863,863,863,201002090MEM,12.8,10.2,1st quarter,4:49.0,Marc Gasol,MEM,False,2-pointer,12,15-18,'MEM',trails
881,881,881,201002090MEM,34.0,10.8,2nd quarter,6:37.0,Marc Gasol,MEM,False,2-pointer,12,42-38,'MEM',leads
887,887,887,201002090MEM,28.0,7.6,2nd quarter,3:59.0,Marc Gasol,MEM,True,2-pointer,5,49-42,'MEM',leads
893,893,893,201002090MEM,24.0,13.8,3rd quarter,11:16.0,Marc Gasol,MEM,False,2-pointer,9,55-55,'MEM',tied
904,904,904,201002090MEM,21.6,10.8,3rd quarter,5:44.0,Marc Gasol,MEM,False,2-pointer,6,64-67,'MEM',trails
893,893,893,201002160MEM,32.0,10.3,1st quarter,10:43.0,Marc Gasol,MEM,False,2-pointer,10,2-2,'PHO',tied
899,899,899,201002160MEM,29.8,12.1,1st quarter,7:31.0,Marc Gasol,MEM,True,2-pointer,9,8-7,'PHO',leads
903,903,903,201002160MEM,24.7,11.6,1st quarter,5:59.0,Marc Gasol,MEM,False,2-pointer,7,15-13,'PHO',leads
910,910,910,201002160MEM,24.0,5.0,1st quarter,2:39.0,Marc Gasol,MEM,False,2-pointer,0,20-23,'PHO',trails
916,916,916,201002160MEM,19.4,7.0,2nd quarter,8:52.0,Marc Gasol,MEM,False,2-pointer,5,34-36,'PHO',trails
935,935,935,201002160MEM,24.0,5.0,3rd quarter,10:37.0,Marc Gasol,MEM,False,2-pointer,0,55-65,'PHO',trails
936,936,936,201002160MEM,24.0,5.0,3rd quarter,10:28.0,Marc Gasol,MEM,True,2-pointer,0,57-65,'PHO',trails
940,940,940,201002160MEM,26.3,9.5,3rd quarter,8:53.0,Marc Gasol,MEM,False,2-pointer,5,59-70,'PHO',trails
941,941,941,201002160MEM,24.0,5.0,3rd quarter,8:22.0,Marc Gasol,MEM,True,2-pointer,0,63-70,'PHO',trails
967,967,967,201002160MEM,31.8,22.0,4th quarter,7:40.0,Marc Gasol,MEM,False,2-pointer,19,78-95,'PHO',trails
969,969,969,201002160MEM,24.0,5.0,4th quarter,6:04.0,Marc Gasol,MEM,True,2-pointer,0,84-97,'PHO',trails
978,978,978,201002160MEM,24.0,5.0,4th quarter,0:50.9,Marc Gasol,MEM,False,2-pointer,0,95-107,'PHO',trails
1513,1513,1513,201002170TOR,31.3,6.2,1st quarter,10:13.0,Marc Gasol,MEM,True,2-pointer,7,6-0,'TOR',leads
1517,1517,1517,201002170TOR,28.2,10.8,1st quarter,8:06.0,Marc Gasol,MEM,False,2-pointer,7,13-2,'TOR',leads
1543,1543,1543,201002170TOR,13.4,5.9,2nd quarter,4:20.0,Marc Gasol,MEM,False,2-pointer,11,38-37,'TOR',leads
1553,1553,1553,201002170TOR,37.6,6.9,3rd quarter,8:55.0,Marc Gasol,MEM,True,2-pointer,14,53-51,'TOR',leads
1558,1558,1558,201002170TOR,17.5,11.6,3rd quarter,5:10.0,Marc Gasol,MEM,True,2-pointer,9,63-54,'TOR',leads
1564,1564,1564,201002170TOR,7.7,6.4,3rd quarter,0:53.9,Marc Gasol,MEM,False,2-pointer,16,69-65,'TOR',leads
565,565,565,201002190MEM,30.2,14.7,1st quarter,9:09.0,Marc Gasol,MEM,False,2-pointer,12,2-7,'MIA',trails
567,567,567,201002190MEM,26.8,11.6,1st quarter,7:10.0,Marc Gasol,MEM,False,2-pointer,7,6-10,'MIA',trails
586,586,586,201002190MEM,24.0,5.0,2nd quarter,7:14.0,Marc Gasol,MEM,True,2-pointer,0,17-33,'MIA',trails
587,587,587,201002190MEM,24.0,5.0,2nd quarter,6:44.0,Marc Gasol,MEM,True,2-pointer,0,19-33,'MIA',trails
594,594,594,201002190MEM,17.3,8.7,2nd quarter,2:36.0,Marc Gasol,MEM,True,2-pointer,8,27-40,'MIA',trails
597,597,597,201002190MEM,24.0,5.0,2nd quarter,1:29.0,Marc Gasol,MEM,True,2-pointer,0,31-40,'MIA',trails
622,622,622,201002190MEM,27.6,13.9,4th quarter,7:35.0,Marc Gasol,MEM,False,2-pointer,10,61-68,'MIA',trails
625,625,625,201002190MEM,24.0,5.0,4th quarter,6:15.0,Marc Gasol,MEM,True,2-pointer,0,63-72,'MIA',trails
628,628,628,201002190MEM,24.0,5.0,4th quarter,4:17.0,Marc Gasol,MEM,True,2-pointer,0,70-72,'MIA',trails
631,631,631,201002190MEM,27.6,12.1,4th quarter,2:02.0,Marc Gasol,MEM,True,2-pointer,8,74-74,'MIA',tied
635,635,635,201002190MEM,24.0,5.0,1st overtime,4:39.0,Marc Gasol,MEM,True,2-pointer,0,78-76,'MIA',leads
644,644,644,201002190MEM,24.0,5.0,2nd overtime,3:11.0,Marc Gasol,MEM,False,2-pointer,0,85-89,'MIA',trails
646,646,646,201002190MEM,24.0,5.0,2nd overtime,1:25.0,Marc Gasol,MEM,True,2-pointer,0,87-93,'MIA',trails
676,676,676,201002210NJN,26.8,10.8,1st quarter,11:05.0,Marc Gasol,MEM,False,2-pointer,6,3-0,'NJN',leads
685,685,685,201002210NJN,30.9,9.8,1st quarter,4:34.0,Marc Gasol,MEM,False,2-pointer,8,18-22,'NJN',trails
687,687,687,201002210NJN,36.1,19.2,1st quarter,4:09.0,Marc Gasol,MEM,False,2-pointer,19,18-24,'NJN',trails
701,701,701,201002210NJN,23.6,10.5,2nd quarter,7:10.0,Marc Gasol,MEM,False,2-pointer,6,29-42,'NJN',trails
703,703,703,201002210NJN,24.0,5.0,2nd quarter,6:36.0,Marc Gasol,MEM,False,2-pointer,0,29-44,'NJN',trails
720,720,720,201002210NJN,32.1,6.9,3rd quarter,10:54.0,Marc Gasol,MEM,True,2-pointer,8,49-62,'NJN',trails
723,723,723,201002210NJN,24.0,5.0,3rd quarter,9:43.0,Marc Gasol,MEM,True,2-pointer,0,53-62,'NJN',trails
729,729,729,201002210NJN,24.0,5.0,3rd quarter,6:36.0,Marc Gasol,MEM,True,2-pointer,0,64-68,'NJN',trails
733,733,733,201002210NJN,24.0,5.0,3rd quarter,3:58.0,Marc Gasol,MEM,True,2-pointer,0,68-74,'NJN',trails
751,751,751,201002210NJN,24.0,5.0,4th quarter,7:59.0,Marc Gasol,MEM,False,2-pointer,0,85-80,'NJN',leads
754,754,754,201002210NJN,24.0,5.0,4th quarter,6:31.0,Marc Gasol,MEM,True,2-pointer,0,92-82,'NJN',leads
755,755,755,201002210NJN,17.8,22.0,4th quarter,5:36.0,Marc Gasol,MEM,True,2-pointer,18,94-84,'NJN',leads
759,759,759,201002210NJN,23.2,24.2,4th quarter,2:43.0,Marc Gasol,MEM,False,2-pointer,19,96-90,'NJN',leads
581,581,581,201002230MEM,28.0,11.0,1st quarter,7:44.0,Marc Gasol,MEM,False,2-pointer,7,6-12,'LAL',trails
586,586,586,201002230MEM,24.0,5.0,1st quarter,5:24.0,Marc Gasol,MEM,True,2-pointer,0,12-14,'LAL',trails
589,589,589,201002230MEM,24.0,5.0,1st quarter,2:09.0,Marc Gasol,MEM,False,2-pointer,0,12-23,'LAL',trails
590,590,590,201002230MEM,24.0,5.0,1st quarter,2:08.0,Marc Gasol,MEM,False,2-pointer,0,12-23,'LAL',trails
609,609,609,201002230MEM,38.4,5.7,2nd quarter,2:58.0,Marc Gasol,MEM,False,2-pointer,14,39-45,'LAL',trails
616,616,616,201002230MEM,24.0,5.0,3rd quarter,11:01.0,Marc Gasol,MEM,True,2-pointer,0,52-54,'LAL',trails
628,628,628,201002230MEM,27.2,11.3,3rd quarter,5:29.0,Marc Gasol,MEM,False,2-pointer,7,65-60,'LAL',leads
630,630,630,201002230MEM,23.2,11.4,3rd quarter,4:18.0,Marc Gasol,MEM,True,2-pointer,6,70-66,'LAL',leads
649,649,649,201002230MEM,24.0,5.0,4th quarter,5:07.0,Marc Gasol,MEM,False,2-pointer,0,91-89,'LAL',leads
652,652,652,201002230MEM,30.1,9.4,4th quarter,4:11.0,Marc Gasol,MEM,True,2-pointer,8,95-90,'LAL',leads
1647,1647,1647,201002240WAS,24.0,6.2,1st quarter,8:58.0,Marc Gasol,MEM,True,2-pointer,1,2-4,'WAS',trails
1648,1648,1648,201002240WAS,24.1,5.0,1st quarter,8:20.0,Marc Gasol,MEM,True,2-pointer,0,4-6,'WAS',trails
1649,1649,1649,201002240WAS,27.7,9.5,1st quarter,7:41.0,Marc Gasol,MEM,True,2-pointer,6,6-6,'WAS',tied
1650,1650,1650,201002240WAS,24.6,6.1,1st quarter,7:04.0,Marc Gasol,MEM,True,2-pointer,1,8-8,'WAS',tied
1653,1653,1653,201002240WAS,18.1,16.8,1st quarter,5:48.0,Marc Gasol,MEM,True,2-pointer,13,12-12,'WAS',tied
1675,1675,1675,201002240WAS,23.8,5.0,2nd quarter,5:13.0,Marc Gasol,MEM,True,2-pointer,0,36-36,'WAS',tied
1682,1682,1682,201002240WAS,24.2,4.4,2nd quarter,0:04.3,Marc Gasol,MEM,True,2-pointer,1,46-48,'WAS',trails
1689,1689,1689,201002240WAS,24.0,4.8,3rd quarter,9:30.0,Marc Gasol,MEM,True,2-pointer,0,50-50,'WAS',tied
1691,1691,1691,201002240WAS,24.4,5.9,3rd quarter,8:32.0,Marc Gasol,MEM,True,2-pointer,1,55-52,'WAS',leads
1696,1696,1696,201002240WAS,23.6,6.2,3rd quarter,5:20.0,Marc Gasol,MEM,True,2-pointer,1,62-58,'WAS',leads
1727,1727,1727,201002240WAS,24.6,10.2,4th quarter,1:14.0,Marc Gasol,MEM,False,2-pointer,5,98-86,'WAS',leads
944,944,944,201002260MEM,19.1,7.6,1st quarter,10:48.0,Marc Gasol,MEM,False,2-pointer,6,2-2,'CHA',tied
946,946,946,201002260MEM,24.0,5.0,1st quarter,10:16.0,Marc Gasol,MEM,False,2-pointer,0,2-4,'CHA',trails
951,951,951,201002260MEM,9.1,5.4,1st quarter,7:15.0,Marc Gasol,MEM,False,2-pointer,15,9-12,'CHA',trails
953,953,953,201002260MEM,24.0,5.0,1st quarter,6:19.0,Marc Gasol,MEM,False,2-pointer,0,9-12,'CHA',trails
955,955,955,201002260MEM,24.0,5.0,1st quarter,5:36.0,Marc Gasol,MEM,False,2-pointer,0,9-13,'CHA',trails
973,973,973,201002260MEM,24.0,5.0,2nd quarter,7:10.0,Marc Gasol,MEM,False,2-pointer,0,34-34,'CHA',tied
975,975,975,201002260MEM,24.0,5.0,2nd quarter,6:06.0,Marc Gasol,MEM,True,2-pointer,0,39-34,'CHA',leads
977,977,977,201002260MEM,24.0,5.0,2nd quarter,4:40.0,Marc Gasol,MEM,True,2-pointer,0,43-38,'CHA',leads
987,987,987,201002260MEM,29.1,20.3,3rd quarter,9:02.0,Marc Gasol,MEM,False,2-pointer,16,52-53,'CHA',trails
996,996,996,201002260MEM,25.8,16.0,3rd quarter,3:46.0,Marc Gasol,MEM,True,2-pointer,11,61-60,'CHA',leads
788,788,788,201002270NYK,24.1,10.0,1st quarter,11:03.0,Marc Gasol,MEM,True,2-pointer,5,4-0,'NYK',leads
792,792,792,201002270NYK,21.6,10.2,1st quarter,9:56.0,Marc Gasol,MEM,True,2-pointer,6,8-2,'NYK',leads
793,793,793,201002270NYK,24.0,5.0,1st quarter,9:29.0,Marc Gasol,MEM,True,2-pointer,0,10-2,'NYK',leads
798,798,798,201002270NYK,24.0,5.0,1st quarter,6:37.0,Marc Gasol,MEM,True,2-pointer,0,18-7,'NYK',leads
799,799,799,201002270NYK,11.2,3.3,1st quarter,6:07.0,Marc Gasol,MEM,False,2-pointer,13,18-7,'NYK',leads
806,806,806,201002270NYK,20.8,10.2,1st quarter,3:56.0,Marc Gasol,MEM,False,2-pointer,6,23-11,'NYK',leads
821,821,821,201002270NYK,24.0,5.0,2nd quarter,7:25.0,Marc Gasol,MEM,True,2-pointer,0,39-36,'NYK',leads
827,827,827,201002270NYK,24.0,5.0,2nd quarter,4:32.0,Marc Gasol,MEM,False,2-pointer,0,43-42,'NYK',leads
833,833,833,201002270NYK,24.0,5.0,2nd quarter,0:41.1,Marc Gasol,MEM,True,2-pointer,0,54-51,'NYK',leads
838,838,838,201002270NYK,24.0,5.0,3rd quarter,10:12.0,Marc Gasol,MEM,True,2-pointer,0,58-58,'NYK',tied
839,839,839,201002270NYK,24.0,5.0,3rd quarter,9:39.0,Marc Gasol,MEM,True,2-pointer,0,60-58,'NYK',leads
843,843,843,201002270NYK,24.0,5.0,3rd quarter,8:06.0,Marc Gasol,MEM,True,2-pointer,0,64-64,'NYK',tied
848,848,848,201002270NYK,22.2,10.6,3rd quarter,3:57.0,Marc Gasol,MEM,False,2-pointer,6,73-71,'NYK',leads
867,867,867,201002270NYK,24.0,5.0,4th quarter,3:15.0,Marc Gasol,MEM,True,2-pointer,0,111-107,'NYK',leads
868,868,868,201002270NYK,15.3,7.3,4th quarter,1:57.0,Marc Gasol,MEM,False,2-pointer,9,114-107,'NYK',leads
930,930,930,201003010MEM,26.0,24.0,1st quarter,7:00.0,Marc Gasol,MEM,False,2-pointer,19,7-7,'POR',tied
932,932,932,201003010MEM,24.0,5.0,1st quarter,6:31.0,Marc Gasol,MEM,True,2-pointer,0,9-7,'POR',leads
934,934,934,201003010MEM,20.2,16.0,1st quarter,5:32.0,Marc Gasol,MEM,True,2-pointer,12,13-11,'POR',leads
937,937,937,201003010MEM,24.0,5.0,1st quarter,4:05.0,Marc Gasol,MEM,False,2-pointer,0,15-14,'POR',leads
938,938,938,201003010MEM,24.0,5.0,1st quarter,4:04.0,Marc Gasol,MEM,True,2-pointer,0,17-14,'POR',leads
963,963,963,201003010MEM,24.0,5.0,2nd quarter,3:29.0,Marc Gasol,MEM,True,2-pointer,0,45-37,'POR',leads
969,969,969,201003010MEM,24.0,5.0,3rd quarter,11:36.0,Marc Gasol,MEM,True,2-pointer,0,55-41,'POR',leads
974,974,974,201003010MEM,24.0,5.0,3rd quarter,6:45.0,Marc Gasol,MEM,True,2-pointer,0,64-63,'POR',leads
977,977,977,201003010MEM,24.7,16.9,3rd quarter,4:14.0,Marc Gasol,MEM,False,2-pointer,12,70-69,'POR',leads
985,985,985,201003010MEM,18.0,12.1,4th quarter,10:45.0,Marc Gasol,MEM,False,2-pointer,9,74-82,'POR',trails
1305,1305,1305,201003030NOH,24.0,5.0,1st quarter,11:35.0,Marc Gasol,MEM,True,2-pointer,0,2-0,'NOH',leads
1307,1307,1307,201003030NOH,29.9,11.0,1st quarter,10:30.0,Marc Gasol,MEM,False,2-pointer,8,4-2,'NOH',leads
1312,1312,1312,201003030NOH,24.0,5.0,1st quarter,8:01.0,Marc Gasol,MEM,True,2-pointer,0,12-8,'NOH',leads
1339,1339,1339,201003030NOH,24.0,5.0,2nd quarter,1:04.0,Marc Gasol,MEM,False,2-pointer,0,51-46,'NOH',leads
1346,1346,1346,201003030NOH,40.0,6.1,3rd quarter,8:26.0,Marc Gasol,MEM,False,2-pointer,16,62-62,'NOH',tied
1364,1364,1364,201003030NOH,10.6,10.5,4th quarter,10:08.0,Marc Gasol,MEM,True,2-pointer,14,78-78,'NOH',tied
1365,1365,1365,201003030NOH,24.6,15.5,4th quarter,8:44.0,Marc Gasol,MEM,False,2-pointer,11,79-80,'NOH',trails
1370,1370,1370,201003030NOH,24.0,5.0,4th quarter,6:19.0,Marc Gasol,MEM,True,2-pointer,0,81-88,'NOH',trails
1377,1377,1377,201003030NOH,24.0,5.0,4th quarter,2:46.0,Marc Gasol,MEM,True,2-pointer,0,92-91,'NOH',leads
6,6,6,201003040CHI,22.4,21.0,1st quarter,8:51.0,Marc Gasol,MEM,False,2-pointer,16,6-7,'CHI',trails
9,9,9,201003040CHI,24.0,5.0,1st quarter,7:03.0,Marc Gasol,MEM,False,2-pointer,0,10-14,'CHI',trails
15,15,15,201003040CHI,38.1,16.3,1st quarter,3:58.0,Marc Gasol,MEM,False,2-pointer,18,10-20,'CHI',trails
42,42,42,201003040CHI,24.0,5.0,3rd quarter,9:45.0,Marc Gasol,MEM,False,2-pointer,0,49-57,'CHI',trails
44,44,44,201003040CHI,24.0,5.0,3rd quarter,9:05.0,Marc Gasol,MEM,True,2-pointer,0,51-58,'CHI',trails
56,56,56,201003040CHI,23.0,12.5,3rd quarter,0:22.2,Marc Gasol,MEM,True,2-pointer,8,76-80,'CHI',trails
59,59,59,201003040CHI,24.0,5.0,4th quarter,9:55.0,Marc Gasol,MEM,False,2-pointer,0,79-84,'CHI',trails
70,70,70,201003040CHI,24.0,5.0,4th quarter,4:35.0,Marc Gasol,MEM,True,2-pointer,0,92-90,'CHI',leads
71,71,71,201003040CHI,24.0,5.0,4th quarter,4:01.0,Marc Gasol,MEM,True,2-pointer,0,95-90,'CHI',leads
442,442,442,201003060MEM,20.2,13.6,1st quarter,6:17.0,Marc Gasol,MEM,True,2-pointer,9,10-10,'SAS',tied
443,443,443,201003060MEM,24.0,5.0,1st quarter,6:00.0,Marc Gasol,MEM,True,2-pointer,0,12-10,'SAS',leads
456,456,456,201003060MEM,24.0,5.0,2nd quarter,9:00.0,Marc Gasol,MEM,True,2-pointer,0,32-34,'SAS',trails
457,457,457,201003060MEM,11.8,8.6,2nd quarter,8:29.0,Marc Gasol,MEM,False,2-pointer,13,32-36,'SAS',trails
465,465,465,201003060MEM,24.0,5.0,2nd quarter,3:10.0,Marc Gasol,MEM,True,2-pointer,0,41-51,'SAS',trails
469,469,469,201003060MEM,24.0,5.0,2nd quarter,1:04.0,Marc Gasol,MEM,False,2-pointer,0,45-54,'SAS',trails
474,474,474,201003060MEM,16.7,13.8,3rd quarter,9:38.0,Marc Gasol,MEM,True,2-pointer,11,56-60,'SAS',trails
483,483,483,201003060MEM,24.0,5.0,3rd quarter,3:44.0,Marc Gasol,MEM,True,2-pointer,0,66-69,'SAS',trails
501,501,501,201003060MEM,23.8,12.8,4th quarter,6:18.0,Marc Gasol,MEM,False,2-pointer,8,81-89,'SAS',trails
504,504,504,201003060MEM,24.0,5.0,4th quarter,5:35.0,Marc Gasol,MEM,True,2-pointer,0,85-91,'SAS',trails
244,244,244,201003080MEM,24.0,5.0,1st quarter,9:46.0,Marc Gasol,MEM,False,2-pointer,0,3-7,'NJN',trails
246,246,246,201003080MEM,30.7,5.9,1st quarter,9:21.0,Marc Gasol,MEM,False,2-pointer,7,3-9,'NJN',trails
254,254,254,201003080MEM,24.0,5.0,1st quarter,5:09.0,Marc Gasol,MEM,True,2-pointer,0,18-21,'NJN',trails
273,273,273,201003080MEM,17.0,8.7,2nd quarter,7:57.0,Marc Gasol,MEM,True,2-pointer,8,40-35,'NJN',leads
274,274,274,201003080MEM,24.0,5.0,2nd quarter,7:16.0,Marc Gasol,MEM,False,2-pointer,0,40-36,'NJN',leads
276,276,276,201003080MEM,24.9,14.1,2nd quarter,6:34.0,Marc Gasol,MEM,True,2-pointer,9,44-38,'NJN',leads
277,277,277,201003080MEM,24.0,5.0,2nd quarter,6:00.0,Marc Gasol,MEM,True,2-pointer,0,46-38,'NJN',leads
279,279,279,201003080MEM,24.0,5.0,2nd quarter,4:38.0,Marc Gasol,MEM,True,2-pointer,0,53-40,'NJN',leads
280,280,280,201003080MEM,11.8,11.9,2nd quarter,4:09.0,Marc Gasol,MEM,True,2-pointer,14,55-40,'NJN',leads
283,283,283,201003080MEM,24.0,5.0,2nd quarter,2:47.0,Marc Gasol,MEM,True,2-pointer,0,59-42,'NJN',leads
296,296,296,201003080MEM,25.5,15.1,3rd quarter,8:27.0,Marc Gasol,MEM,False,2-pointer,10,73-58,'NJN',leads
298,298,298,201003080MEM,23.6,9.7,3rd quarter,7:24.0,Marc Gasol,MEM,True,2-pointer,5,75-60,'NJN',leads
323,323,323,201003080MEM,24.0,10.8,4th quarter,3:56.0,Marc Gasol,MEM,False,2-pointer,6,92-87,'NJN',leads
4,4,4,201003100BOS,24.2,5.3,1st quarter,8:26.0,Marc Gasol,MEM,True,2-pointer,0,6-4,'BOS',leads
25,25,25,201003100BOS,24.0,5.1,2nd quarter,9:24.0,Marc Gasol,MEM,True,2-pointer,0,35-15,'BOS',leads
60,60,60,201003100BOS,16.7,14.1,3rd quarter,0:04.8,Marc Gasol,MEM,False,2-pointer,12,80-63,'BOS',leads
63,63,63,201003100BOS,32.8,9.1,4th quarter,10:26.0,Marc Gasol,MEM,False,2-pointer,10,85-67,'BOS',leads
552,552,552,201003120MEM,24.0,5.0,1st quarter,10:44.0,Marc Gasol,MEM,False,2-pointer,0,2-2,'NYK',tied
553,553,553,201003120MEM,24.0,5.0,1st quarter,10:43.0,Marc Gasol,MEM,True,2-pointer,0,4-2,'NYK',leads
564,564,564,201003120MEM,24.0,5.0,1st quarter,6:24.0,Marc Gasol,MEM,True,2-pointer,0,15-10,'NYK',leads
583,583,583,201003120MEM,24.0,5.0,2nd quarter,5:48.0,Marc Gasol,MEM,True,2-pointer,0,44-37,'NYK',leads
584,584,584,201003120MEM,26.6,10.8,2nd quarter,5:10.0,Marc Gasol,MEM,False,2-pointer,6,44-37,'NYK',leads
605,605,605,201003120MEM,8.7,9.7,3rd quarter,3:19.0,Marc Gasol,MEM,True,2-pointer,16,88-59,'NYK',leads
633,633,633,201003120MEM,32.9,9.2,4th quarter,2:00.0,Marc Gasol,MEM,False,2-pointer,10,112-102,'NYK',leads
743,743,743,201003130MEM,24.0,5.0,1st quarter,9:09.0,Marc Gasol,MEM,True,2-pointer,0,8-4,'DEN',leads
750,750,750,201003130MEM,23.2,19.8,1st quarter,5:16.0,Marc Gasol,MEM,False,2-pointer,15,18-11,'DEN',leads
758,758,758,201003130MEM,18.6,8.9,2nd quarter,10:24.0,Marc Gasol,MEM,True,2-pointer,7,35-26,'DEN',leads
772,772,772,201003130MEM,24.0,5.0,2nd quarter,2:33.0,Marc Gasol,MEM,True,2-pointer,0,58-47,'DEN',leads
773,773,773,201003130MEM,31.2,8.9,2nd quarter,1:09.0,Marc Gasol,MEM,False,2-pointer,8,61-54,'DEN',leads
776,776,776,201003130MEM,18.4,8.6,3rd quarter,11:24.0,Marc Gasol,MEM,True,2-pointer,7,65-59,'DEN',leads
786,786,786,201003130MEM,24.0,5.0,3rd quarter,5:27.0,Marc Gasol,MEM,True,2-pointer,0,74-72,'DEN',leads
797,797,797,201003130MEM,24.0,5.0,4th quarter,8:53.0,Marc Gasol,MEM,True,2-pointer,0,87-97,'DEN',trails
982,982,982,201003280MIL,31.3,5.3,3rd quarter,11:14.0,Marc Gasol,MEM,True,2-pointer,7,46-46,'MIL',tied
985,985,985,201003280MIL,27.2,16.5,3rd quarter,9:33.0,Marc Gasol,MEM,True,2-pointer,12,48-50,'MIL',trails
996,996,996,201003280MIL,15.0,9.5,3rd quarter,3:09.0,Marc Gasol,MEM,True,2-pointer,10,62-68,'MIL',trails
1008,1008,1008,201003280MIL,24.0,5.0,4th quarter,8:56.0,Marc Gasol,MEM,False,2-pointer,0,79-78,'MIL',leads
1009,1009,1009,201003280MIL,24.0,5.0,4th quarter,8:22.0,Marc Gasol,MEM,True,2-pointer,0,81-78,'MIL',leads
1022,1022,1022,201003280MIL,24.0,5.0,1st overtime,3:38.0,Marc Gasol,MEM,False,2-pointer,0,96-96,'MIL',tied
1023,1023,1023,201003280MIL,17.0,13.8,1st overtime,3:07.0,Marc Gasol,MEM,True,2-pointer,11,98-96,'MIL',leads
1026,1026,1026,201003280MIL,23.3,12.5,1st overtime,0:46.9,Marc Gasol,MEM,False,2-pointer,8,100-101,'MIL',trails
857,857,857,201003310MEM,17.3,8.6,1st quarter,10:44.0,Marc Gasol,MEM,False,2-pointer,8,2-0,'DAL',leads
880,880,880,201003310MEM,24.0,5.0,2nd quarter,8:25.0,Marc Gasol,MEM,False,2-pointer,0,31-29,'DAL',leads
882,882,882,201003310MEM,26.3,10.0,2nd quarter,7:17.0,Marc Gasol,MEM,False,2-pointer,6,31-31,'DAL',tied
889,889,889,201003310MEM,24.0,5.0,2nd quarter,3:03.0,Marc Gasol,MEM,True,2-pointer,0,44-45,'DAL',trails
890,890,890,201003310MEM,24.0,5.0,2nd quarter,2:40.0,Marc Gasol,MEM,False,2-pointer,0,44-46,'DAL',trails
326,326,326,201010290DAL,24.3,6.7,1st quarter,11:22.0,Marc Gasol,MEM,True,2-pointer,2,2-2,'DAL',tied
332,332,332,201010290DAL,21.9,12.1,1st quarter,7:17.0,Marc Gasol,MEM,False,2-pointer,7,8-11,'DAL',trails
337,337,337,201010290DAL,25.2,5.4,1st quarter,6:13.0,Marc Gasol,MEM,True,2-pointer,1,14-13,'DAL',leads
338,338,338,201010290DAL,21.4,7.5,1st quarter,5:46.0,Marc Gasol,MEM,False,2-pointer,4,14-15,'DAL',trails
341,341,341,201010290DAL,24.7,10.0,1st quarter,4:44.0,Marc Gasol,MEM,False,2-pointer,5,16-17,'DAL',trails
955,955,955,201010300MEM,18.1,8.9,3rd quarter,11:26.0,Marc Gasol,MEM,True,2-pointer,7,61-46,'MEM',leads
958,958,958,201010300MEM,24.6,9.5,3rd quarter,10:02.0,Marc Gasol,MEM,False,2-pointer,5,63-50,'MEM',leads
959,959,959,201010300MEM,30.2,8.0,3rd quarter,10:00.0,Marc Gasol,MEM,True,2-pointer,7,65-50,'MEM',leads
964,964,964,201010300MEM,21.7,5.6,3rd quarter,7:06.0,Marc Gasol,MEM,False,2-pointer,2,69-54,'MEM',leads
972,972,972,201010300MEM,26.1,5.7,3rd quarter,4:01.0,Marc Gasol,MEM,True,2-pointer,2,79-62,'MEM',leads
980,980,980,201010300MEM,18.4,17.6,4th quarter,11:11.0,Marc Gasol,MEM,False,2-pointer,14,87-75,'MEM',leads
323,323,323,201011020LAL,22.4,10.8,1st quarter,7:42.0,Marc Gasol,MEM,False,2-pointer,6,2-8,'LAL',trails
328,328,328,201011020LAL,23.2,7.8,1st quarter,5:21.0,Marc Gasol,MEM,False,2-pointer,3,7-17,'LAL',trails
329,329,329,201011020LAL,24.1,6.9,1st quarter,5:20.0,Marc Gasol,MEM,False,2-pointer,2,7-17,'LAL',trails
331,331,331,201011020LAL,21.6,10.6,1st quarter,4:35.0,Marc Gasol,MEM,False,2-pointer,6,9-19,'LAL',trails
334,334,334,201011020LAL,22.7,6.5,1st quarter,3:50.0,Marc Gasol,MEM,True,2-pointer,2,14-22,'LAL',trails
337,337,337,201011020LAL,21.3,7.3,1st quarter,2:14.0,Marc Gasol,MEM,True,2-pointer,4,20-29,'LAL',trails
340,340,340,201011020LAL,24.4,7.2,1st quarter,1:28.0,Marc Gasol,MEM,True,2-pointer,2,22-31,'LAL',trails
371,371,371,201011020LAL,25.8,6.2,3rd quarter,8:37.0,Marc Gasol,MEM,False,2-pointer,2,52-77,'LAL',trails
495,495,495,201011030GSW,27.0,6.6,1st quarter,10:25.0,Marc Gasol,MEM,False,2-pointer,3,2-2,'GSW',tied
524,524,524,201011030GSW,26.6,13.5,2nd quarter,7:23.0,Marc Gasol,MEM,True,2-pointer,9,35-43,'GSW',trails
527,527,527,201011030GSW,21.3,8.0,2nd quarter,5:21.0,Marc Gasol,MEM,True,2-pointer,4,42-50,'GSW',trails
537,537,537,201011030GSW,24.4,9.5,3rd quarter,9:20.0,Marc Gasol,MEM,True,2-pointer,5,55-71,'GSW',trails
550,550,550,201011030GSW,14.7,5.1,3rd quarter,2:12.0,Marc Gasol,MEM,False,2-pointer,9,77-85,'GSW',trails
1777,1777,1777,201011050PHO,21.9,5.3,1st quarter,11:35.0,Marc Gasol,MEM,True,2-pointer,2,2-0,'PHO',leads
1783,1783,1783,201011050PHO,22.2,5.1,1st quarter,10:07.0,Marc Gasol,MEM,True,2-pointer,2,7-3,'PHO',leads
1790,1790,1790,201011050PHO,25.8,5.3,1st quarter,7:59.0,Marc Gasol,MEM,True,2-pointer,2,11-11,'PHO',tied
1791,1791,1791,201011050PHO,28.3,16.3,1st quarter,7:31.0,Marc Gasol,MEM,True,2-pointer,12,13-11,'PHO',leads
1794,1794,1794,201011050PHO,13.5,7.0,1st quarter,5:02.0,Marc Gasol,MEM,True,2-pointer,11,21-15,'PHO',leads
1810,1810,1810,201011050PHO,27.4,7.3,2nd quarter,6:39.0,Marc Gasol,MEM,True,2-pointer,4,45-34,'PHO',leads
1815,1815,1815,201011050PHO,25.5,14.3,2nd quarter,3:48.0,Marc Gasol,MEM,True,2-pointer,9,53-41,'PHO',leads
1824,1824,1824,201011050PHO,24.1,5.1,3rd quarter,9:43.0,Marc Gasol,MEM,True,2-pointer,0,59-51,'PHO',leads
1827,1827,1827,201011050PHO,24.6,11.4,3rd quarter,7:22.0,Marc Gasol,MEM,False,2-pointer,6,64-58,'PHO',leads
1829,1829,1829,201011050PHO,24.4,15.5,3rd quarter,6:29.0,Marc Gasol,MEM,True,2-pointer,11,68-58,'PHO',leads
1831,1831,1831,201011050PHO,24.1,12.1,3rd quarter,4:50.0,Marc Gasol,MEM,True,2-pointer,7,70-63,'PHO',leads
1847,1847,1847,201011050PHO,24.4,13.0,4th quarter,6:05.0,Marc Gasol,MEM,True,2-pointer,8,85-82,'PHO',leads
1857,1857,1857,201011050PHO,24.2,4.8,1st overtime,4:34.0,Marc Gasol,MEM,True,2-pointer,0,101-101,'PHO',tied
779,779,779,201011060SAC,24.0,12.7,1st quarter,9:23.0,Marc Gasol,MEM,True,2-pointer,8,8-4,'SAC',leads
785,785,785,201011060SAC,26.0,7.0,1st quarter,7:09.0,Marc Gasol,MEM,True,2-pointer,3,10-10,'SAC',tied
807,807,807,201011060SAC,24.0,23.7,2nd quarter,6:50.0,Marc Gasol,MEM,False,2-pointer,19,39-32,'SAC',leads
808,808,808,201011060SAC,25.2,10.6,2nd quarter,6:20.0,Marc Gasol,MEM,True,2-pointer,6,41-34,'SAC',leads
822,822,822,201011060SAC,21.1,8.9,3rd quarter,10:34.0,Marc Gasol,MEM,False,2-pointer,5,58-51,'SAC',leads
833,833,833,201011060SAC,19.7,3.9,3rd quarter,5:53.0,Marc Gasol,MEM,False,2-pointer,4,69-58,'SAC',leads
566,566,566,201011080MEM,26.3,5.4,1st quarter,10:31.0,Marc Gasol,MEM,True,2-pointer,2,5-2,'PHO',leads
576,576,576,201011080MEM,21.1,6.1,1st quarter,5:53.0,Marc Gasol,MEM,False,2-pointer,3,18-14,'PHO',leads
586,586,586,201011080MEM,26.9,4.8,1st quarter,1:55.0,Marc Gasol,MEM,True,2-pointer,3,26-22,'PHO',leads
620,620,620,201011080MEM,37.8,15.4,3rd quarter,7:41.0,Marc Gasol,MEM,True,2-pointer,17,70-60,'PHO',leads
623,623,623,201011080MEM,22.9,6.4,3rd quarter,6:04.0,Marc Gasol,MEM,True,2-pointer,2,74-61,'PHO',leads
639,639,639,201011080MEM,21.6,6.7,4th quarter,7:28.0,Marc Gasol,MEM,True,2-pointer,3,95-82,'PHO',leads
403,403,403,201011100MEM,23.6,12.1,1st quarter,11:45.0,Marc Gasol,MEM,False,2-pointer,7,0-0,'DAL',tied
404,404,404,201011100MEM,22.9,6.1,1st quarter,11:17.0,Marc Gasol,MEM,True,2-pointer,2,2-0,'DAL',leads
405,405,405,201011100MEM,28.3,9.1,1st quarter,10:40.0,Marc Gasol,MEM,False,2-pointer,6,2-2,'DAL',tied
407,407,407,201011100MEM,24.7,8.6,1st quarter,10:04.0,Marc Gasol,MEM,False,2-pointer,4,4-5,'DAL',trails
411,411,411,201011100MEM,22.7,10.2,1st quarter,7:36.0,Marc Gasol,MEM,True,2-pointer,5,6-10,'DAL',trails
419,419,419,201011100MEM,29.4,15.8,1st quarter,4:10.0,Marc Gasol,MEM,True,2-pointer,12,14-17,'DAL',trails
433,433,433,201011100MEM,33.4,12.7,2nd quarter,7:05.0,Marc Gasol,MEM,False,2-pointer,12,25-36,'DAL',trails
436,436,436,201011100MEM,23.0,5.4,2nd quarter,5:41.0,Marc Gasol,MEM,True,2-pointer,1,33-40,'DAL',trails
458,458,458,201011100MEM,12.8,11.4,3rd quarter,5:13.0,Marc Gasol,MEM,False,2-pointer,13,59-73,'DAL',trails
564,564,564,201011130MEM,24.4,6.4,1st quarter,9:59.0,Marc Gasol,MEM,True,2-pointer,1,6-6,'BOS',tied
567,567,567,201011130MEM,21.7,14.3,1st quarter,8:34.0,Marc Gasol,MEM,True,2-pointer,10,10-10,'BOS',tied
581,581,581,201011130MEM,31.7,8.0,1st quarter,0:16.9,Marc Gasol,MEM,False,2-pointer,8,25-24,'BOS',leads
592,592,592,201011130MEM,27.1,11.9,2nd quarter,3:25.0,Marc Gasol,MEM,False,2-pointer,8,41-50,'BOS',trails
598,598,598,201011130MEM,17.2,21.2,3rd quarter,11:43.0,Marc Gasol,MEM,True,2-pointer,18,51-54,'BOS',trails
600,600,600,201011130MEM,25.3,6.7,3rd quarter,9:53.0,Marc Gasol,MEM,False,2-pointer,2,54-60,'BOS',trails
616,616,616,201011130MEM,12.3,17.9,4th quarter,10:10.0,Marc Gasol,MEM,False,2-pointer,17,76-80,'BOS',trails
617,617,617,201011130MEM,24.1,6.7,4th quarter,9:41.0,Marc Gasol,MEM,False,2-pointer,2,76-80,'BOS',trails
635,635,635,201011130MEM,26.0,9.5,1st overtime,1:52.0,Marc Gasol,MEM,True,2-pointer,5,101-106,'BOS',trails
623,623,623,201011150ORL,23.6,7.3,1st quarter,8:25.0,Marc Gasol,MEM,True,2-pointer,2,2-8,'ORL',trails
624,624,624,201011150ORL,23.6,7.2,1st quarter,7:49.0,Marc Gasol,MEM,True,2-pointer,2,4-10,'ORL',trails
626,626,626,201011150ORL,20.5,23.9,1st quarter,5:37.0,Marc Gasol,MEM,False,2-pointer,19,6-12,'ORL',trails
627,627,627,201011150ORL,15.8,10.2,1st quarter,5:02.0,Marc Gasol,MEM,False,2-pointer,10,6-12,'ORL',trails
651,651,651,201011150ORL,26.1,7.2,2nd quarter,2:53.0,Marc Gasol,MEM,True,2-pointer,3,26-37,'ORL',trails
653,653,653,201011150ORL,25.7,15.2,2nd quarter,1:23.0,Marc Gasol,MEM,False,2-pointer,10,29-43,'ORL',trails
663,663,663,201011150ORL,20.5,9.8,3rd quarter,9:57.0,Marc Gasol,MEM,True,2-pointer,6,40-49,'ORL',trails
687,687,687,201011150ORL,24.8,5.4,4th quarter,6:24.0,Marc Gasol,MEM,False,2-pointer,1,62-77,'ORL',trails
719,719,719,201011160MEM,21.7,4.7,1st quarter,10:33.0,Marc Gasol,MEM,False,2-pointer,2,0-2,'POR',trails
721,721,721,201011160MEM,22.7,12.5,1st quarter,9:27.0,Marc Gasol,MEM,False,2-pointer,8,2-4,'POR',trails
722,722,722,201011160MEM,26.6,5.3,1st quarter,8:34.0,Marc Gasol,MEM,True,2-pointer,3,4-6,'POR',trails
780,780,780,201011160MEM,23.2,7.0,4th quarter,7:17.0,Marc Gasol,MEM,True,2-pointer,2,78-77,'POR',leads
784,784,784,201011160MEM,25.7,11.9,4th quarter,4:28.0,Marc Gasol,MEM,True,2-pointer,7,86-85,'POR',leads
785,785,785,201011160MEM,25.9,5.0,4th quarter,3:43.0,Marc Gasol,MEM,True,2-pointer,2,88-87,'POR',leads
1562,1562,1562,201011190WAS,26.4,4.7,1st quarter,10:12.0,Marc Gasol,MEM,True,2-pointer,2,2-4,'WAS',trails
1566,1566,1566,201011190WAS,26.4,4.8,1st quarter,8:43.0,Marc Gasol,MEM,True,2-pointer,2,4-6,'WAS',trails
1574,1574,1574,201011190WAS,26.1,5.3,1st quarter,2:36.0,Marc Gasol,MEM,True,2-pointer,2,17-21,'WAS',trails
1592,1592,1592,201011190WAS,17.2,6.7,2nd quarter,5:34.0,Marc Gasol,MEM,True,2-pointer,7,39-36,'WAS',leads
1607,1607,1607,201011190WAS,24.0,2.9,3rd quarter,10:01.0,Marc Gasol,MEM,True,2-pointer,2,49-43,'WAS',leads
1611,1611,1611,201011190WAS,25.8,5.0,3rd quarter,7:21.0,Marc Gasol,MEM,True,2-pointer,2,55-47,'WAS',leads
1612,1612,1612,201011190WAS,17.3,9.7,3rd quarter,6:42.0,Marc Gasol,MEM,False,2-pointer,8,55-49,'WAS',leads
1615,1615,1615,201011190WAS,20.5,3.7,3rd quarter,5:15.0,Marc Gasol,MEM,False,2-pointer,4,58-57,'WAS',leads
1637,1637,1637,201011190WAS,24.6,6.5,4th quarter,2:31.0,Marc Gasol,MEM,True,2-pointer,2,81-85,'WAS',trails
887,887,887,201011200MEM,12.4,9.5,1st quarter,9:17.0,Marc Gasol,MEM,False,2-pointer,12,4-0,'MIA',leads
889,889,889,201011200MEM,29.4,8.1,1st quarter,8:03.0,Marc Gasol,MEM,False,2-pointer,6,4-2,'MIA',leads
893,893,893,201011200MEM,30.9,14.1,1st quarter,5:46.0,Marc Gasol,MEM,True,2-pointer,11,10-7,'MIA',leads
901,901,901,201011200MEM,29.3,15.4,1st quarter,1:28.0,Marc Gasol,MEM,True,2-pointer,12,22-12,'MIA',leads
928,928,928,201011200MEM,23.3,5.7,3rd quarter,4:52.0,Marc Gasol,MEM,True,2-pointer,1,58-57,'MIA',leads
945,945,945,201011200MEM,18.1,7.3,4th quarter,7:28.0,Marc Gasol,MEM,True,2-pointer,6,81-80,'MIA',leads
948,948,948,201011200MEM,24.6,5.7,4th quarter,5:23.0,Marc Gasol,MEM,False,2-pointer,1,81-85,'MIA',trails
949,949,949,201011200MEM,25.3,5.4,4th quarter,5:20.0,Marc Gasol,MEM,True,2-pointer,1,83-85,'MIA',trails
703,703,703,201011240MEM,22.3,5.3,1st quarter,9:04.0,Marc Gasol,MEM,True,2-pointer,2,4-9,'DET',trails
723,723,723,201011240MEM,24.4,5.6,2nd quarter,10:32.0,Marc Gasol,MEM,True,2-pointer,1,28-25,'DET',leads
726,726,726,201011240MEM,17.8,7.5,2nd quarter,8:32.0,Marc Gasol,MEM,True,2-pointer,7,32-31,'DET',leads
727,727,727,201011240MEM,21.4,6.9,2nd quarter,7:48.0,Marc Gasol,MEM,False,2-pointer,3,32-33,'DET',trails
781,781,781,201011240MEM,32.3,22.5,4th quarter,2:44.0,Marc Gasol,MEM,True,2-pointer,19,103-78,'DET',leads
907,907,907,201011260MEM,26.4,5.6,1st quarter,10:02.0,Marc Gasol,MEM,True,2-pointer,2,9-2,'MEM',leads
913,913,913,201011260MEM,24.4,20.4,1st quarter,7:14.0,Marc Gasol,MEM,True,2-pointer,15,17-8,'MEM',leads
916,916,916,201011260MEM,24.1,8.4,1st quarter,5:48.0,Marc Gasol,MEM,True,2-pointer,3,21-8,'MEM',leads
929,929,929,201011260MEM,26.4,8.9,2nd quarter,10:14.0,Marc Gasol,MEM,True,2-pointer,5,35-33,'MEM',leads
941,941,941,201011260MEM,28.0,9.8,2nd quarter,4:08.0,Marc Gasol,MEM,False,2-pointer,6,47-45,'MEM',leads
948,948,948,201011260MEM,29.8,21.4,3rd quarter,10:41.0,Marc Gasol,MEM,False,2-pointer,17,63-56,'MEM',leads
953,953,953,201011260MEM,19.7,6.9,3rd quarter,8:12.0,Marc Gasol,MEM,True,2-pointer,5,69-62,'MEM',leads
8,8,8,201011270CLE,27.9,8.7,1st quarter,6:47.0,Marc Gasol,MEM,False,2-pointer,5,12-5,'CLE',leads
25,25,25,201011270CLE,24.0,10.8,2nd quarter,9:26.0,Marc Gasol,MEM,False,2-pointer,6,36-27,'CLE',leads
40,40,40,201011270CLE,26.0,23.3,2nd quarter,1:05.0,Marc Gasol,MEM,False,2-pointer,18,51-43,'CLE',leads
51,51,51,201011270CLE,23.2,6.1,3rd quarter,6:55.0,Marc Gasol,MEM,True,2-pointer,1,60-56,'CLE',leads
52,52,52,201011270CLE,9.9,7.6,3rd quarter,6:20.0,Marc Gasol,MEM,False,2-pointer,14,60-56,'CLE',leads
70,70,70,201011270CLE,12.3,8.9,4th quarter,8:00.0,Marc Gasol,MEM,True,2-pointer,12,75-76,'CLE',trails
72,72,72,201011270CLE,23.5,6.5,4th quarter,6:29.0,Marc Gasol,MEM,False,2-pointer,2,78-77,'CLE',leads
75,75,75,201011270CLE,14.3,7.3,4th quarter,4:57.0,Marc Gasol,MEM,False,2-pointer,10,80-77,'CLE',leads
425,425,425,201011300MEM,25.0,5.7,1st quarter,10:47.0,Marc Gasol,MEM,True,2-pointer,1,2-2,'LAL',tied
449,449,449,201011300MEM,25.8,6.2,2nd quarter,9:44.0,Marc Gasol,MEM,True,2-pointer,2,34-32,'LAL',leads
460,460,460,201011300MEM,22.5,6.2,2nd quarter,3:38.0,Marc Gasol,MEM,False,2-pointer,2,43-43,'LAL',tied
461,461,461,201011300MEM,26.0,6.5,2nd quarter,3:18.0,Marc Gasol,MEM,True,2-pointer,3,45-45,'LAL',tied
470,470,470,201011300MEM,24.0,6.7,3rd quarter,8:56.0,Marc Gasol,MEM,True,2-pointer,2,60-53,'LAL',leads
482,482,482,201011300MEM,23.2,13.0,3rd quarter,1:54.0,Marc Gasol,MEM,False,2-pointer,8,70-63,'LAL',leads
488,488,488,201011300MEM,25.8,7.6,4th quarter,10:05.0,Marc Gasol,MEM,False,2-pointer,3,78-68,'LAL',leads
503,503,503,201011300MEM,26.8,11.7,4th quarter,0:37.9,Marc Gasol,MEM,False,2-pointer,7,98-94,'LAL',leads
5,5,5,201012010ATL,25.0,5.0,1st quarter,9:15.0,Marc Gasol,MEM,True,2-pointer,1,7-2,'MEM',leads
7,7,7,201012010ATL,27.9,11.1,1st quarter,7:50.0,Marc Gasol,MEM,False,2-pointer,7,7-4,'MEM',leads
9,9,9,201012010ATL,23.0,4.7,1st quarter,6:17.0,Marc Gasol,MEM,True,2-pointer,1,11-8,'MEM',leads
12,12,12,201012010ATL,25.7,5.6,1st quarter,4:34.0,Marc Gasol,MEM,True,2-pointer,2,18-12,'MEM',leads
39,39,39,201012010ATL,8.5,14.6,2nd quarter,3:02.0,Marc Gasol,MEM,True,2-pointer,18,52-50,'MEM',leads
48,48,48,201012010ATL,25.2,20.4,3rd quarter,9:49.0,Marc Gasol,MEM,True,2-pointer,15,62-65,'MEM',trails
52,52,52,201012010ATL,15.1,9.2,3rd quarter,7:13.0,Marc Gasol,MEM,False,2-pointer,10,64-69,'MEM',trails
59,59,59,201012010ATL,26.0,5.0,3rd quarter,2:17.0,Marc Gasol,MEM,True,2-pointer,2,72-79,'MEM',trails
1023,1023,1023,201012030MEM,25.0,5.7,1st quarter,11:41.0,Marc Gasol,MEM,True,2-pointer,1,2-0,'HOU',leads
1032,1032,1032,201012030MEM,29.9,11.0,1st quarter,4:46.0,Marc Gasol,MEM,True,2-pointer,8,21-21,'HOU',tied
1056,1056,1056,201012030MEM,18.6,22.2,2nd quarter,3:07.0,Marc Gasol,MEM,True,2-pointer,18,51-62,'HOU',trails
1061,1061,1061,201012030MEM,24.0,8.9,3rd quarter,10:57.0,Marc Gasol,MEM,False,2-pointer,4,62-72,'HOU',trails
1070,1070,1070,201012030MEM,24.7,11.0,3rd quarter,6:47.0,Marc Gasol,MEM,True,2-pointer,6,74-82,'HOU',trails
1074,1074,1074,201012030MEM,27.4,5.4,3rd quarter,3:34.0,Marc Gasol,MEM,True,2-pointer,3,82-89,'HOU',trails
1080,1080,1080,201012030MEM,24.4,15.4,4th quarter,10:25.0,Marc Gasol,MEM,True,2-pointer,10,94-98,'HOU',trails
1083,1083,1083,201012030MEM,17.8,8.1,4th quarter,8:48.0,Marc Gasol,MEM,True,2-pointer,7,96-104,'HOU',trails
1087,1087,1087,201012030MEM,21.4,5.3,4th quarter,7:01.0,Marc Gasol,MEM,False,2-pointer,3,98-108,'HOU',trails
1,1,1,201012050DEN,26.8,10.2,1st quarter,10:34.0,Marc Gasol,MEM,False,2-pointer,6,2-2,'DEN',tied
5,5,5,201012050DEN,8.2,5.4,1st quarter,8:13.0,Marc Gasol,MEM,True,2-pointer,16,6-9,'DEN',trails
22,22,22,201012050DEN,30.1,10.3,2nd quarter,6:41.0,Marc Gasol,MEM,True,2-pointer,8,28-44,'DEN',trails
28,28,28,201012050DEN,18.0,4.8,2nd quarter,2:52.0,Marc Gasol,MEM,True,2-pointer,6,40-51,'DEN',trails
39,39,39,201012050DEN,23.2,13.6,3rd quarter,8:45.0,Marc Gasol,MEM,True,2-pointer,9,56-68,'DEN',trails
72,72,72,201012050DEN,17.6,6.4,4th quarter,6:09.0,Marc Gasol,MEM,True,2-pointer,7,89-92,'DEN',trails
987,987,987,201012060UTA,21.0,13.8,1st quarter,11:30.0,Marc Gasol,MEM,False,2-pointer,9,0-0,'UTA',tied
997,997,997,201012060UTA,21.6,6.1,1st quarter,4:34.0,Marc Gasol,MEM,False,2-pointer,3,12-13,'UTA',trails
1025,1025,1025,201012060UTA,24.0,6.9,2nd quarter,3:08.0,Marc Gasol,MEM,True,2-pointer,2,32-35,'UTA',trails
1036,1036,1036,201012060UTA,23.8,10.6,3rd quarter,8:51.0,Marc Gasol,MEM,True,2-pointer,6,48-48,'UTA',tied
1037,1037,1037,201012060UTA,27.9,6.4,3rd quarter,7:49.0,Marc Gasol,MEM,True,2-pointer,4,50-52,'UTA',trails
1047,1047,1047,201012060UTA,26.8,12.4,3rd quarter,0:39.3,Marc Gasol,MEM,True,2-pointer,8,65-65,'UTA',tied
1123,1123,1123,201012080PHO,26.0,5.7,1st quarter,8:40.0,Marc Gasol,MEM,True,2-pointer,2,6-8,'PHO',trails
1126,1126,1126,201012080PHO,12.8,8.4,1st quarter,6:28.0,Marc Gasol,MEM,False,2-pointer,12,10-12,'PHO',trails
1129,1129,1129,201012080PHO,30.7,21.5,1st quarter,5:05.0,Marc Gasol,MEM,True,2-pointer,18,15-12,'PHO',leads
1130,1130,1130,201012080PHO,11.0,4.4,1st quarter,4:26.0,Marc Gasol,MEM,False,2-pointer,13,15-14,'PHO',leads
1153,1153,1153,201012080PHO,26.4,4.8,2nd quarter,3:48.0,Marc Gasol,MEM,True,2-pointer,2,43-40,'PHO',leads
1185,1185,1185,201012080PHO,15.0,6.4,4th quarter,7:08.0,Marc Gasol,MEM,False,2-pointer,9,82-74,'PHO',leads
938,938,938,201012110LAC,26.9,6.9,1st quarter,6:36.0,Marc Gasol,MEM,False,2-pointer,3,8-9,'MEM',trails
942,942,942,201012110LAC,14.5,4.8,1st quarter,3:36.0,Marc Gasol,MEM,True,2-pointer,10,15-15,'MEM',tied
944,944,944,201012110LAC,32.6,23.6,1st quarter,1:10.0,Marc Gasol,MEM,False,2-pointer,20,19-22,'MEM',trails
946,946,946,201012110LAC,42.7,14.4,1st quarter,0:26.9,Marc Gasol,MEM,False,2-pointer,21,19-25,'MEM',trails
969,969,969,201012110LAC,18.6,8.7,3rd quarter,10:24.0,Marc Gasol,MEM,True,2-pointer,7,45-47,'MEM',trails
975,975,975,201012110LAC,23.3,7.6,3rd quarter,7:27.0,Marc Gasol,MEM,True,2-pointer,3,50-51,'MEM',trails
976,976,976,201012110LAC,17.3,10.2,3rd quarter,6:50.0,Marc Gasol,MEM,False,2-pointer,8,51-53,'MEM',trails
978,978,978,201012110LAC,34.6,12.2,3rd quarter,5:26.0,Marc Gasol,MEM,True,2-pointer,13,55-56,'MEM',trails
992,992,992,201012110LAC,25.3,7.0,4th quarter,9:35.0,Marc Gasol,MEM,True,2-pointer,2,69-68,'MEM',leads
994,994,994,201012110LAC,24.6,14.1,4th quarter,7:40.0,Marc Gasol,MEM,False,2-pointer,9,73-74,'MEM',trails
998,998,998,201012110LAC,16.2,5.6,4th quarter,5:08.0,Marc Gasol,MEM,True,2-pointer,8,75-77,'MEM',trails
403,403,403,201012130MEM,26.8,10.3,1st quarter,10:33.0,Marc Gasol,MEM,False,2-pointer,6,5-0,'POR',leads
428,428,428,201012130MEM,11.3,19.0,2nd quarter,7:48.0,Marc Gasol,MEM,False,2-pointer,19,30-24,'POR',leads
429,429,429,201012130MEM,17.6,9.1,2nd quarter,6:36.0,Marc Gasol,MEM,False,2-pointer,8,32-25,'POR',leads
432,432,432,201012130MEM,25.3,5.1,2nd quarter,5:39.0,Marc Gasol,MEM,True,2-pointer,1,34-29,'POR',leads
436,436,436,201012130MEM,25.3,9.7,2nd quarter,2:50.0,Marc Gasol,MEM,False,2-pointer,5,42-36,'POR',leads
445,445,445,201012130MEM,22.1,9.2,3rd quarter,8:30.0,Marc Gasol,MEM,True,2-pointer,5,53-46,'POR',leads
453,453,453,201012130MEM,22.9,9.4,3rd quarter,1:55.0,Marc Gasol,MEM,False,2-pointer,5,58-60,'POR',trails
460,460,460,201012130MEM,26.1,9.4,4th quarter,11:04.0,Marc Gasol,MEM,False,2-pointer,5,63-64,'POR',trails
392,392,392,201012150MEM,20.3,7.5,1st quarter,10:20.0,Marc Gasol,MEM,False,2-pointer,4,3-3,'CHA',tied
404,404,404,201012150MEM,26.3,10.6,1st quarter,3:05.0,Marc Gasol,MEM,True,2-pointer,6,15-13,'CHA',leads
422,422,422,201012150MEM,30.7,17.6,2nd quarter,3:39.0,Marc Gasol,MEM,False,2-pointer,14,45-28,'CHA',leads
507,507,507,201012170HOU,32.9,8.9,1st quarter,9:33.0,Marc Gasol,MEM,False,2-pointer,10,2-5,'HOU',trails
514,514,514,201012170HOU,23.5,13.6,1st quarter,4:07.0,Marc Gasol,MEM,False,2-pointer,9,9-19,'HOU',trails
522,522,522,201012170HOU,15.3,7.8,2nd quarter,11:00.0,Marc Gasol,MEM,False,2-pointer,9,13-36,'HOU',trails
524,524,524,201012170HOU,23.3,15.7,2nd quarter,9:35.0,Marc Gasol,MEM,False,2-pointer,11,13-43,'HOU',trails
525,525,525,201012170HOU,22.4,12.1,2nd quarter,9:11.0,Marc Gasol,MEM,False,2-pointer,7,13-43,'HOU',trails
530,530,530,201012170HOU,27.4,9.2,2nd quarter,7:10.0,Marc Gasol,MEM,False,2-pointer,5,17-43,'HOU',trails
531,531,531,201012170HOU,27.4,5.9,2nd quarter,6:05.0,Marc Gasol,MEM,True,2-pointer,4,19-43,'HOU',trails
534,534,534,201012170HOU,17.3,10.0,2nd quarter,5:13.0,Marc Gasol,MEM,False,2-pointer,8,21-47,'HOU',trails
538,538,538,201012170HOU,15.0,21.5,2nd quarter,0:58.2,Marc Gasol,MEM,True,2-pointer,19,31-59,'HOU',trails
539,539,539,201012170HOU,24.1,20.6,2nd quarter,0:25.9,Marc Gasol,MEM,False,2-pointer,16,31-59,'HOU',trails
540,540,540,201012170HOU,22.1,11.7,2nd quarter,0:04.9,Marc Gasol,MEM,False,2-pointer,7,31-61,'HOU',trails
541,541,541,201012170HOU,21.3,7.0,2nd quarter,0:02.9,Marc Gasol,MEM,False,2-pointer,3,31-61,'HOU',trails
561,561,561,201012170HOU,32.6,6.7,3rd quarter,0:31.9,Marc Gasol,MEM,False,2-pointer,9,60-87,'HOU',trails
566,566,566,201012170HOU,27.6,6.1,4th quarter,10:13.0,Marc Gasol,MEM,False,2-pointer,4,61-91,'HOU',trails
567,567,567,201012170HOU,18.1,16.0,4th quarter,10:00.0,Marc Gasol,MEM,False,2-pointer,12,61-91,'HOU',trails
575,575,575,201012170HOU,26.6,6.7,4th quarter,4:31.0,Marc Gasol,MEM,False,2-pointer,3,76-97,'HOU',trails
1005,1005,1005,201012180SAS,7.9,10.3,1st quarter,6:49.0,Marc Gasol,MEM,False,2-pointer,17,8-17,'SAS',trails
1022,1022,1022,201012180SAS,31.3,7.5,2nd quarter,11:09.0,Marc Gasol,MEM,True,2-pointer,8,33-28,'SAS',leads
1034,1034,1034,201012180SAS,25.3,11.4,2nd quarter,2:04.0,Marc Gasol,MEM,True,2-pointer,7,45-52,'SAS',trails
1041,1041,1041,201012180SAS,24.6,14.9,3rd quarter,10:29.0,Marc Gasol,MEM,False,2-pointer,10,51-56,'SAS',trails
1050,1050,1050,201012180SAS,25.2,22.2,3rd quarter,7:41.0,Marc Gasol,MEM,True,2-pointer,17,61-62,'SAS',trails
1053,1053,1053,201012180SAS,35.4,21.2,3rd quarter,5:30.0,Marc Gasol,MEM,False,2-pointer,20,63-70,'SAS',trails
1059,1059,1059,201012180SAS,24.4,11.7,3rd quarter,2:55.0,Marc Gasol,MEM,False,2-pointer,7,69-74,'SAS',trails
1078,1078,1078,201012180SAS,36.5,5.0,4th quarter,3:17.0,Marc Gasol,MEM,False,2-pointer,13,91-94,'SAS',trails
1083,1083,1083,201012180SAS,23.5,14.4,1st overtime,4:41.0,Marc Gasol,MEM,False,2-pointer,9,100-100,'SAS',tied
1086,1086,1086,201012180SAS,25.3,22.2,1st overtime,1:49.0,Marc Gasol,MEM,False,2-pointer,17,103-108,'SAS',trails
530,530,530,201012210MEM,19.1,16.0,1st quarter,10:11.0,Marc Gasol,MEM,True,2-pointer,12,4-2,'NJN',leads
531,531,531,201012210MEM,32.3,6.5,1st quarter,9:40.0,Marc Gasol,MEM,False,2-pointer,8,4-2,'NJN',leads
535,535,535,201012210MEM,23.6,9.1,1st quarter,7:35.0,Marc Gasol,MEM,False,2-pointer,4,7-9,'NJN',trails
560,560,560,201012210MEM,14.7,5.7,2nd quarter,7:09.0,Marc Gasol,MEM,True,2-pointer,9,29-37,'NJN',trails
562,562,562,201012210MEM,25.5,6.2,2nd quarter,5:58.0,Marc Gasol,MEM,True,2-pointer,2,33-39,'NJN',trails
568,568,568,201012210MEM,29.3,10.2,2nd quarter,3:11.0,Marc Gasol,MEM,False,2-pointer,7,36-41,'NJN',trails
569,569,569,201012210MEM,19.7,8.7,2nd quarter,2:30.0,Marc Gasol,MEM,False,2-pointer,6,36-41,'NJN',trails
570,570,570,201012210MEM,19.1,5.6,2nd quarter,2:11.0,Marc Gasol,MEM,True,2-pointer,5,38-41,'NJN',trails
579,579,579,201012210MEM,24.1,7.0,3rd quarter,10:44.0,Marc Gasol,MEM,True,2-pointer,2,47-48,'NJN',trails
609,609,609,201012210MEM,25.0,14.4,4th quarter,3:20.0,Marc Gasol,MEM,True,2-pointer,9,84-89,'NJN',trails
525,525,525,201012260IND,23.6,14.1,1st quarter,8:12.0,Marc Gasol,MEM,True,2-pointer,9,8-9,'IND',trails
529,529,529,201012260IND,31.7,6.7,1st quarter,6:27.0,Marc Gasol,MEM,True,2-pointer,8,15-14,'IND',leads
551,551,551,201012260IND,25.0,9.5,2nd quarter,7:48.0,Marc Gasol,MEM,True,2-pointer,5,37-36,'IND',leads
552,552,552,201012260IND,12.4,7.6,2nd quarter,7:25.0,Marc Gasol,MEM,False,2-pointer,12,37-36,'IND',leads
559,559,559,201012260IND,17.2,8.3,2nd quarter,4:18.0,Marc Gasol,MEM,False,2-pointer,8,41-40,'IND',leads
561,561,561,201012260IND,25.7,5.0,2nd quarter,2:54.0,Marc Gasol,MEM,False,2-pointer,2,42-42,'IND',tied
562,562,562,201012260IND,24.4,5.7,2nd quarter,1:24.0,Marc Gasol,MEM,True,2-pointer,1,48-46,'IND',leads
568,568,568,201012260IND,26.3,5.6,3rd quarter,9:21.0,Marc Gasol,MEM,True,2-pointer,2,57-51,'IND',leads
596,596,596,201012260IND,32.9,19.9,4th quarter,5:40.0,Marc Gasol,MEM,False,2-pointer,17,93-80,'IND',leads
599,599,599,201012260IND,24.0,4.4,4th quarter,3:34.0,Marc Gasol,MEM,True,2-pointer,1,97-85,'IND',leads
603,603,603,201012260IND,35.9,5.6,4th quarter,0:14.8,Marc Gasol,MEM,True,2-pointer,12,104-90,'IND',leads
577,577,577,201012270MEM,25.0,6.4,1st quarter,9:57.0,Marc Gasol,MEM,False,2-pointer,2,2-4,'TOR',trails
579,579,579,201012270MEM,23.6,13.8,1st quarter,8:40.0,Marc Gasol,MEM,True,2-pointer,9,7-8,'TOR',trails
581,581,581,201012270MEM,17.8,8.7,1st quarter,6:16.0,Marc Gasol,MEM,False,2-pointer,7,8-16,'TOR',trails
599,599,599,201012270MEM,17.2,5.9,2nd quarter,6:30.0,Marc Gasol,MEM,False,2-pointer,7,26-32,'TOR',trails
605,605,605,201012270MEM,24.0,5.1,2nd quarter,2:47.0,Marc Gasol,MEM,True,2-pointer,0,40-39,'TOR',leads
619,619,619,201012270MEM,24.0,21.7,3rd quarter,6:14.0,Marc Gasol,MEM,True,2-pointer,17,64-54,'TOR',leads
628,628,628,201012270MEM,27.6,6.9,4th quarter,10:52.0,Marc Gasol,MEM,True,2-pointer,4,79-63,'TOR',leads
630,630,630,201012270MEM,22.2,6.9,4th quarter,8:15.0,Marc Gasol,MEM,False,2-pointer,3,81-69,'TOR',leads
1432,1432,1432,201012290SAC,24.2,6.1,1st quarter,4:51.0,Marc Gasol,MEM,True,2-pointer,1,12-12,'SAC',tied
1433,1433,1433,201012290SAC,24.9,11.3,1st quarter,4:15.0,Marc Gasol,MEM,False,2-pointer,6,12-12,'SAC',tied
1443,1443,1443,201012290SAC,24.1,15.8,2nd quarter,9:50.0,Marc Gasol,MEM,False,2-pointer,11,32-27,'SAC',leads
1450,1450,1450,201012290SAC,24.6,11.6,2nd quarter,4:59.0,Marc Gasol,MEM,False,2-pointer,7,42-40,'SAC',leads
1451,1451,1451,201012290SAC,27.6,10.5,2nd quarter,3:38.0,Marc Gasol,MEM,False,2-pointer,7,43-42,'SAC',leads
1462,1462,1462,201012290SAC,24.1,12.7,3rd quarter,10:18.0,Marc Gasol,MEM,False,2-pointer,8,53-52,'SAC',leads
1471,1471,1471,201012290SAC,16.2,6.5,3rd quarter,6:20.0,Marc Gasol,MEM,False,2-pointer,8,59-56,'SAC',leads
1473,1473,1473,201012290SAC,21.7,9.7,3rd quarter,5:42.0,Marc Gasol,MEM,False,2-pointer,5,61-58,'SAC',leads
1484,1484,1484,201012290SAC,22.2,14.4,4th quarter,11:29.0,Marc Gasol,MEM,True,2-pointer,10,76-70,'SAC',leads
1485,1485,1485,201012290SAC,18.0,8.4,4th quarter,10:51.0,Marc Gasol,MEM,False,2-pointer,7,76-72,'SAC',leads
1489,1489,1489,201012290SAC,16.4,11.0,4th quarter,8:50.0,Marc Gasol,MEM,True,2-pointer,10,80-74,'SAC',leads
1491,1491,1491,201012290SAC,21.7,6.5,4th quarter,7:11.0,Marc Gasol,MEM,True,2-pointer,3,85-77,'SAC',leads
1495,1495,1495,201012290SAC,22.1,10.3,4th quarter,4:18.0,Marc Gasol,MEM,False,2-pointer,6,89-82,'SAC',leads
968,968,968,201101010UTA,23.8,9.7,1st quarter,11:17.0,Marc Gasol,MEM,False,2-pointer,5,2-0,'UTA',leads
969,969,969,201101010UTA,26.3,5.0,1st quarter,11:10.0,Marc Gasol,MEM,True,2-pointer,2,4-0,'UTA',leads
982,982,982,201101010UTA,21.1,10.0,1st quarter,2:00.0,Marc Gasol,MEM,False,2-pointer,6,16-18,'UTA',trails
993,993,993,201101010UTA,24.0,6.5,2nd quarter,3:54.0,Marc Gasol,MEM,False,2-pointer,2,31-42,'UTA',trails
994,994,994,201101010UTA,23.8,5.9,2nd quarter,3:52.0,Marc Gasol,MEM,True,2-pointer,1,33-42,'UTA',trails
1001,1001,1001,201101010UTA,21.6,5.6,3rd quarter,11:30.0,Marc Gasol,MEM,True,2-pointer,2,40-50,'UTA',trails
1009,1009,1009,201101010UTA,21.4,29.2,3rd quarter,6:24.0,Marc Gasol,MEM,True,3-pointer,24,54-61,'UTA',trails
1038,1038,1038,201101010UTA,16.9,5.6,4th quarter,1:34.0,Marc Gasol,MEM,False,2-pointer,7,89-94,'UTA',trails
319,319,319,201101020LAL,24.4,5.6,1st quarter,6:55.0,Marc Gasol,MEM,False,2-pointer,1,6-9,'LAL',trails
326,326,326,201101020LAL,23.8,12.5,1st quarter,1:23.0,Marc Gasol,MEM,False,2-pointer,8,18-15,'LAL',leads
349,349,349,201101020LAL,17.0,7.6,2nd quarter,3:48.0,Marc Gasol,MEM,False,2-pointer,7,38-37,'LAL',leads
356,356,356,201101020LAL,26.8,8.3,2nd quarter,1:02.0,Marc Gasol,MEM,False,2-pointer,4,46-39,'LAL',leads
362,362,362,201101020LAL,23.0,22.9,3rd quarter,9:55.0,Marc Gasol,MEM,False,2-pointer,18,52-43,'LAL',leads
366,366,366,201101020LAL,23.6,7.2,3rd quarter,8:40.0,Marc Gasol,MEM,False,2-pointer,2,52-47,'LAL',leads
370,370,370,201101020LAL,23.6,13.8,3rd quarter,6:45.0,Marc Gasol,MEM,False,2-pointer,9,54-52,'LAL',leads
372,372,372,201101020LAL,21.6,5.9,3rd quarter,5:52.0,Marc Gasol,MEM,True,2-pointer,3,58-54,'LAL',leads
377,377,377,201101020LAL,27.9,7.3,3rd quarter,2:41.0,Marc Gasol,MEM,True,2-pointer,5,70-60,'LAL',leads
388,388,388,201101020LAL,20.0,6.4,4th quarter,8:58.0,Marc Gasol,MEM,False,2-pointer,4,87-67,'LAL',leads
555,555,555,201101040MEM,18.1,5.6,1st quarter,9:08.0,Marc Gasol,MEM,False,2-pointer,6,7-2,'OKC',leads
559,559,559,201101040MEM,26.8,23.3,1st quarter,7:23.0,Marc Gasol,MEM,True,2-pointer,19,13-4,'OKC',leads
567,567,567,201101040MEM,23.3,5.6,1st quarter,3:46.0,Marc Gasol,MEM,True,2-pointer,1,21-13,'OKC',leads
568,568,568,201101040MEM,27.7,8.7,1st quarter,2:43.0,Marc Gasol,MEM,False,2-pointer,5,21-17,'OKC',leads
570,570,570,201101040MEM,24.6,5.6,1st quarter,1:50.0,Marc Gasol,MEM,True,2-pointer,1,23-20,'OKC',leads
590,590,590,201101040MEM,19.2,5.7,2nd quarter,3:51.0,Marc Gasol,MEM,True,2-pointer,5,47-46,'OKC',leads
592,592,592,201101040MEM,25.5,6.1,2nd quarter,1:45.0,Marc Gasol,MEM,True,2-pointer,2,49-51,'OKC',trails
610,610,610,201101040MEM,25.2,13.5,3rd quarter,5:13.0,Marc Gasol,MEM,False,2-pointer,9,70-67,'OKC',leads
719,719,719,201101070MEM,25.2,4.5,1st quarter,6:06.0,Marc Gasol,MEM,False,2-pointer,1,16-10,'UTA',leads
721,721,721,201101070MEM,25.3,6.5,1st quarter,5:37.0,Marc Gasol,MEM,False,2-pointer,2,16-12,'UTA',leads
740,740,740,201101070MEM,17.5,6.5,2nd quarter,7:02.0,Marc Gasol,MEM,True,2-pointer,7,37-28,'UTA',leads
744,744,744,201101070MEM,26.8,8.4,2nd quarter,4:48.0,Marc Gasol,MEM,True,2-pointer,4,41-32,'UTA',leads
747,747,747,201101070MEM,32.3,17.9,2nd quarter,1:58.0,Marc Gasol,MEM,False,2-pointer,15,43-39,'UTA',leads
757,757,757,201101070MEM,24.1,6.9,3rd quarter,8:40.0,Marc Gasol,MEM,False,2-pointer,2,56-46,'UTA',leads
758,758,758,201101070MEM,25.8,6.1,3rd quarter,8:10.0,Marc Gasol,MEM,True,2-pointer,2,60-48,'UTA',leads
760,760,760,201101070MEM,19.7,6.5,3rd quarter,7:28.0,Marc Gasol,MEM,False,2-pointer,5,60-50,'UTA',leads
766,766,766,201101070MEM,23.5,4.8,3rd quarter,3:34.0,Marc Gasol,MEM,True,2-pointer,1,70-58,'UTA',leads
786,786,786,201101070MEM,21.3,5.6,4th quarter,6:34.0,Marc Gasol,MEM,True,2-pointer,3,93-80,'UTA',leads
788,788,788,201101070MEM,25.5,9.7,4th quarter,4:46.0,Marc Gasol,MEM,False,2-pointer,5,94-86,'UTA',leads
1137,1137,1137,201101080OKC,24.4,5.3,1st quarter,8:15.0,Marc Gasol,MEM,True,2-pointer,1,6-8,'OKC',trails
1143,1143,1143,201101080OKC,21.3,6.2,1st quarter,5:27.0,Marc Gasol,MEM,False,2-pointer,3,12-14,'OKC',trails
1147,1147,1147,201101080OKC,24.0,13.3,1st quarter,2:16.0,Marc Gasol,MEM,False,2-pointer,8,14-18,'OKC',trails
1187,1187,1187,201101080OKC,18.6,9.8,3rd quarter,7:33.0,Marc Gasol,MEM,True,2-pointer,7,61-59,'OKC',leads
149,149,149,201101100CHA,23.0,5.4,1st quarter,11:11.0,Marc Gasol,MEM,True,2-pointer,1,2-0,'CHA',leads
156,156,156,201101100CHA,23.3,9.7,1st quarter,6:30.0,Marc Gasol,MEM,False,2-pointer,5,4-9,'CHA',trails
174,174,174,201101100CHA,22.1,5.9,2nd quarter,10:08.0,Marc Gasol,MEM,False,2-pointer,2,16-24,'CHA',trails
179,179,179,201101100CHA,30.4,13.5,2nd quarter,8:28.0,Marc Gasol,MEM,True,2-pointer,11,20-29,'CHA',trails
196,196,196,201101100CHA,24.7,5.4,3rd quarter,9:47.0,Marc Gasol,MEM,True,2-pointer,1,35-50,'CHA',trails
205,205,205,201101100CHA,31.0,20.3,3rd quarter,4:40.0,Marc Gasol,MEM,True,2-pointer,17,47-58,'CHA',trails
211,211,211,201101100CHA,11.8,7.3,3rd quarter,0:07.9,Marc Gasol,MEM,False,2-pointer,12,57-66,'CHA',trails
320,320,320,201101120DET,24.2,6.2,1st quarter,9:16.0,Marc Gasol,MEM,False,2-pointer,1,0-4,'DET',trails
322,322,322,201101120DET,26.3,11.6,1st quarter,7:54.0,Marc Gasol,MEM,True,2-pointer,7,5-8,'DET',trails
344,344,344,201101120DET,24.0,5.7,2nd quarter,6:54.0,Marc Gasol,MEM,True,2-pointer,1,32-33,'DET',trails
349,349,349,201101120DET,24.1,5.7,2nd quarter,3:44.0,Marc Gasol,MEM,False,2-pointer,1,36-38,'DET',trails
368,368,368,201101120DET,29.0,14.4,3rd quarter,1:14.0,Marc Gasol,MEM,False,2-pointer,11,70-61,'DET',leads
889,889,889,201101150MEM,25.0,5.7,1st quarter,11:40.0,Marc Gasol,MEM,False,2-pointer,1,0-0,'DAL',tied
890,890,890,201101150MEM,25.0,5.1,1st quarter,10:52.0,Marc Gasol,MEM,True,2-pointer,1,2-3,'DAL',trails
895,895,895,201101150MEM,19.2,21.0,1st quarter,8:23.0,Marc Gasol,MEM,False,2-pointer,17,8-6,'DAL',leads
901,901,901,201101150MEM,29.8,7.3,1st quarter,5:35.0,Marc Gasol,MEM,False,2-pointer,6,16-6,'DAL',leads
903,903,903,201101150MEM,24.0,4.7,1st quarter,4:52.0,Marc Gasol,MEM,True,2-pointer,0,20-7,'DAL',leads
909,909,909,201101150MEM,26.1,10.6,1st quarter,1:04.0,Marc Gasol,MEM,True,2-pointer,6,28-19,'DAL',leads
932,932,932,201101150MEM,25.3,9.4,3rd quarter,10:51.0,Marc Gasol,MEM,False,2-pointer,5,48-38,'DAL',leads
933,933,933,201101150MEM,21.7,9.2,3rd quarter,10:16.0,Marc Gasol,MEM,True,2-pointer,5,50-38,'DAL',leads
934,934,934,201101150MEM,19.7,13.2,3rd quarter,9:04.0,Marc Gasol,MEM,False,2-pointer,9,50-38,'DAL',leads
951,951,951,201101150MEM,14.5,9.2,4th quarter,9:49.0,Marc Gasol,MEM,False,2-pointer,10,70-50,'DAL',leads
1197,1197,1197,201101170MEM,25.0,8.9,1st quarter,7:53.0,Marc Gasol,MEM,False,2-pointer,4,5-9,'MEM',trails
1212,1212,1212,201101170MEM,23.3,5.9,2nd quarter,11:21.0,Marc Gasol,MEM,True,2-pointer,1,19-28,'MEM',trails
1226,1226,1226,201101170MEM,35.0,15.8,2nd quarter,4:11.0,Marc Gasol,MEM,True,2-pointer,15,33-40,'MEM',trails
1236,1236,1236,201101170MEM,24.1,6.2,3rd quarter,10:15.0,Marc Gasol,MEM,True,2-pointer,1,44-55,'MEM',trails
1240,1240,1240,201101170MEM,24.2,5.4,3rd quarter,7:30.0,Marc Gasol,MEM,True,2-pointer,0,50-62,'MEM',trails
1243,1243,1243,201101170MEM,24.2,13.0,3rd quarter,6:33.0,Marc Gasol,MEM,False,2-pointer,8,51-66,'MEM',trails
1263,1263,1263,201101170MEM,31.7,7.3,4th quarter,2:26.0,Marc Gasol,MEM,True,2-pointer,8,82-91,'MEM',trails
1457,1457,1457,201101190NOH,24.0,7.8,1st quarter,8:16.0,Marc Gasol,MEM,True,2-pointer,3,6-4,'NOH',leads
1458,1458,1458,201101190NOH,23.2,7.6,1st quarter,6:57.0,Marc Gasol,MEM,True,2-pointer,3,9-8,'NOH',leads
1466,1466,1466,201101190NOH,8.2,5.6,1st quarter,2:53.0,Marc Gasol,MEM,False,2-pointer,16,18-12,'NOH',leads
1494,1494,1494,201101190NOH,23.5,6.7,3rd quarter,10:28.0,Marc Gasol,MEM,False,2-pointer,2,53-42,'NOH',leads
1495,1495,1495,201101190NOH,14.5,8.3,3rd quarter,9:58.0,Marc Gasol,MEM,False,2-pointer,10,53-43,'NOH',leads
1497,1497,1497,201101190NOH,18.3,8.1,3rd quarter,8:56.0,Marc Gasol,MEM,True,2-pointer,6,58-45,'NOH',leads
1526,1526,1526,201101190NOH,17.3,6.7,4th quarter,5:01.0,Marc Gasol,MEM,True,2-pointer,7,83-82,'NOH',leads
1533,1533,1533,201101190NOH,24.7,5.0,1st overtime,3:15.0,Marc Gasol,MEM,True,2-pointer,1,96-94,'NOH',leads
916,916,916,201101210MEM,17.6,10.5,2nd quarter,1:56.0,Marc Gasol,MEM,False,2-pointer,8,53-58,'HOU',trails
919,919,919,201101210MEM,16.9,9.5,3rd quarter,11:17.0,Marc Gasol,MEM,True,2-pointer,8,60-70,'HOU',trails
921,921,921,201101210MEM,14.5,4.7,3rd quarter,9:54.0,Marc Gasol,MEM,False,2-pointer,10,62-72,'HOU',trails
960,960,960,201101210MEM,18.6,7.2,4th quarter,1:18.0,Marc Gasol,MEM,True,2-pointer,6,109-108,'HOU',leads
989,989,989,201101220MIL,13.9,3.4,1st quarter,6:25.0,Marc Gasol,MEM,False,2-pointer,10,10-9,'MIL',leads
992,992,992,201101220MIL,18.0,7.8,1st quarter,2:46.0,Marc Gasol,MEM,True,2-pointer,7,15-17,'MIL',trails
1015,1015,1015,201101220MIL,27.1,23.1,2nd quarter,0:45.9,Marc Gasol,MEM,True,2-pointer,18,43-37,'MIL',leads
1018,1018,1018,201101220MIL,23.9,5.3,3rd quarter,11:41.0,Marc Gasol,MEM,True,2-pointer,0,45-40,'MIL',leads
1020,1020,1020,201101220MIL,11.0,10.6,3rd quarter,10:11.0,Marc Gasol,MEM,False,2-pointer,14,47-42,'MIL',leads
1021,1021,1021,201101220MIL,20.0,8.3,3rd quarter,9:52.0,Marc Gasol,MEM,True,2-pointer,5,49-42,'MIL',leads
1027,1027,1027,201101220MIL,24.9,5.1,3rd quarter,6:24.0,Marc Gasol,MEM,True,2-pointer,1,61-48,'MIL',leads
1028,1028,1028,201101220MIL,24.2,5.4,3rd quarter,5:17.0,Marc Gasol,MEM,False,2-pointer,0,61-50,'MIL',leads
1031,1031,1031,201101220MIL,24.2,5.6,3rd quarter,3:57.0,Marc Gasol,MEM,True,2-pointer,1,63-52,'MIL',leads
1035,1035,1035,201101220MIL,26.4,5.4,3rd quarter,1:41.0,Marc Gasol,MEM,False,2-pointer,2,68-54,'MIL',leads
1048,1048,1048,201101220MIL,27.1,9.1,4th quarter,5:20.0,Marc Gasol,MEM,True,2-pointer,5,81-73,'MIL',leads
1473,1473,1473,201101240TOR,24.6,9.7,1st quarter,6:48.0,Marc Gasol,MEM,False,2-pointer,5,9-12,'TOR',trails
1475,1475,1475,201101240TOR,25.2,10.6,1st quarter,6:02.0,Marc Gasol,MEM,False,2-pointer,6,9-12,'TOR',trails
1486,1486,1486,201101240TOR,17.5,7.0,2nd quarter,11:43.0,Marc Gasol,MEM,False,2-pointer,7,25-24,'TOR',leads
1488,1488,1488,201101240TOR,23.5,6.2,2nd quarter,11:05.0,Marc Gasol,MEM,True,2-pointer,1,27-26,'TOR',leads
1492,1492,1492,201101240TOR,11.3,5.9,2nd quarter,8:46.0,Marc Gasol,MEM,False,2-pointer,13,32-28,'TOR',leads
1495,1495,1495,201101240TOR,18.3,12.4,2nd quarter,7:12.0,Marc Gasol,MEM,False,2-pointer,9,36-32,'TOR',leads
1504,1504,1504,201101240TOR,25.7,10.6,2nd quarter,1:10.0,Marc Gasol,MEM,True,2-pointer,6,46-45,'TOR',leads
1506,1506,1506,201101240TOR,23.8,6.9,2nd quarter,0:26.4,Marc Gasol,MEM,True,2-pointer,2,48-47,'TOR',leads
1509,1509,1509,201101240TOR,14.5,6.1,3rd quarter,10:46.0,Marc Gasol,MEM,False,2-pointer,10,53-51,'TOR',leads
1514,1514,1514,201101240TOR,25.8,6.4,3rd quarter,8:42.0,Marc Gasol,MEM,True,2-pointer,2,57-55,'TOR',leads
1515,1515,1515,201101240TOR,22.5,5.9,3rd quarter,8:16.0,Marc Gasol,MEM,True,2-pointer,2,59-58,'TOR',leads
1524,1524,1524,201101240TOR,19.9,8.4,3rd quarter,3:55.0,Marc Gasol,MEM,True,2-pointer,5,70-66,'TOR',leads
1534,1534,1534,201101240TOR,31.2,6.7,4th quarter,10:35.0,Marc Gasol,MEM,False,2-pointer,7,82-74,'TOR',leads
1536,1536,1536,201101240TOR,22.4,5.6,4th quarter,9:55.0,Marc Gasol,MEM,True,2-pointer,2,84-76,'TOR',leads
998,998,998,201101260NJN,27.6,6.5,1st quarter,11:43.0,Marc Gasol,MEM,False,2-pointer,4,0-0,'NJN',tied
1002,1002,1002,201101260NJN,15.8,19.3,1st quarter,9:19.0,Marc Gasol,MEM,False,2-pointer,16,4-4,'NJN',tied
1006,1006,1006,201101260NJN,21.0,11.7,1st quarter,6:49.0,Marc Gasol,MEM,False,2-pointer,7,10-4,'NJN',leads
1008,1008,1008,201101260NJN,25.7,6.2,1st quarter,6:41.0,Marc Gasol,MEM,True,2-pointer,2,12-4,'NJN',leads
1016,1016,1016,201101260NJN,23.6,11.3,1st quarter,1:04.0,Marc Gasol,MEM,True,2-pointer,6,28-14,'NJN',leads
1034,1034,1034,201101260NJN,19.1,9.7,2nd quarter,2:46.0,Marc Gasol,MEM,False,2-pointer,7,47-37,'NJN',leads
1036,1036,1036,201101260NJN,23.6,11.3,2nd quarter,1:57.0,Marc Gasol,MEM,False,2-pointer,6,49-37,'NJN',leads
1038,1038,1038,201101260NJN,21.7,24.2,2nd quarter,0:28.9,Marc Gasol,MEM,False,2-pointer,19,51-42,'NJN',leads
1046,1046,1046,201101260NJN,21.7,5.9,3rd quarter,7:51.0,Marc Gasol,MEM,True,2-pointer,2,55-44,'NJN',leads
1064,1064,1064,201101260NJN,20.6,11.0,4th quarter,6:36.0,Marc Gasol,MEM,False,2-pointer,7,75-75,'NJN',tied
1068,1068,1068,201101260NJN,31.3,11.4,4th quarter,4:31.0,Marc Gasol,MEM,False,2-pointer,10,76-79,'NJN',trails
1368,1368,1368,201101280PHI,33.9,3.3,1st quarter,8:25.0,Marc Gasol,MEM,False,2-pointer,10,4-4,'MEM',tied
1370,1370,1370,201101280PHI,23.6,5.9,1st quarter,7:31.0,Marc Gasol,MEM,True,2-pointer,1,6-4,'MEM',leads
1375,1375,1375,201101280PHI,21.9,6.5,1st quarter,4:33.0,Marc Gasol,MEM,False,2-pointer,3,11-8,'MEM',leads
1378,1378,1378,201101280PHI,24.7,10.0,1st quarter,3:03.0,Marc Gasol,MEM,True,2-pointer,5,17-11,'MEM',leads
1389,1389,1389,201101280PHI,25.0,12.8,2nd quarter,7:26.0,Marc Gasol,MEM,False,2-pointer,8,25-30,'MEM',trails
1392,1392,1392,201101280PHI,30.9,5.7,2nd quarter,5:00.0,Marc Gasol,MEM,False,2-pointer,7,30-34,'MEM',trails
1436,1436,1436,201101280PHI,24.2,6.4,4th quarter,4:36.0,Marc Gasol,MEM,True,2-pointer,1,76-84,'MEM',trails
1438,1438,1438,201101280PHI,25.2,12.5,4th quarter,3:09.0,Marc Gasol,MEM,True,2-pointer,8,80-84,'MEM',trails
552,552,552,201101290MEM,24.6,6.1,1st quarter,9:01.0,Marc Gasol,MEM,False,2-pointer,1,6-6,'MEM',tied
554,554,554,201101290MEM,25.2,5.4,1st quarter,8:21.0,Marc Gasol,MEM,True,2-pointer,1,11-9,'MEM',leads
600,600,600,201101290MEM,24.1,5.1,3rd quarter,5:47.0,Marc Gasol,MEM,True,2-pointer,0,69-61,'MEM',leads
605,605,605,201101290MEM,24.6,4.7,3rd quarter,4:54.0,Marc Gasol,MEM,True,2-pointer,1,71-63,'MEM',leads
612,612,612,201101290MEM,24.7,26.6,3rd quarter,0:16.5,Marc Gasol,MEM,True,2-pointer,22,86-65,'MEM',leads
614,614,614,201101290MEM,35.6,9.1,4th quarter,10:30.0,Marc Gasol,MEM,False,2-pointer,12,88-69,'MEM',leads
615,615,615,201101290MEM,25.3,7.0,4th quarter,9:39.0,Marc Gasol,MEM,False,2-pointer,2,88-72,'MEM',leads
619,619,619,201101290MEM,24.6,6.5,4th quarter,8:00.0,Marc Gasol,MEM,True,2-pointer,2,92-74,'MEM',leads
621,621,621,201101290MEM,17.5,13.2,4th quarter,6:22.0,Marc Gasol,MEM,True,2-pointer,10,96-78,'MEM',leads
626,626,626,201101290MEM,20.0,15.2,4th quarter,3:41.0,Marc Gasol,MEM,False,2-pointer,11,100-83,'MEM',leads
557,557,557,201101310MEM,24.2,5.9,1st quarter,10:18.0,Marc Gasol,MEM,True,2-pointer,1,2-7,'ORL',trails
560,560,560,201101310MEM,24.2,5.7,1st quarter,8:46.0,Marc Gasol,MEM,True,2-pointer,1,6-12,'ORL',trails
561,561,561,201101310MEM,23.8,8.9,1st quarter,8:08.0,Marc Gasol,MEM,True,2-pointer,4,8-14,'ORL',trails
562,562,562,201101310MEM,8.5,5.7,1st quarter,7:25.0,Marc Gasol,MEM,False,2-pointer,16,8-17,'ORL',trails
566,566,566,201101310MEM,17.8,9.2,1st quarter,4:17.0,Marc Gasol,MEM,False,2-pointer,7,13-23,'ORL',trails
583,583,583,201101310MEM,20.3,7.2,2nd quarter,4:48.0,Marc Gasol,MEM,True,2-pointer,4,42-44,'ORL',trails
588,588,588,201101310MEM,31.5,13.8,2nd quarter,2:02.0,Marc Gasol,MEM,True,2-pointer,12,50-52,'ORL',trails
594,594,594,201101310MEM,24.1,19.5,3rd quarter,10:57.0,Marc Gasol,MEM,True,2-pointer,15,58-58,'ORL',tied
596,596,596,201101310MEM,24.0,5.4,3rd quarter,10:00.0,Marc Gasol,MEM,True,2-pointer,0,61-60,'ORL',leads
604,604,604,201101310MEM,18.3,11.7,3rd quarter,6:40.0,Marc Gasol,MEM,True,2-pointer,9,74-66,'ORL',leads
626,626,626,201101310MEM,24.1,5.3,4th quarter,2:01.0,Marc Gasol,MEM,True,2-pointer,0,98-96,'ORL',leads
774,774,774,201102020MIN,33.9,5.0,1st quarter,11:42.0,Marc Gasol,MEM,True,2-pointer,10,2-0,'MIN',leads
782,782,782,201102020MIN,21.9,7.0,1st quarter,8:44.0,Marc Gasol,MEM,True,2-pointer,3,8-9,'MIN',trails
787,787,787,201102020MIN,25.5,8.6,1st quarter,6:13.0,Marc Gasol,MEM,True,2-pointer,4,14-12,'MIN',leads
812,812,812,201102020MIN,12.3,7.2,2nd quarter,3:51.0,Marc Gasol,MEM,False,2-pointer,12,42-32,'MIN',leads
828,828,828,201102020MIN,24.0,5.7,3rd quarter,8:20.0,Marc Gasol,MEM,True,2-pointer,1,58-45,'MIN',leads
833,833,833,201102020MIN,25.7,9.7,3rd quarter,5:07.0,Marc Gasol,MEM,False,2-pointer,5,65-49,'MIN',leads
852,852,852,201102020MIN,20.3,7.0,4th quarter,5:40.0,Marc Gasol,MEM,False,2-pointer,4,91-72,'MIN',leads
859,859,859,201102020MIN,24.4,29.4,4th quarter,1:28.0,Marc Gasol,MEM,True,3-pointer,24,102-79,'MIN',leads
1059,1059,1059,201102040MEM,18.1,11.1,1st quarter,8:08.0,Marc Gasol,MEM,True,2-pointer,8,14-10,'MEM',leads
1093,1093,1093,201102040MEM,24.0,12.2,3rd quarter,11:08.0,Marc Gasol,MEM,False,2-pointer,7,52-62,'MEM',trails
1099,1099,1099,201102040MEM,17.6,6.2,3rd quarter,6:57.0,Marc Gasol,MEM,True,2-pointer,7,66-69,'MEM',trails
1103,1103,1103,201102040MEM,23.5,10.3,3rd quarter,4:08.0,Marc Gasol,MEM,False,2-pointer,5,70-73,'MEM',trails
1123,1123,1123,201102040MEM,14.2,7.2,4th quarter,5:17.0,Marc Gasol,MEM,False,2-pointer,10,101-92,'MEM',leads
1129,1129,1129,201102040MEM,24.9,14.4,4th quarter,2:07.0,Marc Gasol,MEM,True,2-pointer,9,111-100,'MEM',leads
491,491,491,201102050HOU,25.7,22.6,1st quarter,11:04.0,Marc Gasol,MEM,True,2-pointer,18,2-0,'HOU',leads
492,492,492,201102050HOU,27.4,5.4,1st quarter,10:12.0,Marc Gasol,MEM,True,2-pointer,3,4-3,'HOU',leads
496,496,496,201102050HOU,22.9,4.7,1st quarter,8:04.0,Marc Gasol,MEM,True,2-pointer,1,8-6,'HOU',leads
501,501,501,201102050HOU,18.6,11.4,1st quarter,6:02.0,Marc Gasol,MEM,False,2-pointer,8,13-12,'HOU',leads
503,503,503,201102050HOU,25.0,13.3,1st quarter,5:09.0,Marc Gasol,MEM,False,2-pointer,8,13-14,'HOU',trails
504,504,504,201102050HOU,22.1,6.1,1st quarter,4:06.0,Marc Gasol,MEM,False,2-pointer,2,13-16,'HOU',trails
509,509,509,201102050HOU,30.5,6.7,1st quarter,1:42.0,Marc Gasol,MEM,True,2-pointer,7,19-18,'HOU',leads
532,532,532,201102050HOU,22.7,5.3,2nd quarter,0:16.9,Marc Gasol,MEM,False,2-pointer,1,49-43,'HOU',leads
540,540,540,201102050HOU,14.3,11.9,3rd quarter,7:55.0,Marc Gasol,MEM,True,2-pointer,12,59-53,'HOU',leads
548,548,548,201102050HOU,22.4,5.7,3rd quarter,3:06.0,Marc Gasol,MEM,False,2-pointer,2,61-65,'HOU',trails
550,550,550,201102050HOU,16.7,6.7,3rd quarter,2:21.0,Marc Gasol,MEM,True,2-pointer,8,65-65,'HOU',tied
551,551,551,201102050HOU,25.3,5.6,3rd quarter,1:47.0,Marc Gasol,MEM,False,2-pointer,1,65-65,'HOU',tied
552,552,552,201102050HOU,15.6,8.6,3rd quarter,1:06.0,Marc Gasol,MEM,True,2-pointer,9,69-65,'HOU',leads
562,562,562,201102050HOU,23.5,13.2,4th quarter,5:20.0,Marc Gasol,MEM,False,2-pointer,8,81-80,'HOU',leads
568,568,568,201102050HOU,22.2,5.6,4th quarter,0:23.9,Marc Gasol,MEM,False,2-pointer,2,87-87,'HOU',tied
737,737,737,201102070MEM,31.0,12.1,1st quarter,9:04.0,Marc Gasol,MEM,False,2-pointer,10,4-4,'LAL',tied
739,739,739,201102070MEM,25.0,24.7,1st quarter,8:14.0,Marc Gasol,MEM,True,2-pointer,20,8-4,'LAL',leads
742,742,742,201102070MEM,21.7,15.5,1st quarter,6:23.0,Marc Gasol,MEM,False,2-pointer,11,11-10,'LAL',leads
747,747,747,201102070MEM,24.6,5.0,1st quarter,2:54.0,Marc Gasol,MEM,True,2-pointer,1,23-16,'LAL',leads
748,748,748,201102070MEM,17.5,7.2,1st quarter,2:02.0,Marc Gasol,MEM,False,2-pointer,7,25-18,'LAL',leads
749,749,749,201102070MEM,24.1,6.2,1st quarter,1:48.0,Marc Gasol,MEM,False,2-pointer,1,25-18,'LAL',leads
750,750,750,201102070MEM,25.0,5.0,1st quarter,1:29.0,Marc Gasol,MEM,True,2-pointer,1,27-19,'LAL',leads
772,772,772,201102070MEM,25.2,6.7,2nd quarter,0:23.9,Marc Gasol,MEM,False,2-pointer,2,45-48,'LAL',trails
792,792,792,201102070MEM,11.8,8.1,3rd quarter,1:05.0,Marc Gasol,MEM,True,2-pointer,13,66-71,'LAL',trails
793,793,793,201102070MEM,11.0,17.6,4th quarter,11:17.0,Marc Gasol,MEM,False,2-pointer,18,68-73,'LAL',trails
802,802,802,201102070MEM,24.7,5.7,4th quarter,6:01.0,Marc Gasol,MEM,False,2-pointer,1,76-81,'LAL',trails
806,806,806,201102070MEM,31.3,8.1,4th quarter,2:43.0,Marc Gasol,MEM,False,2-pointer,8,76-89,'LAL',trails
807,807,807,201102070MEM,25.0,5.3,4th quarter,2:40.0,Marc Gasol,MEM,False,2-pointer,1,76-89,'LAL',trails
808,808,808,201102070MEM,24.1,5.6,4th quarter,2:38.0,Marc Gasol,MEM,True,2-pointer,1,78-89,'LAL',trails
831,831,831,201102080OKC,24.1,5.0,1st quarter,10:11.0,Marc Gasol,MEM,True,2-pointer,0,4-2,'OKC',leads
832,832,832,201102080OKC,21.7,4.5,1st quarter,9:41.0,Marc Gasol,MEM,False,2-pointer,2,4-2,'OKC',leads
833,833,833,201102080OKC,32.6,12.8,1st quarter,9:11.0,Marc Gasol,MEM,False,2-pointer,12,4-2,'OKC',leads
835,835,835,201102080OKC,24.0,6.1,1st quarter,8:42.0,Marc Gasol,MEM,True,2-pointer,1,8-4,'OKC',leads
861,861,861,201102080OKC,18.9,20.9,2nd quarter,3:48.0,Marc Gasol,MEM,False,2-pointer,17,34-45,'OKC',trails
862,862,862,201102080OKC,21.6,14.4,2nd quarter,2:51.0,Marc Gasol,MEM,True,2-pointer,10,36-47,'OKC',trails
867,867,867,201102080OKC,24.7,4.4,2nd quarter,0:52.0,Marc Gasol,MEM,True,2-pointer,1,43-49,'OKC',trails
874,874,874,201102080OKC,13.7,7.5,3rd quarter,9:05.0,Marc Gasol,MEM,False,2-pointer,11,49-59,'OKC',trails
876,876,876,201102080OKC,24.6,6.4,3rd quarter,7:46.0,Marc Gasol,MEM,False,2-pointer,2,53-61,'OKC',trails
891,891,891,201102080OKC,24.9,4.8,4th quarter,9:08.0,Marc Gasol,MEM,True,2-pointer,1,78-78,'OKC',tied
892,892,892,201102080OKC,21.7,8.3,4th quarter,8:34.0,Marc Gasol,MEM,False,2-pointer,4,78-81,'OKC',trails
744,744,744,201102110MEM,23.9,5.6,1st quarter,10:19.0,Marc Gasol,MEM,True,2-pointer,1,3-0,'MEM',leads
747,747,747,201102110MEM,12.8,22.0,1st quarter,8:32.0,Marc Gasol,MEM,True,2-pointer,20,7-0,'MEM',leads
753,753,753,201102110MEM,24.9,25.1,1st quarter,5:11.0,Marc Gasol,MEM,False,2-pointer,20,13-7,'MEM',leads
768,768,768,201102110MEM,12.8,7.3,2nd quarter,6:15.0,Marc Gasol,MEM,False,2-pointer,11,27-25,'MEM',leads
786,786,786,201102110MEM,25.3,15.1,3rd quarter,5:51.0,Marc Gasol,MEM,True,2-pointer,10,51-60,'MEM',trails
808,808,808,201102110MEM,24.0,5.6,4th quarter,4:52.0,Marc Gasol,MEM,False,2-pointer,1,73-73,'MEM',tied
810,810,810,201102110MEM,39.5,5.6,4th quarter,4:04.0,Marc Gasol,MEM,False,2-pointer,16,73-73,'MEM',tied
690,690,690,201102130MEM,21.1,13.8,1st quarter,10:36.0,Marc Gasol,MEM,True,2-pointer,9,5-2,'DEN',leads
691,691,691,201102130MEM,28.0,8.9,1st quarter,9:21.0,Marc Gasol,MEM,False,2-pointer,6,5-6,'DEN',trails
694,694,694,201102130MEM,24.2,5.0,1st quarter,8:33.0,Marc Gasol,MEM,True,2-pointer,0,7-6,'DEN',leads
706,706,706,201102130MEM,18.6,6.9,1st quarter,0:37.5,Marc Gasol,MEM,True,2-pointer,6,29-23,'DEN',leads
717,717,717,201102130MEM,23.6,5.4,2nd quarter,6:49.0,Marc Gasol,MEM,True,2-pointer,1,40-46,'DEN',trails
719,719,719,201102130MEM,8.8,12.5,2nd quarter,5:39.0,Marc Gasol,MEM,True,2-pointer,17,45-50,'DEN',trails
729,729,729,201102130MEM,24.2,10.6,3rd quarter,11:18.0,Marc Gasol,MEM,False,2-pointer,6,57-67,'DEN',trails
738,738,738,201102130MEM,24.0,10.3,3rd quarter,5:31.0,Marc Gasol,MEM,False,2-pointer,5,67-83,'DEN',trails
544,544,544,201102150MEM,26.1,5.1,1st quarter,11:37.0,Marc Gasol,MEM,True,2-pointer,2,2-0,'MEM',leads
545,545,545,201102150MEM,26.1,8.4,1st quarter,11:05.0,Marc Gasol,MEM,True,2-pointer,4,4-0,'MEM',leads
548,548,548,201102150MEM,16.7,19.5,1st quarter,9:26.0,Marc Gasol,MEM,False,2-pointer,16,8-4,'MEM',leads
550,550,550,201102150MEM,29.1,5.0,1st quarter,8:28.0,Marc Gasol,MEM,False,2-pointer,5,8-6,'MEM',leads
567,567,567,201102150MEM,26.1,6.5,1st quarter,1:04.0,Marc Gasol,MEM,False,2-pointer,3,22-10,'MEM',leads
582,582,582,201102150MEM,23.6,9.4,2nd quarter,3:09.0,Marc Gasol,MEM,True,2-pointer,4,47-34,'MEM',leads
586,586,586,201102150MEM,20.2,7.0,3rd quarter,11:16.0,Marc Gasol,MEM,False,2-pointer,4,55-47,'MEM',leads
606,606,606,201102150MEM,24.2,8.1,3rd quarter,1:47.0,Marc Gasol,MEM,True,2-pointer,3,73-70,'MEM',leads
617,617,617,201102150MEM,24.7,22.9,4th quarter,7:15.0,Marc Gasol,MEM,False,2-pointer,18,87-80,'MEM',leads
171,171,171,201102220DEN,39.9,8.0,1st quarter,5:33.0,Marc Gasol,MEM,False,2-pointer,16,13-15,'DEN',trails
173,173,173,201102220DEN,34.5,7.8,1st quarter,4:32.0,Marc Gasol,MEM,False,2-pointer,11,13-20,'DEN',trails
198,198,198,201102220DEN,21.4,5.6,3rd quarter,10:44.0,Marc Gasol,MEM,True,2-pointer,3,46-63,'DEN',trails
204,204,204,201102220DEN,26.1,6.4,3rd quarter,8:08.0,Marc Gasol,MEM,True,2-pointer,3,53-69,'DEN',trails
228,228,228,201102220DEN,37.3,18.8,4th quarter,6:20.0,Marc Gasol,MEM,False,2-pointer,19,93-110,'DEN',trails
229,229,229,201102220DEN,13.7,5.0,4th quarter,4:18.0,Marc Gasol,MEM,True,2-pointer,10,98-115,'DEN',trails
518,518,518,201102230MIN,16.1,8.3,1st quarter,8:41.0,Marc Gasol,MEM,False,2-pointer,9,10-2,'MIN',leads
519,519,519,201102230MIN,23.6,16.5,1st quarter,8:14.0,Marc Gasol,MEM,True,2-pointer,12,12-4,'MIN',leads
520,520,520,201102230MIN,26.9,19.8,1st quarter,7:45.0,Marc Gasol,MEM,False,2-pointer,15,12-6,'MIN',leads
521,521,521,201102230MIN,26.4,9.2,1st quarter,7:14.0,Marc Gasol,MEM,True,2-pointer,5,14-6,'MIN',leads
543,543,543,201102230MIN,17.0,8.7,2nd quarter,5:15.0,Marc Gasol,MEM,True,2-pointer,8,43-29,'MIN',leads
559,559,559,201102230MIN,24.0,4.0,3rd quarter,10:10.0,Marc Gasol,MEM,False,2-pointer,1,57-44,'MIN',leads
560,560,560,201102230MIN,9.6,6.4,3rd quarter,9:43.0,Marc Gasol,MEM,False,2-pointer,14,57-46,'MIN',leads
568,568,568,201102230MIN,24.6,22.8,3rd quarter,5:52.0,Marc Gasol,MEM,False,2-pointer,18,65-54,'MIN',leads
570,570,570,201102230MIN,29.3,6.1,3rd quarter,5:10.0,Marc Gasol,MEM,True,2-pointer,5,69-56,'MIN',leads
568,568,568,201102260MEM,29.4,12.2,1st quarter,11:13.0,Marc Gasol,MEM,True,2-pointer,9,2-0,'SAC',leads
569,569,569,201102260MEM,17.5,15.5,1st quarter,10:39.0,Marc Gasol,MEM,False,2-pointer,12,2-0,'SAC',leads
572,572,572,201102260MEM,17.3,11.0,1st quarter,9:10.0,Marc Gasol,MEM,True,2-pointer,9,4-2,'SAC',leads
575,575,575,201102260MEM,25.7,6.9,1st quarter,7:50.0,Marc Gasol,MEM,True,2-pointer,3,8-10,'SAC',trails
576,576,576,201102260MEM,31.3,8.3,1st quarter,7:27.0,Marc Gasol,MEM,True,2-pointer,8,10-12,'SAC',trails
588,588,588,201102260MEM,11.8,20.7,1st quarter,1:03.0,Marc Gasol,MEM,False,2-pointer,20,20-27,'SAC',trails
605,605,605,201102260MEM,18.0,9.7,2nd quarter,3:35.0,Marc Gasol,MEM,False,2-pointer,8,44-42,'SAC',leads
606,606,606,201102260MEM,24.6,26.9,2nd quarter,3:10.0,Marc Gasol,MEM,True,2-pointer,22,46-44,'SAC',leads
607,607,607,201102260MEM,26.1,6.5,2nd quarter,2:25.0,Marc Gasol,MEM,True,2-pointer,3,48-46,'SAC',leads
614,614,614,201102260MEM,25.3,6.7,3rd quarter,10:02.0,Marc Gasol,MEM,True,2-pointer,2,62-55,'SAC',leads
615,615,615,201102260MEM,17.6,8.6,3rd quarter,9:33.0,Marc Gasol,MEM,True,2-pointer,7,64-55,'SAC',leads
617,617,617,201102260MEM,19.4,12.8,3rd quarter,8:24.0,Marc Gasol,MEM,False,2-pointer,9,66-57,'SAC',leads
623,623,623,201102260MEM,18.1,12.5,3rd quarter,5:29.0,Marc Gasol,MEM,False,2-pointer,10,74-60,'SAC',leads
628,628,628,201102260MEM,27.4,9.1,3rd quarter,4:17.0,Marc Gasol,MEM,True,2-pointer,5,78-62,'SAC',leads
629,629,629,201102260MEM,24.4,5.1,3rd quarter,3:42.0,Marc Gasol,MEM,True,2-pointer,0,81-62,'SAC',leads
1302,1302,1302,201102270SAS,26.0,7.5,1st quarter,7:12.0,Marc Gasol,MEM,False,2-pointer,3,6-12,'SAS',trails
1308,1308,1308,201102270SAS,23.1,5.9,1st quarter,5:48.0,Marc Gasol,MEM,False,2-pointer,1,8-16,'SAS',trails
1313,1313,1313,201102270SAS,33.1,7.0,1st quarter,3:02.0,Marc Gasol,MEM,False,2-pointer,9,14-20,'SAS',trails
1337,1337,1337,201102270SAS,24.0,6.7,2nd quarter,2:59.0,Marc Gasol,MEM,True,2-pointer,2,27-41,'SAS',trails
1349,1349,1349,201102270SAS,6.8,3.7,3rd quarter,6:14.0,Marc Gasol,MEM,False,2-pointer,17,47-49,'SAS',trails
1355,1355,1355,201102270SAS,26.8,11.3,3rd quarter,2:50.0,Marc Gasol,MEM,False,2-pointer,7,56-52,'SAS',leads
1376,1376,1376,201102270SAS,25.8,5.4,4th quarter,0:28.9,Marc Gasol,MEM,False,2-pointer,2,85-88,'SAS',trails
253,253,253,201103010MEM,20.8,21.5,1st quarter,11:32.0,Marc Gasol,MEM,True,2-pointer,17,2-2,'SAS',tied
265,265,265,201103010MEM,21.3,4.5,1st quarter,5:03.0,Marc Gasol,MEM,False,2-pointer,3,20-14,'SAS',leads
273,273,273,201103010MEM,22.4,6.2,1st quarter,1:12.0,Marc Gasol,MEM,True,2-pointer,2,30-22,'SAS',leads
730,730,730,201103040MEM,16.4,6.9,1st quarter,11:01.0,Marc Gasol,MEM,False,2-pointer,8,1-2,'NOH',trails
733,733,733,201103040MEM,29.0,10.6,1st quarter,8:25.0,Marc Gasol,MEM,False,2-pointer,8,5-4,'NOH',leads
735,735,735,201103040MEM,23.5,5.4,1st quarter,6:42.0,Marc Gasol,MEM,True,2-pointer,1,9-6,'NOH',leads
739,739,739,201103040MEM,23.6,5.7,1st quarter,4:30.0,Marc Gasol,MEM,True,2-pointer,1,13-15,'NOH',trails
756,756,756,201103040MEM,31.5,12.2,2nd quarter,5:15.0,Marc Gasol,MEM,True,2-pointer,10,37-31,'NOH',leads
759,759,759,201103040MEM,35.6,9.8,2nd quarter,2:55.0,Marc Gasol,MEM,False,2-pointer,13,43-35,'NOH',leads
791,791,791,201103040MEM,25.8,7.3,4th quarter,6:56.0,Marc Gasol,MEM,True,2-pointer,3,80-83,'NOH',trails
793,793,793,201103040MEM,14.0,8.1,4th quarter,4:59.0,Marc Gasol,MEM,False,2-pointer,10,83-89,'NOH',trails
301,301,301,201103060DAL,23.5,5.3,1st quarter,11:36.0,Marc Gasol,MEM,True,2-pointer,1,2-0,'DAL',leads
302,302,302,201103060DAL,16.5,22.9,1st quarter,10:56.0,Marc Gasol,MEM,False,2-pointer,19,2-0,'DAL',leads
309,309,309,201103060DAL,24.1,5.6,1st quarter,7:39.0,Marc Gasol,MEM,True,2-pointer,1,8-10,'DAL',trails
310,310,310,201103060DAL,23.2,6.1,1st quarter,6:11.0,Marc Gasol,MEM,True,2-pointer,1,11-15,'DAL',trails
324,324,324,201103060DAL,23.0,6.7,2nd quarter,10:43.0,Marc Gasol,MEM,False,2-pointer,2,21-29,'DAL',trails
331,331,331,201103060DAL,24.2,10.5,2nd quarter,7:28.0,Marc Gasol,MEM,True,2-pointer,6,26-36,'DAL',trails
350,350,350,201103060DAL,23.0,6.7,3rd quarter,8:34.0,Marc Gasol,MEM,True,2-pointer,2,50-59,'DAL',trails
368,368,368,201103060DAL,14.7,5.3,4th quarter,11:06.0,Marc Gasol,MEM,False,2-pointer,9,80-80,'DAL',tied
374,374,374,201103060DAL,24.6,6.5,4th quarter,7:21.0,Marc Gasol,MEM,True,2-pointer,2,87-89,'DAL',trails
393,393,393,201103070MEM,35.3,19.2,1st quarter,11:41.0,Marc Gasol,MEM,True,2-pointer,18,2-0,'OKC',leads
394,394,394,201103070MEM,27.1,13.3,1st quarter,11:04.0,Marc Gasol,MEM,True,2-pointer,9,4-0,'OKC',leads
402,402,402,201103070MEM,18.9,8.6,1st quarter,6:25.0,Marc Gasol,MEM,True,2-pointer,6,14-8,'OKC',leads
406,406,406,201103070MEM,27.1,6.2,1st quarter,3:41.0,Marc Gasol,MEM,True,2-pointer,3,20-12,'OKC',leads
409,409,409,201103070MEM,14.0,6.9,1st quarter,1:09.0,Marc Gasol,MEM,False,2-pointer,10,22-20,'OKC',leads
418,418,418,201103070MEM,23.2,6.7,2nd quarter,8:36.0,Marc Gasol,MEM,True,2-pointer,2,30-30,'OKC',tied
422,422,422,201103070MEM,23.0,7.6,2nd quarter,6:37.0,Marc Gasol,MEM,True,2-pointer,3,35-34,'OKC',leads
423,423,423,201103070MEM,30.2,8.7,2nd quarter,6:01.0,Marc Gasol,MEM,False,2-pointer,7,35-34,'OKC',leads
445,445,445,201103070MEM,29.0,23.7,3rd quarter,7:49.0,Marc Gasol,MEM,True,2-pointer,19,67-54,'OKC',leads
465,465,465,201103070MEM,22.4,6.5,4th quarter,9:28.0,Marc Gasol,MEM,True,2-pointer,2,83-79,'OKC',leads
466,466,466,201103070MEM,25.7,7.3,4th quarter,8:53.0,Marc Gasol,MEM,False,2-pointer,3,85-79,'OKC',leads
467,467,467,201103070MEM,24.2,5.6,4th quarter,8:51.0,Marc Gasol,MEM,True,2-pointer,1,87-79,'OKC',leads
470,470,470,201103070MEM,17.5,8.0,4th quarter,5:47.0,Marc Gasol,MEM,False,2-pointer,7,91-89,'OKC',leads
404,404,404,201103090MEM,22.5,8.6,1st quarter,9:30.0,Marc Gasol,MEM,False,2-pointer,4,6-9,'NYK',trails
405,405,405,201103090MEM,22.4,25.6,1st quarter,8:54.0,Marc Gasol,MEM,True,2-pointer,21,8-12,'NYK',trails
408,408,408,201103090MEM,25.7,8.6,1st quarter,7:48.0,Marc Gasol,MEM,False,2-pointer,4,10-17,'NYK',trails
409,409,409,201103090MEM,24.9,5.6,1st quarter,7:44.0,Marc Gasol,MEM,True,2-pointer,1,12-17,'NYK',trails
412,412,412,201103090MEM,26.0,7.5,1st quarter,5:52.0,Marc Gasol,MEM,False,2-pointer,3,17-22,'NYK',trails
423,423,423,201103090MEM,22.1,7.6,2nd quarter,11:09.0,Marc Gasol,MEM,False,2-pointer,3,27-30,'NYK',trails
437,437,437,201103090MEM,19.9,8.1,2nd quarter,0:37.1,Marc Gasol,MEM,True,2-pointer,5,51-58,'NYK',trails
814,814,814,201103120MIA,20.8,13.2,1st quarter,11:08.0,Marc Gasol,MEM,False,2-pointer,9,0-0,'MIA',tied
819,819,819,201103120MIA,26.0,21.8,1st quarter,8:24.0,Marc Gasol,MEM,True,2-pointer,17,8-8,'MIA',tied
828,828,828,201103120MIA,29.0,12.1,1st quarter,5:22.0,Marc Gasol,MEM,False,2-pointer,9,10-12,'MIA',trails
829,829,829,201103120MIA,22.4,6.5,1st quarter,4:52.0,Marc Gasol,MEM,True,2-pointer,2,12-14,'MIA',trails
832,832,832,201103120MIA,15.9,6.5,1st quarter,3:24.0,Marc Gasol,MEM,True,2-pointer,8,14-19,'MIA',trails
833,833,833,201103120MIA,33.4,6.2,1st quarter,2:15.0,Marc Gasol,MEM,True,2-pointer,9,18-21,'MIA',trails
849,849,849,201103120MIA,22.2,7.0,2nd quarter,7:17.0,Marc Gasol,MEM,True,2-pointer,3,32-37,'MIA',trails
850,850,850,201103120MIA,22.4,11.6,2nd quarter,6:33.0,Marc Gasol,MEM,False,2-pointer,7,32-37,'MIA',trails
854,854,854,201103120MIA,11.8,17.1,2nd quarter,3:46.0,Marc Gasol,MEM,False,2-pointer,17,34-47,'MIA',trails
862,862,862,201103120MIA,16.5,9.1,3rd quarter,9:38.0,Marc Gasol,MEM,False,2-pointer,9,41-62,'MIA',trails
864,864,864,201103120MIA,25.2,12.7,3rd quarter,8:49.0,Marc Gasol,MEM,True,2-pointer,8,43-64,'MIA',trails
410,410,410,201103140MEM,18.0,6.7,1st quarter,11:08.0,Marc Gasol,MEM,False,2-pointer,6,0-0,'MEM',tied
411,411,411,201103140MEM,24.0,7.0,1st quarter,11:03.0,Marc Gasol,MEM,True,2-pointer,2,2-0,'MEM',leads
443,443,443,201103140MEM,28.0,11.0,2nd quarter,3:33.0,Marc Gasol,MEM,True,2-pointer,7,41-30,'MEM',leads
448,448,448,201103140MEM,18.0,20.6,2nd quarter,1:43.0,Marc Gasol,MEM,False,2-pointer,17,45-33,'MEM',leads
167,167,167,201103170NYK,23.2,5.6,1st quarter,9:19.0,Marc Gasol,MEM,False,2-pointer,1,5-7,'NYK',trails
172,172,172,201103170NYK,22.2,4.7,1st quarter,6:58.0,Marc Gasol,MEM,True,2-pointer,2,9-11,'NYK',trails
182,182,182,201103170NYK,18.6,8.1,1st quarter,2:21.0,Marc Gasol,MEM,True,2-pointer,6,25-21,'NYK',leads
188,188,188,201103170NYK,37.3,2.6,1st quarter,0:08.9,Marc Gasol,MEM,False,2-pointer,14,29-26,'NYK',leads
205,205,205,201103170NYK,27.7,9.4,3rd quarter,11:39.0,Marc Gasol,MEM,True,2-pointer,6,53-59,'NYK',trails
226,226,226,201103190MEM,14.2,7.2,1st quarter,10:36.0,Marc Gasol,MEM,True,2-pointer,10,6-0,'IND',leads
235,235,235,201103190MEM,26.8,7.5,1st quarter,5:55.0,Marc Gasol,MEM,False,2-pointer,4,19-4,'IND',leads
239,239,239,201103190MEM,30.2,8.6,1st quarter,3:41.0,Marc Gasol,MEM,False,2-pointer,7,22-11,'IND',leads
255,255,255,201103190MEM,24.1,5.1,2nd quarter,6:22.0,Marc Gasol,MEM,True,2-pointer,0,44-27,'IND',leads
256,256,256,201103190MEM,27.4,10.2,2nd quarter,5:36.0,Marc Gasol,MEM,True,2-pointer,6,46-29,'IND',leads
258,258,258,201103190MEM,25.2,6.1,2nd quarter,4:27.0,Marc Gasol,MEM,True,2-pointer,2,50-29,'IND',leads
267,267,267,201103190MEM,29.3,25.1,3rd quarter,10:33.0,Marc Gasol,MEM,False,2-pointer,21,60-43,'IND',leads
558,558,558,201103210MEM,24.2,5.0,1st quarter,10:07.0,Marc Gasol,MEM,False,2-pointer,0,0-5,'UTA',trails
561,561,561,201103210MEM,25.3,9.2,1st quarter,9:26.0,Marc Gasol,MEM,False,2-pointer,4,0-5,'UTA',trails
562,562,562,201103210MEM,24.6,5.7,1st quarter,9:23.0,Marc Gasol,MEM,True,2-pointer,1,2-5,'UTA',trails
563,563,563,201103210MEM,26.9,8.0,1st quarter,8:43.0,Marc Gasol,MEM,False,2-pointer,4,2-6,'UTA',trails
596,596,596,201103210MEM,23.3,4.8,2nd quarter,2:46.0,Marc Gasol,MEM,True,2-pointer,1,48-36,'UTA',leads
597,597,597,201103210MEM,24.6,5.0,2nd quarter,2:02.0,Marc Gasol,MEM,True,2-pointer,1,50-38,'UTA',leads
618,618,618,201103210MEM,17.5,9.5,3rd quarter,1:23.0,Marc Gasol,MEM,True,2-pointer,8,80-63,'UTA',leads
620,620,620,201103210MEM,25.7,5.1,3rd quarter,0:34.9,Marc Gasol,MEM,False,2-pointer,2,80-63,'UTA',leads
621,621,621,201103210MEM,29.0,16.0,3rd quarter,0:03.9,Marc Gasol,MEM,False,2-pointer,12,80-65,'UTA',leads
6,6,6,201103230BOS,26.8,8.0,1st quarter,7:51.0,Marc Gasol,MEM,False,2-pointer,4,5-8,'BOS',trails
14,14,14,201103230BOS,16.2,7.2,1st quarter,3:34.0,Marc Gasol,MEM,False,2-pointer,8,14-11,'BOS',leads
32,32,32,201103230BOS,23.5,5.7,2nd quarter,4:05.0,Marc Gasol,MEM,True,2-pointer,1,38-34,'BOS',leads
33,33,33,201103230BOS,23.3,4.7,2nd quarter,3:03.0,Marc Gasol,MEM,True,2-pointer,1,40-37,'BOS',leads
41,41,41,201103230BOS,24.0,5.6,3rd quarter,10:40.0,Marc Gasol,MEM,True,2-pointer,1,49-47,'BOS',leads
47,47,47,201103230BOS,15.1,8.0,3rd quarter,8:01.0,Marc Gasol,MEM,True,2-pointer,9,56-51,'BOS',leads
48,48,48,201103230BOS,27.6,21.4,3rd quarter,7:20.0,Marc Gasol,MEM,False,2-pointer,17,56-53,'BOS',leads
52,52,52,201103230BOS,15.3,11.7,3rd quarter,6:04.0,Marc Gasol,MEM,False,2-pointer,11,58-57,'BOS',leads
81,81,81,201103230BOS,24.0,8.4,4th quarter,1:02.0,Marc Gasol,MEM,True,2-pointer,3,88-85,'BOS',leads
177,177,177,201103250CHI,26.6,10.0,2nd quarter,0:28.9,Marc Gasol,MEM,False,2-pointer,6,46-47,'CHI',trails
179,179,179,201103250CHI,22.2,6.2,3rd quarter,10:52.0,Marc Gasol,MEM,True,2-pointer,2,48-49,'CHI',trails
181,181,181,201103250CHI,24.4,7.3,3rd quarter,9:59.0,Marc Gasol,MEM,True,2-pointer,2,50-49,'CHI',leads
182,182,182,201103250CHI,21.9,10.0,3rd quarter,9:16.0,Marc Gasol,MEM,False,2-pointer,5,50-49,'CHI',leads
183,183,183,201103250CHI,25.8,6.9,3rd quarter,8:52.0,Marc Gasol,MEM,True,2-pointer,3,52-51,'CHI',leads
191,191,191,201103250CHI,29.1,22.2,3rd quarter,4:23.0,Marc Gasol,MEM,True,2-pointer,18,60-65,'CHI',trails
192,192,192,201103250CHI,25.2,6.2,3rd quarter,3:29.0,Marc Gasol,MEM,True,2-pointer,2,62-67,'CHI',trails
193,193,193,201103250CHI,38.1,6.9,3rd quarter,2:37.0,Marc Gasol,MEM,True,2-pointer,14,65-69,'CHI',trails
592,592,592,201103270MEM,17.3,8.1,1st quarter,10:36.0,Marc Gasol,MEM,True,2-pointer,7,2-7,'SAS',trails
595,595,595,201103270MEM,23.2,5.7,1st quarter,7:51.0,Marc Gasol,MEM,False,2-pointer,1,7-10,'SAS',trails
596,596,596,201103270MEM,25.2,5.4,1st quarter,7:23.0,Marc Gasol,MEM,True,2-pointer,1,9-13,'SAS',trails
597,597,597,201103270MEM,24.4,6.1,1st quarter,5:58.0,Marc Gasol,MEM,False,2-pointer,1,9-16,'SAS',trails
621,621,621,201103270MEM,24.9,6.2,2nd quarter,5:23.0,Marc Gasol,MEM,True,2-pointer,2,39-38,'SAS',leads
629,629,629,201103270MEM,24.1,9.4,2nd quarter,0:13.8,Marc Gasol,MEM,True,2-pointer,4,55-48,'SAS',leads
636,636,636,201103270MEM,11.3,20.1,3rd quarter,8:28.0,Marc Gasol,MEM,False,2-pointer,20,63-59,'SAS',leads
642,642,642,201103270MEM,28.7,14.1,3rd quarter,5:39.0,Marc Gasol,MEM,False,2-pointer,10,68-61,'SAS',leads
659,659,659,201103270MEM,18.4,6.2,4th quarter,5:11.0,Marc Gasol,MEM,False,2-pointer,6,89-94,'SAS',trails
667,667,667,201103270MEM,17.8,8.6,4th quarter,0:36.1,Marc Gasol,MEM,True,2-pointer,7,105-101,'SAS',leads
865,865,865,201103300MEM,20.0,6.4,1st quarter,9:38.0,Marc Gasol,MEM,True,2-pointer,4,2-0,'MEM',leads
879,879,879,201103300MEM,23.8,5.3,1st quarter,1:49.0,Marc Gasol,MEM,True,2-pointer,0,25-19,'MEM',leads
883,883,883,201103300MEM,19.5,6.4,2nd quarter,11:21.0,Marc Gasol,MEM,False,2-pointer,5,29-24,'MEM',leads
898,898,898,201103300MEM,19.7,6.9,2nd quarter,1:11.0,Marc Gasol,MEM,True,2-pointer,5,48-48,'MEM',tied
908,908,908,201103300MEM,25.2,19.5,3rd quarter,5:56.0,Marc Gasol,MEM,True,2-pointer,15,62-64,'MEM',trails
802,802,802,201104010NOH,21.6,10.5,1st quarter,8:49.0,Marc Gasol,MEM,False,2-pointer,6,7-6,'NOH',leads
803,803,803,201104010NOH,25.8,5.7,1st quarter,8:16.0,Marc Gasol,MEM,True,2-pointer,2,9-6,'NOH',leads
828,828,828,201104010NOH,23.8,5.6,2nd quarter,5:44.0,Marc Gasol,MEM,True,2-pointer,1,35-22,'NOH',leads
831,831,831,201104010NOH,12.1,16.9,2nd quarter,4:27.0,Marc Gasol,MEM,False,2-pointer,17,37-24,'NOH',leads
837,837,837,201104010NOH,28.3,8.1,2nd quarter,0:50.9,Marc Gasol,MEM,False,2-pointer,5,46-34,'NOH',leads
838,838,838,201104010NOH,34.0,5.6,2nd quarter,0:47.9,Marc Gasol,MEM,True,2-pointer,10,48-34,'NOH',leads
839,839,839,201104010NOH,48.1,18.7,2nd quarter,0:00.0,Marc Gasol,MEM,True,3-pointer,28,51-38,'NOH',leads
840,840,840,201104010NOH,21.4,5.9,3rd quarter,10:30.0,Marc Gasol,MEM,False,2-pointer,3,53-41,'NOH',leads
864,864,864,201104010NOH,16.5,6.7,4th quarter,5:21.0,Marc Gasol,MEM,True,2-pointer,8,84-71,'NOH',leads
867,867,867,201104010NOH,16.9,19.8,4th quarter,2:32.0,Marc Gasol,MEM,True,2-pointer,16,90-77,'NOH',leads
570,570,570,201104020MEM,13.4,13.3,1st quarter,6:25.0,Marc Gasol,MEM,True,2-pointer,13,19-9,'MEM',leads
574,574,574,201104020MEM,27.7,19.5,1st quarter,4:47.0,Marc Gasol,MEM,False,2-pointer,15,21-11,'MEM',leads
583,583,583,201104020MEM,24.7,5.9,1st quarter,1:03.0,Marc Gasol,MEM,True,2-pointer,1,27-19,'MEM',leads
584,584,584,201104020MEM,26.1,9.4,1st quarter,0:26.9,Marc Gasol,MEM,False,2-pointer,5,27-20,'MEM',leads
585,585,585,201104020MEM,24.0,5.4,1st quarter,0:25.0,Marc Gasol,MEM,True,2-pointer,0,29-20,'MEM',leads
603,603,603,201104020MEM,17.0,9.4,2nd quarter,2:41.0,Marc Gasol,MEM,True,2-pointer,8,52-38,'MEM',leads
613,613,613,201104020MEM,34.2,7.6,3rd quarter,10:19.0,Marc Gasol,MEM,True,2-pointer,11,62-46,'MEM',leads
1217,1217,1217,201104050MEM,30.7,15.2,1st quarter,9:05.0,Marc Gasol,MEM,False,2-pointer,12,4-4,'MEM',tied
1224,1224,1224,201104050MEM,27.7,12.8,1st quarter,5:11.0,Marc Gasol,MEM,True,2-pointer,9,14-10,'MEM',leads
1226,1226,1226,201104050MEM,24.7,5.0,1st quarter,3:21.0,Marc Gasol,MEM,True,2-pointer,1,16-12,'MEM',leads
1242,1242,1242,201104050MEM,23.3,6.4,2nd quarter,7:25.0,Marc Gasol,MEM,False,2-pointer,2,30-23,'MEM',leads
1246,1246,1246,201104050MEM,35.9,9.8,2nd quarter,6:01.0,Marc Gasol,MEM,False,2-pointer,13,32-23,'MEM',leads
1251,1251,1251,201104050MEM,25.5,6.4,2nd quarter,2:46.0,Marc Gasol,MEM,True,2-pointer,2,39-30,'MEM',leads
1252,1252,1252,201104050MEM,27.9,8.3,2nd quarter,2:15.0,Marc Gasol,MEM,True,2-pointer,5,41-30,'MEM',leads
1264,1264,1264,201104050MEM,27.1,4.0,3rd quarter,8:33.0,Marc Gasol,MEM,False,2-pointer,3,52-46,'MEM',leads
1266,1266,1266,201104050MEM,18.0,9.1,3rd quarter,7:02.0,Marc Gasol,MEM,True,2-pointer,7,56-46,'MEM',leads
1270,1270,1270,201104050MEM,26.1,9.2,3rd quarter,4:01.0,Marc Gasol,MEM,True,2-pointer,5,63-50,'MEM',leads
1280,1280,1280,201104050MEM,30.2,9.8,4th quarter,9:42.0,Marc Gasol,MEM,False,2-pointer,8,68-63,'MEM',leads
899,899,899,201104080MEM,12.3,4.4,1st quarter,8:39.0,Marc Gasol,MEM,False,2-pointer,12,9-4,'SAC',leads
901,901,901,201104080MEM,27.1,10.2,1st quarter,7:59.0,Marc Gasol,MEM,False,2-pointer,6,9-6,'SAC',leads
912,912,912,201104080MEM,22.7,6.1,1st quarter,2:10.0,Marc Gasol,MEM,True,2-pointer,2,24-17,'SAC',leads
916,916,916,201104080MEM,18.4,7.8,2nd quarter,11:27.0,Marc Gasol,MEM,False,2-pointer,6,28-23,'SAC',leads
931,931,931,201104080MEM,34.0,10.5,2nd quarter,4:09.0,Marc Gasol,MEM,True,2-pointer,11,39-33,'SAC',leads
932,932,932,201104080MEM,23.6,7.5,2nd quarter,3:17.0,Marc Gasol,MEM,True,2-pointer,3,41-35,'SAC',leads
936,936,936,201104080MEM,24.2,10.2,3rd quarter,11:23.0,Marc Gasol,MEM,False,2-pointer,5,46-43,'SAC',leads
937,937,937,201104080MEM,26.3,5.3,3rd quarter,11:06.0,Marc Gasol,MEM,True,2-pointer,2,48-43,'SAC',leads
938,938,938,201104080MEM,22.7,6.1,3rd quarter,10:32.0,Marc Gasol,MEM,False,2-pointer,2,49-46,'SAC',leads
940,940,940,201104080MEM,24.0,13.0,3rd quarter,9:02.0,Marc Gasol,MEM,False,2-pointer,8,52-51,'SAC',leads
957,957,957,201104080MEM,19.9,10.0,4th quarter,11:40.0,Marc Gasol,MEM,True,2-pointer,6,79-67,'SAC',leads
910,910,910,201104100MEM,22.4,13.9,1st quarter,10:13.0,Marc Gasol,MEM,True,2-pointer,9,4-5,'NOH',trails
915,915,915,201104100MEM,18.9,20.3,1st quarter,6:58.0,Marc Gasol,MEM,True,2-pointer,16,12-16,'NOH',trails
924,924,924,201104100MEM,24.9,10.0,1st quarter,1:22.0,Marc Gasol,MEM,True,2-pointer,5,28-27,'NOH',leads
925,925,925,201104100MEM,17.0,20.1,1st quarter,0:43.9,Marc Gasol,MEM,False,2-pointer,17,28-30,'NOH',trails
946,946,946,201104100MEM,22.9,6.4,3rd quarter,9:39.0,Marc Gasol,MEM,True,2-pointer,2,58-50,'NOH',leads
947,947,947,201104100MEM,24.7,5.0,3rd quarter,8:59.0,Marc Gasol,MEM,True,2-pointer,1,60-52,'NOH',leads
948,948,948,201104100MEM,26.3,8.9,3rd quarter,8:14.0,Marc Gasol,MEM,False,2-pointer,5,60-52,'NOH',leads
331,331,331,201104120POR,24.0,9.7,1st quarter,11:22.0,Marc Gasol,MEM,False,2-pointer,5,0-0,'POR',tied
337,337,337,201104120POR,20.5,5.0,1st quarter,8:10.0,Marc Gasol,MEM,False,2-pointer,4,8-5,'POR',leads
340,340,340,201104120POR,24.6,4.4,1st quarter,5:31.0,Marc Gasol,MEM,True,2-pointer,1,13-12,'POR',leads
348,348,348,201104120POR,13.4,8.0,1st quarter,1:24.0,Marc Gasol,MEM,False,2-pointer,11,22-22,'POR',tied
350,350,350,201104120POR,25.7,21.8,1st quarter,0:23.9,Marc Gasol,MEM,False,2-pointer,17,25-25,'POR',tied
353,353,353,201104120POR,20.0,9.6,2nd quarter,11:44.0,Marc Gasol,MEM,True,2-pointer,6,27-27,'POR',tied
369,369,369,201104120POR,34.6,9.8,2nd quarter,1:26.0,Marc Gasol,MEM,True,2-pointer,12,43-43,'POR',tied
373,373,373,201104120POR,24.9,11.6,3rd quarter,11:02.0,Marc Gasol,MEM,True,2-pointer,7,49-45,'POR',leads
383,383,383,201104120POR,26.8,6.9,3rd quarter,5:10.0,Marc Gasol,MEM,False,2-pointer,3,54-56,'POR',trails
976,976,976,201104130LAC,19.5,13.2,1st quarter,11:41.0,Marc Gasol,MEM,False,2-pointer,9,0-0,'MEM',tied
1008,1008,1008,201104130LAC,17.2,21.7,2nd quarter,6:07.0,Marc Gasol,MEM,True,2-pointer,18,31-46,'MEM',trails
1009,1009,1009,201104130LAC,21.4,8.7,2nd quarter,5:32.0,Marc Gasol,MEM,False,2-pointer,5,31-46,'MEM',trails
1012,1012,1012,201104130LAC,18.4,6.2,2nd quarter,4:31.0,Marc Gasol,MEM,True,2-pointer,6,33-48,'MEM',trails
1013,1013,1013,201104130LAC,23.6,6.5,2nd quarter,3:55.0,Marc Gasol,MEM,True,2-pointer,2,35-50,'MEM',trails
1017,1017,1017,201104130LAC,13.5,16.9,2nd quarter,1:51.0,Marc Gasol,MEM,True,2-pointer,16,37-58,'MEM',trails
1023,1023,1023,201104130LAC,28.0,24.7,3rd quarter,9:38.0,Marc Gasol,MEM,False,2-pointer,20,44-71,'MEM',trails
1028,1028,1028,201104130LAC,28.0,5.6,3rd quarter,7:13.0,Marc Gasol,MEM,True,2-pointer,4,52-76,'MEM',trails
1041,1041,1041,201104130LAC,23.2,6.2,4th quarter,11:39.0,Marc Gasol,MEM,False,2-pointer,1,74-92,'MEM',trails
1042,1042,1042,201104130LAC,22.7,7.0,4th quarter,11:38.0,Marc Gasol,MEM,False,2-pointer,2,74-92,'MEM',trails
1044,1044,1044,201104130LAC,22.5,8.4,4th quarter,10:08.0,Marc Gasol,MEM,False,2-pointer,4,76-94,'MEM',trails
460,460,460,201104170SAS,23.3,6.5,1st quarter,11:20.0,Marc Gasol,MEM,True,2-pointer,2,2-0,'SAS',leads
471,471,471,201104170SAS,34.3,20.3,1st quarter,3:25.0,Marc Gasol,MEM,True,2-pointer,18,20-16,'SAS',leads
473,473,473,201104170SAS,31.3,6.5,1st quarter,2:28.0,Marc Gasol,MEM,True,2-pointer,7,22-18,'SAS',leads
485,485,485,201104170SAS,23.3,19.5,2nd quarter,5:49.0,Marc Gasol,MEM,True,2-pointer,15,35-34,'SAS',leads
495,495,495,201104170SAS,13.4,9.7,3rd quarter,10:04.0,Marc Gasol,MEM,True,2-pointer,12,51-47,'SAS',leads
497,497,497,201104170SAS,19.5,17.3,3rd quarter,8:24.0,Marc Gasol,MEM,False,2-pointer,13,51-54,'SAS',trails
502,502,502,201104170SAS,31.5,5.6,3rd quarter,5:31.0,Marc Gasol,MEM,True,2-pointer,8,55-59,'SAS',trails
506,506,506,201104170SAS,24.2,4.8,3rd quarter,2:41.0,Marc Gasol,MEM,True,2-pointer,0,64-70,'SAS',trails
524,524,524,201104170SAS,23.0,5.4,4th quarter,2:47.0,Marc Gasol,MEM,True,2-pointer,1,94-88,'SAS',leads
525,525,525,201104170SAS,24.1,4.0,4th quarter,0:56.7,Marc Gasol,MEM,True,2-pointer,1,96-98,'SAS',trails
304,304,304,201104200SAS,22.9,20.7,1st quarter,6:50.0,Marc Gasol,MEM,False,2-pointer,16,6-10,'SAS',trails
316,316,316,201104200SAS,23.3,11.1,1st quarter,0:47.9,Marc Gasol,MEM,False,2-pointer,6,17-17,'SAS',tied
325,325,325,201104200SAS,18.0,10.0,2nd quarter,8:25.0,Marc Gasol,MEM,True,2-pointer,8,26-26,'SAS',tied
338,338,338,201104200SAS,23.3,7.0,2nd quarter,1:11.0,Marc Gasol,MEM,False,2-pointer,2,44-39,'SAS',leads
340,340,340,201104200SAS,18.9,11.3,2nd quarter,0:08.9,Marc Gasol,MEM,False,2-pointer,8,44-41,'SAS',leads
345,345,345,201104200SAS,19.9,21.7,3rd quarter,8:59.0,Marc Gasol,MEM,False,2-pointer,17,48-45,'SAS',leads
348,348,348,201104200SAS,21.7,5.4,3rd quarter,7:18.0,Marc Gasol,MEM,False,2-pointer,2,48-52,'SAS',trails
350,350,350,201104200SAS,24.6,9.4,3rd quarter,6:04.0,Marc Gasol,MEM,False,2-pointer,4,48-56,'SAS',trails
359,359,359,201104200SAS,22.1,14.4,3rd quarter,0:57.9,Marc Gasol,MEM,True,2-pointer,10,63-63,'SAS',tied
390,390,390,201104230MEM,18.1,8.0,1st quarter,11:02.0,Marc Gasol,MEM,False,2-pointer,7,1-0,'SAS',leads
396,396,396,201104230MEM,26.0,7.5,1st quarter,7:28.0,Marc Gasol,MEM,False,2-pointer,3,6-4,'SAS',leads
400,400,400,201104230MEM,23.0,5.6,1st quarter,4:11.0,Marc Gasol,MEM,True,2-pointer,1,13-12,'SAS',leads
401,401,401,201104230MEM,17.2,7.8,1st quarter,3:20.0,Marc Gasol,MEM,True,2-pointer,7,18-14,'SAS',leads
405,405,405,201104230MEM,22.2,5.9,1st quarter,1:27.0,Marc Gasol,MEM,True,2-pointer,2,27-20,'SAS',leads
418,418,418,201104230MEM,26.8,9.2,2nd quarter,6:56.0,Marc Gasol,MEM,False,2-pointer,5,41-31,'SAS',leads
425,425,425,201104230MEM,23.8,8.1,2nd quarter,2:25.0,Marc Gasol,MEM,True,2-pointer,3,51-37,'SAS',leads
432,432,432,201104230MEM,11.8,19.3,3rd quarter,10:38.0,Marc Gasol,MEM,False,2-pointer,19,54-45,'SAS',leads
437,437,437,201104230MEM,25.2,6.2,3rd quarter,7:17.0,Marc Gasol,MEM,True,2-pointer,2,61-50,'SAS',leads
439,439,439,201104230MEM,22.1,7.6,3rd quarter,5:36.0,Marc Gasol,MEM,False,2-pointer,3,65-53,'SAS',leads
447,447,447,201104230MEM,33.7,6.5,3rd quarter,1:37.0,Marc Gasol,MEM,False,2-pointer,10,69-60,'SAS',leads
457,457,457,201104230MEM,23.6,9.1,4th quarter,7:50.0,Marc Gasol,MEM,True,2-pointer,4,77-75,'SAS',leads
461,461,461,201104230MEM,15.8,21.7,4th quarter,2:32.0,Marc Gasol,MEM,True,2-pointer,19,88-84,'SAS',leads
393,393,393,201104250MEM,24.1,17.6,1st quarter,7:27.0,Marc Gasol,MEM,True,2-pointer,13,8-10,'SAS',trails
399,399,399,201104250MEM,17.6,6.2,1st quarter,2:11.0,Marc Gasol,MEM,False,2-pointer,7,15-18,'SAS',trails
413,413,413,201104250MEM,21.4,6.5,2nd quarter,7:28.0,Marc Gasol,MEM,True,2-pointer,3,32-33,'SAS',trails
427,427,427,201104250MEM,13.4,12.2,3rd quarter,10:29.0,Marc Gasol,MEM,False,2-pointer,13,52-50,'SAS',leads
439,439,439,201104250MEM,23.2,6.1,3rd quarter,2:05.0,Marc Gasol,MEM,True,2-pointer,1,72-63,'SAS',leads
326,326,326,201104270SAS,11.0,17.3,1st quarter,9:33.0,Marc Gasol,MEM,False,2-pointer,18,2-0,'SAS',leads
328,328,328,201104270SAS,11.8,5.4,1st quarter,8:45.0,Marc Gasol,MEM,True,2-pointer,12,4-2,'SAS',leads
331,331,331,201104270SAS,16.9,11.0,1st quarter,7:04.0,Marc Gasol,MEM,False,2-pointer,9,8-6,'SAS',leads
332,332,332,201104270SAS,23.8,22.6,1st quarter,6:47.0,Marc Gasol,MEM,False,2-pointer,18,8-6,'SAS',leads
338,338,338,201104270SAS,22.9,10.3,1st quarter,3:04.0,Marc Gasol,MEM,False,2-pointer,5,12-13,'SAS',trails
339,339,339,201104270SAS,16.5,5.7,1st quarter,2:13.0,Marc Gasol,MEM,False,2-pointer,8,12-15,'SAS',trails
361,361,361,201104270SAS,25.7,5.4,3rd quarter,11:16.0,Marc Gasol,MEM,False,2-pointer,2,42-53,'SAS',trails
362,362,362,201104270SAS,20.8,7.5,3rd quarter,10:52.0,Marc Gasol,MEM,False,2-pointer,4,42-53,'SAS',trails
366,366,366,201104270SAS,24.0,10.3,3rd quarter,9:18.0,Marc Gasol,MEM,True,2-pointer,5,46-55,'SAS',trails
367,367,367,201104270SAS,22.2,4.4,3rd quarter,8:17.0,Marc Gasol,MEM,False,2-pointer,2,48-55,'SAS',trails
372,372,372,201104270SAS,25.2,5.3,3rd quarter,4:28.0,Marc Gasol,MEM,True,2-pointer,1,56-60,'SAS',trails
373,373,373,201104270SAS,11.7,6.4,3rd quarter,3:52.0,Marc Gasol,MEM,True,2-pointer,12,59-62,'SAS',trails
379,379,379,201104270SAS,25.2,5.1,3rd quarter,1:00.0,Marc Gasol,MEM,True,2-pointer,1,68-63,'SAS',leads
406,406,406,201104270SAS,40.0,17.6,1st overtime,0:21.2,Marc Gasol,MEM,False,2-pointer,20,103-105,'SAS',trails
90,90,90,201104290MEM,27.2,5.4,1st quarter,9:10.0,Marc Gasol,MEM,True,2-pointer,3,10-2,'SAS',leads
108,108,108,201104290MEM,24.0,6.2,2nd quarter,11:35.0,Marc Gasol,MEM,True,2-pointer,1,26-18,'SAS',leads
120,120,120,201104290MEM,17.3,8.3,2nd quarter,1:24.0,Marc Gasol,MEM,False,2-pointer,7,43-40,'SAS',leads
121,121,121,201104290MEM,12.9,8.6,2nd quarter,0:51.9,Marc Gasol,MEM,False,2-pointer,12,43-41,'SAS',leads
130,130,130,201104290MEM,18.8,5.6,3rd quarter,7:27.0,Marc Gasol,MEM,True,2-pointer,5,54-49,'SAS',leads
135,135,135,201104290MEM,24.7,5.6,3rd quarter,5:05.0,Marc Gasol,MEM,True,2-pointer,1,60-57,'SAS',leads
136,136,136,201104290MEM,24.7,9.4,3rd quarter,3:24.0,Marc Gasol,MEM,True,2-pointer,4,63-59,'SAS',leads
137,137,137,201104290MEM,23.8,6.1,3rd quarter,2:43.0,Marc Gasol,MEM,True,2-pointer,1,65-61,'SAS',leads
148,148,148,201104290MEM,21.7,6.9,4th quarter,7:01.0,Marc Gasol,MEM,False,2-pointer,3,77-74,'SAS',leads
147,147,147,201105010OKC,19.1,8.9,1st quarter,8:41.0,Marc Gasol,MEM,True,2-pointer,6,9-6,'OKC',leads
150,150,150,201105010OKC,24.1,24.0,1st quarter,7:13.0,Marc Gasol,MEM,True,2-pointer,19,11-8,'OKC',leads
162,162,162,201105010OKC,23.2,5.6,1st quarter,0:35.0,Marc Gasol,MEM,True,2-pointer,1,28-24,'OKC',leads
189,189,189,201105010OKC,21.6,10.6,3rd quarter,11:33.0,Marc Gasol,MEM,False,2-pointer,6,57-47,'OKC',leads
193,193,193,201105010OKC,20.8,5.1,3rd quarter,8:52.0,Marc Gasol,MEM,False,2-pointer,3,61-56,'OKC',leads
202,202,202,201105010OKC,21.7,7.5,3rd quarter,5:56.0,Marc Gasol,MEM,True,2-pointer,3,71-65,'OKC',leads
207,207,207,201105010OKC,24.7,7.0,3rd quarter,3:38.0,Marc Gasol,MEM,True,2-pointer,2,75-69,'OKC',leads
212,212,212,201105010OKC,31.5,4.8,3rd quarter,1:17.0,Marc Gasol,MEM,True,2-pointer,8,82-71,'OKC',leads
214,214,214,201105010OKC,24.1,20.4,3rd quarter,0:02.6,Marc Gasol,MEM,True,2-pointer,15,84-71,'OKC',leads
215,215,215,201105010OKC,24.9,23.6,4th quarter,11:33.0,Marc Gasol,MEM,True,2-pointer,19,86-71,'OKC',leads
229,229,229,201105010OKC,23.5,19.2,4th quarter,1:58.0,Marc Gasol,MEM,True,2-pointer,14,104-93,'OKC',leads
159,159,159,201105030OKC,9.9,5.0,1st quarter,8:41.0,Marc Gasol,MEM,True,2-pointer,14,6-3,'OKC',leads
161,161,161,201105030OKC,13.5,7.8,1st quarter,7:26.0,Marc Gasol,MEM,False,2-pointer,11,6-3,'OKC',leads
162,162,162,201105030OKC,23.0,16.9,1st quarter,6:53.0,Marc Gasol,MEM,False,2-pointer,12,6-5,'OKC',leads
169,169,169,201105030OKC,16.7,11.3,1st quarter,1:31.0,Marc Gasol,MEM,False,2-pointer,10,14-20,'OKC',trails
188,188,188,201105030OKC,20.5,8.9,2nd quarter,3:44.0,Marc Gasol,MEM,False,2-pointer,5,37-43,'OKC',trails
223,223,223,201105030OKC,26.9,6.1,4th quarter,3:41.0,Marc Gasol,MEM,True,2-pointer,3,89-101,'OKC',trails
225,225,225,201105030OKC,23.0,8.3,4th quarter,2:45.0,Marc Gasol,MEM,True,2-pointer,3,91-101,'OKC',trails
229,229,229,201105030OKC,22.4,11.6,4th quarter,0:35.0,Marc Gasol,MEM,False,2-pointer,7,98-106,'OKC',trails
230,230,230,201105030OKC,18.8,8.3,4th quarter,0:19.9,Marc Gasol,MEM,False,2-pointer,6,98-108,'OKC',trails
249,249,249,201105070MEM,26.9,9.5,1st quarter,5:54.0,Marc Gasol,MEM,False,2-pointer,5,6-13,'OKC',trails
250,250,250,201105070MEM,19.5,5.6,1st quarter,5:30.0,Marc Gasol,MEM,True,2-pointer,5,8-13,'OKC',trails
251,251,251,201105070MEM,11.7,11.7,1st quarter,4:47.0,Marc Gasol,MEM,True,2-pointer,14,10-15,'OKC',trails
254,254,254,201105070MEM,25.3,5.0,1st quarter,2:18.0,Marc Gasol,MEM,False,2-pointer,1,12-15,'OKC',trails
271,271,271,201105070MEM,24.0,6.7,2nd quarter,6:22.0,Marc Gasol,MEM,False,2-pointer,2,31-33,'OKC',trails
272,272,272,201105070MEM,20.8,6.5,2nd quarter,6:04.0,Marc Gasol,MEM,False,2-pointer,4,31-36,'OKC',trails
274,274,274,201105070MEM,22.9,14.6,2nd quarter,4:17.0,Marc Gasol,MEM,True,2-pointer,10,35-40,'OKC',trails
281,281,281,201105070MEM,23.2,5.3,3rd quarter,11:36.0,Marc Gasol,MEM,False,2-pointer,1,43-51,'OKC',trails
284,284,284,201105070MEM,21.1,13.6,3rd quarter,9:19.0,Marc Gasol,MEM,False,2-pointer,9,45-57,'OKC',trails
285,285,285,201105070MEM,24.0,5.1,3rd quarter,8:56.0,Marc Gasol,MEM,True,2-pointer,0,47-57,'OKC',trails
288,288,288,201105070MEM,22.5,6.5,3rd quarter,5:36.0,Marc Gasol,MEM,False,2-pointer,2,52-66,'OKC',trails
290,290,290,201105070MEM,26.4,6.7,3rd quarter,5:23.0,Marc Gasol,MEM,False,2-pointer,3,52-66,'OKC',trails
292,292,292,201105070MEM,5.0,10.5,3rd quarter,4:15.0,Marc Gasol,MEM,False,2-pointer,20,54-68,'OKC',trails
326,326,326,201105070MEM,17.8,16.8,1st overtime,2:16.0,Marc Gasol,MEM,False,2-pointer,13,92-88,'OKC',leads
242,242,242,201105090MEM,24.4,5.9,1st quarter,11:39.0,Marc Gasol,MEM,True,2-pointer,1,2-0,'OKC',leads
251,251,251,201105090MEM,22.5,6.2,1st quarter,7:35.0,Marc Gasol,MEM,True,2-pointer,2,14-4,'OKC',leads
258,258,258,201105090MEM,36.7,20.6,1st quarter,3:04.0,Marc Gasol,MEM,True,2-pointer,20,22-13,'OKC',leads
259,259,259,201105090MEM,31.5,8.1,1st quarter,2:32.0,Marc Gasol,MEM,True,2-pointer,8,24-13,'OKC',leads
269,269,269,201105090MEM,23.5,5.1,2nd quarter,7:36.0,Marc Gasol,MEM,True,2-pointer,1,39-22,'OKC',leads
270,270,270,201105090MEM,29.3,13.6,2nd quarter,7:00.0,Marc Gasol,MEM,False,2-pointer,10,39-25,'OKC',leads
281,281,281,201105090MEM,23.6,6.5,2nd quarter,0:01.0,Marc Gasol,MEM,False,2-pointer,2,53-49,'OKC',leads
287,287,287,201105090MEM,27.4,23.7,3rd quarter,9:30.0,Marc Gasol,MEM,False,2-pointer,19,57-53,'OKC',leads
288,288,288,201105090MEM,24.6,5.6,3rd quarter,9:08.0,Marc Gasol,MEM,False,2-pointer,1,57-55,'OKC',leads
290,290,290,201105090MEM,20.2,23.4,3rd quarter,8:24.0,Marc Gasol,MEM,True,2-pointer,19,61-57,'OKC',leads
301,301,301,201105090MEM,31.2,29.2,3rd quarter,2:25.0,Marc Gasol,MEM,False,3-pointer,25,68-67,'OKC',leads
302,302,302,201105090MEM,22.4,5.6,3rd quarter,1:44.0,Marc Gasol,MEM,False,2-pointer,2,68-69,'OKC',trails
304,304,304,201105090MEM,18.3,11.0,3rd quarter,0:36.4,Marc Gasol,MEM,True,2-pointer,8,70-71,'OKC',trails
305,305,305,201105090MEM,24.2,6.9,3rd quarter,0:01.2,Marc Gasol,MEM,True,2-pointer,2,72-71,'OKC',leads
313,313,313,201105090MEM,24.0,6.4,4th quarter,3:04.0,Marc Gasol,MEM,True,2-pointer,1,89-92,'OKC',trails
315,315,315,201105090MEM,31.0,8.9,4th quarter,1:45.0,Marc Gasol,MEM,True,2-pointer,8,91-96,'OKC',trails
339,339,339,201105090MEM,22.4,5.1,2nd overtime,0:45.9,Marc Gasol,MEM,True,2-pointer,2,119-117,'OKC',leads
341,341,341,201105090MEM,25.2,5.7,2nd overtime,0:14.9,Marc Gasol,MEM,False,2-pointer,1,119-119,'OKC',tied
348,348,348,201105090MEM,21.3,12.9,3rd overtime,1:18.0,Marc Gasol,MEM,False,2-pointer,8,123-127,'OKC',trails
349,349,349,201105090MEM,24.4,31.1,3rd overtime,0:27.8,Marc Gasol,MEM,False,3-pointer,26,123-131,'OKC',trails
166,166,166,201105110OKC,24.6,5.4,2nd quarter,5:00.0,Marc Gasol,MEM,True,2-pointer,1,31-30,'OKC',leads
172,172,172,201105110OKC,25.5,8.0,2nd quarter,2:25.0,Marc Gasol,MEM,False,2-pointer,3,33-39,'OKC',trails
175,175,175,201105110OKC,18.6,6.2,2nd quarter,0:20.7,Marc Gasol,MEM,True,2-pointer,6,35-45,'OKC',trails
180,180,180,201105110OKC,23.5,7.0,3rd quarter,10:54.0,Marc Gasol,MEM,True,2-pointer,2,37-48,'OKC',trails
181,181,181,201105110OKC,26.4,24.5,3rd quarter,10:13.0,Marc Gasol,MEM,False,2-pointer,20,37-48,'OKC',trails
184,184,184,201105110OKC,23.8,5.6,3rd quarter,8:21.0,Marc Gasol,MEM,True,2-pointer,1,39-48,'OKC',trails
188,188,188,201105110OKC,24.0,7.5,3rd quarter,6:17.0,Marc Gasol,MEM,True,2-pointer,3,43-55,'OKC',trails
190,190,190,201105110OKC,14.7,5.9,3rd quarter,5:05.0,Marc Gasol,MEM,True,2-pointer,9,46-57,'OKC',trails
206,206,206,201105110OKC,15.8,20.6,4th quarter,4:50.0,Marc Gasol,MEM,False,2-pointer,18,63-88,'OKC',trails
76,76,76,201105130MEM,23.6,13.2,1st quarter,9:54.0,Marc Gasol,MEM,False,2-pointer,8,2-3,'OKC',trails
79,79,79,201105130MEM,24.9,5.0,1st quarter,8:47.0,Marc Gasol,MEM,False,2-pointer,1,4-6,'OKC',trails
81,81,81,201105130MEM,23.8,16.8,1st quarter,7:47.0,Marc Gasol,MEM,False,2-pointer,12,6-11,'OKC',trails
83,83,83,201105130MEM,23.5,11.0,1st quarter,5:29.0,Marc Gasol,MEM,True,2-pointer,6,10-13,'OKC',trails
102,102,102,201105130MEM,20.8,7.0,2nd quarter,9:18.0,Marc Gasol,MEM,True,2-pointer,4,30-25,'OKC',leads
111,111,111,201105130MEM,19.9,8.6,2nd quarter,4:31.0,Marc Gasol,MEM,False,2-pointer,5,34-37,'OKC',trails
130,130,130,201105130MEM,25.3,11.1,3rd quarter,6:03.0,Marc Gasol,MEM,False,2-pointer,6,55-59,'OKC',trails
135,135,135,201105130MEM,20.5,9.8,3rd quarter,2:45.0,Marc Gasol,MEM,True,2-pointer,6,65-65,'OKC',tied
155,155,155,201105150OKC,16.5,20.1,1st quarter,11:18.0,Marc Gasol,MEM,False,2-pointer,17,0-2,'OKC',trails
160,160,160,201105150OKC,26.9,4.8,1st quarter,8:30.0,Marc Gasol,MEM,True,2-pointer,3,8-6,'OKC',leads
169,169,169,201105150OKC,27.1,4.7,1st quarter,4:11.0,Marc Gasol,MEM,True,2-pointer,3,15-12,'OKC',leads
172,172,172,201105150OKC,16.1,7.2,1st quarter,2:49.0,Marc Gasol,MEM,False,2-pointer,8,15-14,'OKC',leads
182,182,182,201105150OKC,13.1,5.3,2nd quarter,10:04.0,Marc Gasol,MEM,True,2-pointer,11,21-21,'OKC',tied
191,191,191,201105150OKC,16.7,20.1,2nd quarter,3:09.0,Marc Gasol,MEM,False,2-pointer,17,29-37,'OKC',trails
205,205,205,201105150OKC,22.2,6.4,3rd quarter,6:23.0,Marc Gasol,MEM,False,2-pointer,2,46-52,'OKC',trails
211,211,211,201105150OKC,26.6,3.7,3rd quarter,1:57.0,Marc Gasol,MEM,False,2-pointer,3,51-62,'OKC',trails
213,213,213,201105150OKC,17.2,5.4,3rd quarter,1:13.0,Marc Gasol,MEM,False,2-pointer,7,51-66,'OKC',trails
232,232,232,201105150OKC,23.2,8.6,4th quarter,3:55.0,Marc Gasol,MEM,True,2-pointer,4,77-90,'OKC',trails
1643,1643,1643,201112260SAS,23.5,6.1,1st quarter,8:56.0,Marc Gasol,MEM,True,2-pointer,1,2-4,'SAS',trails
1646,1646,1646,201112260SAS,14.0,22.6,1st quarter,6:47.0,Marc Gasol,MEM,True,2-pointer,20,9-6,'SAS',leads
1664,1664,1664,201112260SAS,24.0,5.3,2nd quarter,3:28.0,Marc Gasol,MEM,True,2-pointer,0,33-37,'SAS',trails
1667,1667,1667,201112260SAS,12.3,18.7,2nd quarter,1:57.0,Marc Gasol,MEM,True,2-pointer,18,40-37,'SAS',leads
1681,1681,1681,201112260SAS,22.5,4.2,3rd quarter,4:54.0,Marc Gasol,MEM,False,2-pointer,2,49-60,'SAS',trails
1687,1687,1687,201112260SAS,23.5,6.7,3rd quarter,1:34.0,Marc Gasol,MEM,True,2-pointer,2,56-68,'SAS',trails
851,851,851,201112280MEM,23.3,20.6,1st quarter,11:45.0,Marc Gasol,MEM,False,2-pointer,16,0-0,'OKC',tied
865,865,865,201112280MEM,21.3,6.5,1st quarter,2:37.0,Marc Gasol,MEM,False,2-pointer,3,11-20,'OKC',trails
866,866,866,201112280MEM,23.8,6.4,1st quarter,2:33.0,Marc Gasol,MEM,True,2-pointer,1,13-20,'OKC',trails
867,867,867,201112280MEM,23.6,7.8,1st quarter,1:58.0,Marc Gasol,MEM,False,2-pointer,3,13-20,'OKC',trails
872,872,872,201112280MEM,35.4,15.7,2nd quarter,10:57.0,Marc Gasol,MEM,False,2-pointer,16,22-26,'OKC',trails
878,878,878,201112280MEM,24.2,6.2,2nd quarter,7:33.0,Marc Gasol,MEM,True,2-pointer,1,27-36,'OKC',trails
914,914,914,201112280MEM,24.2,19.9,4th quarter,10:59.0,Marc Gasol,MEM,True,2-pointer,15,72-75,'OKC',trails
923,923,923,201112280MEM,25.5,7.0,4th quarter,5:09.0,Marc Gasol,MEM,False,2-pointer,3,77-89,'OKC',trails
925,925,925,201112280MEM,23.6,6.1,4th quarter,4:55.0,Marc Gasol,MEM,True,2-pointer,1,79-89,'OKC',trails
926,926,926,201112280MEM,24.2,5.9,4th quarter,3:50.0,Marc Gasol,MEM,True,2-pointer,1,83-89,'OKC',trails
1034,1034,1034,201112300MEM,23.2,6.1,1st quarter,8:16.0,Marc Gasol,MEM,True,2-pointer,1,8-11,'HOU',trails
1036,1036,1036,201112300MEM,26.6,11.6,1st quarter,7:24.0,Marc Gasol,MEM,True,2-pointer,7,10-13,'HOU',trails
1041,1041,1041,201112300MEM,28.0,7.0,1st quarter,4:14.0,Marc Gasol,MEM,False,2-pointer,4,16-19,'HOU',trails
1056,1056,1056,201112300MEM,24.4,5.7,2nd quarter,8:25.0,Marc Gasol,MEM,True,2-pointer,1,36-30,'HOU',leads
1063,1063,1063,201112300MEM,12.8,7.8,2nd quarter,3:59.0,Marc Gasol,MEM,True,2-pointer,12,49-39,'HOU',leads
1064,1064,1064,201112300MEM,14.7,8.7,2nd quarter,3:29.0,Marc Gasol,MEM,False,2-pointer,10,49-39,'HOU',leads
1072,1072,1072,201112300MEM,24.0,7.2,3rd quarter,10:19.0,Marc Gasol,MEM,True,2-pointer,2,61-56,'HOU',leads
1076,1076,1076,201112300MEM,23.5,24.5,3rd quarter,8:32.0,Marc Gasol,MEM,True,2-pointer,20,70-56,'HOU',leads
8,8,8,201201010CHI,26.8,5.9,1st quarter,7:32.0,Marc Gasol,MEM,True,2-pointer,3,6-7,'CHI',trails
9,9,9,201201010CHI,9.1,8.6,1st quarter,7:00.0,Marc Gasol,MEM,False,2-pointer,15,6-7,'CHI',trails
13,13,13,201201010CHI,26.0,20.1,1st quarter,5:09.0,Marc Gasol,MEM,False,2-pointer,15,6-9,'CHI',trails
20,20,20,201201010CHI,24.0,6.9,1st quarter,1:29.0,Marc Gasol,MEM,False,2-pointer,2,10-20,'CHI',trails
31,31,31,201201010CHI,24.0,9.8,2nd quarter,6:17.0,Marc Gasol,MEM,False,2-pointer,5,24-37,'CHI',trails
36,36,36,201201010CHI,25.7,6.7,2nd quarter,4:22.0,Marc Gasol,MEM,True,2-pointer,2,26-44,'CHI',trails
593,593,593,201201030MEM,29.0,7.8,1st quarter,11:47.0,Marc Gasol,MEM,False,2-pointer,6,0-0,'SAC',tied
595,595,595,201201030MEM,23.8,6.5,1st quarter,11:13.0,Marc Gasol,MEM,False,2-pointer,2,0-2,'SAC',trails
608,608,608,201201030MEM,24.1,5.3,1st quarter,5:13.0,Marc Gasol,MEM,True,2-pointer,0,18-12,'SAC',leads
610,610,610,201201030MEM,24.0,6.2,1st quarter,3:57.0,Marc Gasol,MEM,False,2-pointer,1,20-13,'SAC',leads
612,612,612,201201030MEM,37.8,8.1,1st quarter,2:26.0,Marc Gasol,MEM,True,2-pointer,14,25-15,'SAC',leads
617,617,617,201201030MEM,18.0,17.6,2nd quarter,11:22.0,Marc Gasol,MEM,True,2-pointer,14,33-19,'SAC',leads
630,630,630,201201030MEM,33.2,9.4,2nd quarter,4:18.0,Marc Gasol,MEM,True,2-pointer,10,45-38,'SAC',leads
638,638,638,201201030MEM,12.3,12.1,3rd quarter,10:18.0,Marc Gasol,MEM,True,2-pointer,14,54-52,'SAC',leads
669,669,669,201201030MEM,25.7,10.2,4th quarter,7:19.0,Marc Gasol,MEM,True,2-pointer,5,97-77,'SAC',leads
678,678,678,201201030MEM,24.6,12.8,4th quarter,3:19.0,Marc Gasol,MEM,True,2-pointer,8,107-87,'SAC',leads
961,961,961,201201040MIN,23.0,5.4,1st quarter,6:53.0,Marc Gasol,MEM,True,2-pointer,1,10-2,'MIN',leads
978,978,978,201201040MIN,24.6,8.6,2nd quarter,8:32.0,Marc Gasol,MEM,False,2-pointer,4,25-20,'MIN',leads
980,980,980,201201040MIN,25.5,6.1,2nd quarter,7:27.0,Marc Gasol,MEM,True,2-pointer,2,29-22,'MIN',leads
985,985,985,201201040MIN,23.3,11.1,2nd quarter,4:23.0,Marc Gasol,MEM,False,2-pointer,6,37-28,'MIN',leads
990,990,990,201201040MIN,22.2,10.2,2nd quarter,0:54.9,Marc Gasol,MEM,False,2-pointer,6,41-35,'MIN',leads
993,993,993,201201040MIN,32.6,7.8,3rd quarter,11:29.0,Marc Gasol,MEM,False,2-pointer,9,43-39,'MIN',leads
999,999,999,201201040MIN,15.0,8.3,3rd quarter,8:46.0,Marc Gasol,MEM,True,2-pointer,10,47-48,'MIN',trails
1001,1001,1001,201201040MIN,9.1,9.7,3rd quarter,7:44.0,Marc Gasol,MEM,False,2-pointer,16,49-49,'MIN',tied
1005,1005,1005,201201040MIN,8.5,6.2,3rd quarter,4:48.0,Marc Gasol,MEM,False,2-pointer,16,49-54,'MIN',trails
1012,1012,1012,201201040MIN,15.4,11.6,3rd quarter,0:41.9,Marc Gasol,MEM,False,2-pointer,11,57-55,'MIN',leads
1027,1027,1027,201201040MIN,10.9,7.6,4th quarter,3:36.0,Marc Gasol,MEM,False,2-pointer,13,76-68,'MIN',leads
1602,1602,1602,201201060UTA,28.7,14.9,1st quarter,6:17.0,Marc Gasol,MEM,False,2-pointer,11,13-14,'UTA',trails
1604,1604,1604,201201060UTA,21.9,13.2,1st quarter,5:46.0,Marc Gasol,MEM,True,2-pointer,8,15-14,'UTA',leads
1625,1625,1625,201201060UTA,26.8,18.1,2nd quarter,5:35.0,Marc Gasol,MEM,True,2-pointer,13,39-36,'UTA',leads
1626,1626,1626,201201060UTA,26.8,9.2,2nd quarter,4:53.0,Marc Gasol,MEM,True,2-pointer,5,41-38,'UTA',leads
1628,1628,1628,201201060UTA,18.4,6.7,2nd quarter,4:01.0,Marc Gasol,MEM,False,2-pointer,6,43-38,'UTA',leads
1629,1629,1629,201201060UTA,25.5,20.1,2nd quarter,3:49.0,Marc Gasol,MEM,False,2-pointer,15,43-38,'UTA',leads
1634,1634,1634,201201060UTA,25.5,6.2,2nd quarter,0:44.9,Marc Gasol,MEM,True,2-pointer,2,47-45,'UTA',leads
1641,1641,1641,201201060UTA,19.2,10.3,3rd quarter,6:58.0,Marc Gasol,MEM,True,2-pointer,7,59-52,'UTA',leads
1643,1643,1643,201201060UTA,30.7,23.6,3rd quarter,5:39.0,Marc Gasol,MEM,True,2-pointer,20,61-54,'UTA',leads
1650,1650,1650,201201060UTA,25.8,6.2,4th quarter,11:45.0,Marc Gasol,MEM,True,2-pointer,2,66-67,'UTA',trails
1653,1653,1653,201201060UTA,32.6,14.3,4th quarter,9:15.0,Marc Gasol,MEM,True,2-pointer,13,68-69,'UTA',trails
1658,1658,1658,201201060UTA,26.8,21.8,4th quarter,5:32.0,Marc Gasol,MEM,False,2-pointer,17,70-78,'UTA',trails
1662,1662,1662,201201060UTA,20.2,7.6,4th quarter,2:05.0,Marc Gasol,MEM,False,2-pointer,5,76-84,'UTA',trails
1665,1665,1665,201201060UTA,21.4,5.4,4th quarter,1:25.0,Marc Gasol,MEM,True,2-pointer,3,78-84,'UTA',trails
4,4,4,201201080LAL,24.4,14.4,1st quarter,8:19.0,Marc Gasol,MEM,False,2-pointer,9,7-5,'LAL',leads
10,10,10,201201080LAL,32.4,20.1,1st quarter,4:43.0,Marc Gasol,MEM,False,2-pointer,17,12-15,'LAL',trails
15,15,15,201201080LAL,20.2,6.4,1st quarter,2:45.0,Marc Gasol,MEM,False,2-pointer,4,18-22,'LAL',trails
21,21,21,201201080LAL,22.7,6.7,1st quarter,0:26.5,Marc Gasol,MEM,False,2-pointer,2,22-29,'LAL',trails
32,32,32,201201080LAL,26.8,16.3,2nd quarter,7:30.0,Marc Gasol,MEM,False,2-pointer,12,28-42,'LAL',trails
50,50,50,201201080LAL,12.8,7.5,3rd quarter,10:24.0,Marc Gasol,MEM,False,2-pointer,11,50-56,'LAL',trails
59,59,59,201201080LAL,22.2,12.1,3rd quarter,5:42.0,Marc Gasol,MEM,False,2-pointer,7,56-64,'LAL',trails
61,61,61,201201080LAL,16.9,19.2,3rd quarter,4:56.0,Marc Gasol,MEM,False,2-pointer,16,56-66,'LAL',trails
69,69,69,201201080LAL,14.8,22.0,3rd quarter,0:37.9,Marc Gasol,MEM,False,2-pointer,19,66-75,'LAL',trails
723,723,723,201201100MEM,16.4,20.7,1st quarter,10:07.0,Marc Gasol,MEM,False,2-pointer,17,4-1,'OKC',leads
727,727,727,201201100MEM,26.8,17.4,1st quarter,8:25.0,Marc Gasol,MEM,False,2-pointer,13,6-1,'OKC',leads
731,731,731,201201100MEM,8.0,9.4,1st quarter,5:11.0,Marc Gasol,MEM,True,2-pointer,17,14-14,'OKC',tied
732,732,732,201201100MEM,25.8,5.9,1st quarter,4:31.0,Marc Gasol,MEM,True,2-pointer,2,16-14,'OKC',leads
733,733,733,201201100MEM,25.3,7.6,1st quarter,4:02.0,Marc Gasol,MEM,False,2-pointer,3,17-14,'OKC',leads
748,748,748,201201100MEM,30.7,22.3,2nd quarter,7:16.0,Marc Gasol,MEM,True,2-pointer,19,35-33,'OKC',leads
749,749,749,201201100MEM,34.2,22.0,2nd quarter,6:27.0,Marc Gasol,MEM,False,2-pointer,20,35-33,'OKC',leads
751,751,751,201201100MEM,17.3,6.1,2nd quarter,5:09.0,Marc Gasol,MEM,True,2-pointer,7,40-37,'OKC',leads
752,752,752,201201100MEM,29.4,12.2,2nd quarter,4:04.0,Marc Gasol,MEM,False,2-pointer,9,42-41,'OKC',leads
754,754,754,201201100MEM,31.2,18.4,2nd quarter,3:35.0,Marc Gasol,MEM,True,2-pointer,15,44-43,'OKC',leads
767,767,767,201201100MEM,19.5,21.0,3rd quarter,10:32.0,Marc Gasol,MEM,False,2-pointer,17,54-56,'OKC',trails
770,770,770,201201100MEM,23.3,9.7,3rd quarter,9:27.0,Marc Gasol,MEM,False,2-pointer,5,54-59,'OKC',trails
781,781,781,201201100MEM,19.9,9.4,3rd quarter,0:58.1,Marc Gasol,MEM,True,2-pointer,6,69-75,'OKC',trails
793,793,793,201201100MEM,16.9,7.6,4th quarter,5:54.0,Marc Gasol,MEM,True,2-pointer,8,83-88,'OKC',trails
795,795,795,201201100MEM,24.7,10.8,4th quarter,4:39.0,Marc Gasol,MEM,True,2-pointer,6,87-90,'OKC',trails
796,796,796,201201100MEM,19.1,11.4,4th quarter,3:54.0,Marc Gasol,MEM,False,2-pointer,8,87-90,'OKC',trails
400,400,400,201201120MEM,13.1,8.3,1st quarter,10:59.0,Marc Gasol,MEM,True,2-pointer,11,2-0,'NYK',leads
401,401,401,201201120MEM,34.2,11.7,1st quarter,10:23.0,Marc Gasol,MEM,False,2-pointer,12,2-0,'NYK',leads
413,413,413,201201120MEM,16.7,10.0,1st quarter,3:02.0,Marc Gasol,MEM,True,2-pointer,9,18-10,'NYK',leads
424,424,424,201201120MEM,26.4,6.4,2nd quarter,10:01.0,Marc Gasol,MEM,False,2-pointer,3,31-19,'NYK',leads
450,450,450,201201120MEM,9.0,5.0,3rd quarter,6:53.0,Marc Gasol,MEM,False,2-pointer,15,57-45,'NYK',leads
456,456,456,201201120MEM,13.7,12.8,3rd quarter,2:58.0,Marc Gasol,MEM,False,2-pointer,13,64-47,'NYK',leads
465,465,465,201201120MEM,16.5,10.8,4th quarter,7:41.0,Marc Gasol,MEM,True,2-pointer,9,81-57,'NYK',leads
1257,1257,1257,201201140MEM,25.3,5.0,1st quarter,8:11.0,Marc Gasol,MEM,True,2-pointer,1,7-5,'NOH',leads
1259,1259,1259,201201140MEM,24.4,4.5,1st quarter,6:41.0,Marc Gasol,MEM,True,2-pointer,1,11-9,'NOH',leads
1260,1260,1260,201201140MEM,21.7,25.6,1st quarter,6:19.0,Marc Gasol,MEM,False,2-pointer,21,11-11,'NOH',tied
1266,1266,1266,201201140MEM,24.0,5.6,1st quarter,5:00.0,Marc Gasol,MEM,True,2-pointer,1,15-13,'NOH',leads
1268,1268,1268,201201140MEM,29.1,12.4,1st quarter,3:13.0,Marc Gasol,MEM,False,2-pointer,9,16-18,'NOH',trails
1278,1278,1278,201201140MEM,10.4,18.7,2nd quarter,8:00.0,Marc Gasol,MEM,True,2-pointer,19,32-33,'NOH',trails
1281,1281,1281,201201140MEM,21.0,6.4,2nd quarter,6:05.0,Marc Gasol,MEM,False,2-pointer,3,38-35,'NOH',leads
1282,1282,1282,201201140MEM,9.9,9.8,2nd quarter,5:58.0,Marc Gasol,MEM,False,2-pointer,15,38-35,'NOH',leads
1294,1294,1294,201201140MEM,23.6,5.0,2nd quarter,0:20.2,Marc Gasol,MEM,True,2-pointer,0,57-47,'NOH',leads
1295,1295,1295,201201140MEM,12.3,18.5,3rd quarter,11:11.0,Marc Gasol,MEM,True,2-pointer,18,59-47,'NOH',leads
1316,1316,1316,201201140MEM,22.2,6.5,4th quarter,10:59.0,Marc Gasol,MEM,False,2-pointer,2,86-77,'NOH',leads
1320,1320,1320,201201140MEM,10.7,6.2,4th quarter,8:00.0,Marc Gasol,MEM,False,2-pointer,13,93-89,'NOH',leads
1324,1324,1324,201201140MEM,19.9,10.2,4th quarter,5:20.0,Marc Gasol,MEM,False,2-pointer,7,95-91,'NOH',leads
877,877,877,201201160MEM,21.4,10.3,1st quarter,7:59.0,Marc Gasol,MEM,True,2-pointer,6,12-6,'MEM',leads
885,885,885,201201160MEM,23.6,6.2,1st quarter,3:21.0,Marc Gasol,MEM,True,2-pointer,1,22-16,'MEM',leads
908,908,908,201201160MEM,24.6,5.0,2nd quarter,0:52.9,Marc Gasol,MEM,True,2-pointer,1,55-38,'MEM',leads
914,914,914,201201160MEM,21.7,13.6,3rd quarter,9:37.0,Marc Gasol,MEM,True,2-pointer,9,64-42,'MEM',leads
922,922,922,201201160MEM,11.8,20.9,3rd quarter,5:14.0,Marc Gasol,MEM,False,2-pointer,20,71-49,'MEM',leads
925,925,925,201201160MEM,29.0,9.5,3rd quarter,3:12.0,Marc Gasol,MEM,False,2-pointer,7,71-51,'MEM',leads
926,926,926,201201160MEM,24.2,9.5,3rd quarter,2:38.0,Marc Gasol,MEM,True,2-pointer,5,73-53,'MEM',leads
931,931,931,201201160MEM,13.2,20.1,4th quarter,11:01.0,Marc Gasol,MEM,False,2-pointer,19,77-66,'MEM',leads
933,933,933,201201160MEM,30.4,9.8,4th quarter,9:57.0,Marc Gasol,MEM,True,2-pointer,8,79-68,'MEM',leads
937,937,937,201201160MEM,24.9,4.8,4th quarter,8:43.0,Marc Gasol,MEM,False,2-pointer,1,81-72,'MEM',leads
940,940,940,201201160MEM,18.8,20.3,4th quarter,7:56.0,Marc Gasol,MEM,True,2-pointer,16,85-74,'MEM',leads
944,944,944,201201160MEM,21.7,14.7,4th quarter,6:42.0,Marc Gasol,MEM,True,2-pointer,10,92-74,'MEM',leads
945,945,945,201201160MEM,18.1,12.2,4th quarter,5:58.0,Marc Gasol,MEM,True,2-pointer,9,94-75,'MEM',leads
774,774,774,201201180NOH,39.1,13.3,1st quarter,9:07.0,Marc Gasol,MEM,False,2-pointer,17,8-4,'NOH',leads
779,779,779,201201180NOH,24.6,5.4,1st quarter,6:12.0,Marc Gasol,MEM,True,2-pointer,1,20-9,'NOH',leads
782,782,782,201201180NOH,11.2,10.2,1st quarter,2:52.0,Marc Gasol,MEM,True,2-pointer,14,30-16,'NOH',leads
784,784,784,201201180NOH,25.3,7.6,1st quarter,0:20.8,Marc Gasol,MEM,True,2-pointer,3,32-22,'NOH',leads
787,787,787,201201180NOH,27.6,14.3,2nd quarter,9:39.0,Marc Gasol,MEM,True,2-pointer,10,39-26,'NOH',leads
802,802,802,201201180NOH,11.5,5.3,2nd quarter,1:00.0,Marc Gasol,MEM,True,2-pointer,13,53-48,'NOH',leads
803,803,803,201201180NOH,29.3,21.7,2nd quarter,0:34.5,Marc Gasol,MEM,True,2-pointer,18,55-48,'NOH',leads
809,809,809,201201180NOH,22.5,17.6,3rd quarter,9:33.0,Marc Gasol,MEM,False,2-pointer,13,55-55,'NOH',tied
810,810,810,201201180NOH,24.0,11.9,3rd quarter,9:00.0,Marc Gasol,MEM,True,2-pointer,7,57-55,'NOH',leads
815,815,815,201201180NOH,24.6,9.5,3rd quarter,5:43.0,Marc Gasol,MEM,False,2-pointer,5,62-57,'NOH',leads
816,816,816,201201180NOH,10.4,9.5,3rd quarter,4:52.0,Marc Gasol,MEM,True,2-pointer,14,66-59,'NOH',leads
817,817,817,201201180NOH,26.3,14.7,3rd quarter,4:10.0,Marc Gasol,MEM,True,2-pointer,10,68-61,'NOH',leads
821,821,821,201201180NOH,24.6,5.1,3rd quarter,0:05.4,Marc Gasol,MEM,True,2-pointer,1,72-67,'NOH',leads
836,836,836,201201180NOH,8.7,17.9,4th quarter,1:43.0,Marc Gasol,MEM,False,2-pointer,20,87-83,'NOH',leads
319,319,319,201201200DET,20.3,4.7,1st quarter,7:49.0,Marc Gasol,MEM,False,2-pointer,4,4-5,'DET',trails
324,324,324,201201200DET,22.9,9.1,1st quarter,3:40.0,Marc Gasol,MEM,True,2-pointer,4,14-7,'DET',leads
325,325,325,201201200DET,24.0,5.4,1st quarter,3:10.0,Marc Gasol,MEM,True,2-pointer,0,16-7,'DET',leads
345,345,345,201201200DET,28.2,8.0,2nd quarter,2:43.0,Marc Gasol,MEM,True,2-pointer,5,45-26,'DET',leads
346,346,346,201201200DET,25.7,14.6,2nd quarter,2:05.0,Marc Gasol,MEM,True,2-pointer,10,47-28,'DET',leads
350,350,350,201201200DET,15.1,10.6,3rd quarter,11:44.0,Marc Gasol,MEM,True,2-pointer,11,51-30,'DET',leads
355,355,355,201201200DET,13.9,8.4,3rd quarter,8:59.0,Marc Gasol,MEM,False,2-pointer,11,55-35,'DET',leads
361,361,361,201201200DET,23.6,8.6,3rd quarter,4:07.0,Marc Gasol,MEM,False,2-pointer,4,64-54,'DET',leads
366,366,366,201201200DET,33.4,5.3,3rd quarter,1:06.0,Marc Gasol,MEM,False,2-pointer,9,71-61,'DET',leads
368,368,368,201201200DET,40.6,15.7,4th quarter,11:24.0,Marc Gasol,MEM,True,2-pointer,20,75-67,'DET',leads
372,372,372,201201200DET,17.2,18.8,4th quarter,8:58.0,Marc Gasol,MEM,False,2-pointer,15,79-70,'DET',leads
719,719,719,201201210MEM,10.7,13.6,1st quarter,10:14.0,Marc Gasol,MEM,True,2-pointer,16,5-2,'SAC',leads
722,722,722,201201210MEM,20.3,7.6,1st quarter,9:22.0,Marc Gasol,MEM,False,2-pointer,5,7-2,'SAC',leads
726,726,726,201201210MEM,24.1,12.4,1st quarter,7:07.0,Marc Gasol,MEM,True,2-pointer,7,14-6,'SAC',leads
727,727,727,201201210MEM,23.8,10.5,1st quarter,6:38.0,Marc Gasol,MEM,True,2-pointer,6,17-8,'SAC',leads
740,740,740,201201210MEM,24.0,11.3,2nd quarter,11:47.0,Marc Gasol,MEM,False,2-pointer,6,34-21,'SAC',leads
767,767,767,201201210MEM,19.5,23.3,3rd quarter,7:25.0,Marc Gasol,MEM,True,2-pointer,19,82-64,'SAC',leads
768,768,768,201201210MEM,25.7,4.5,3rd quarter,6:48.0,Marc Gasol,MEM,False,2-pointer,2,82-64,'SAC',leads
769,769,769,201201210MEM,19.5,24.5,3rd quarter,6:22.0,Marc Gasol,MEM,True,2-pointer,20,85-66,'SAC',leads
770,770,770,201201210MEM,25.7,29.9,3rd quarter,5:49.0,Marc Gasol,MEM,True,3-pointer,25,88-66,'SAC',leads
778,778,778,201201210MEM,16.9,16.3,3rd quarter,2:36.0,Marc Gasol,MEM,True,2-pointer,13,95-73,'SAC',leads
784,784,784,201201210MEM,25.7,5.6,4th quarter,11:22.0,Marc Gasol,MEM,True,2-pointer,2,104-76,'SAC',leads
460,460,460,201201230GSW,24.2,10.6,1st quarter,8:50.0,Marc Gasol,MEM,False,2-pointer,6,2-7,'GSW',trails
461,461,461,201201230GSW,16.7,7.0,1st quarter,8:19.0,Marc Gasol,MEM,False,2-pointer,8,2-9,'GSW',trails
466,466,466,201201230GSW,24.8,6.9,1st quarter,5:34.0,Marc Gasol,MEM,False,2-pointer,2,7-11,'GSW',trails
468,468,468,201201230GSW,24.7,24.5,1st quarter,4:27.0,Marc Gasol,MEM,False,2-pointer,20,7-14,'GSW',trails
469,469,469,201201230GSW,16.5,10.0,1st quarter,3:38.0,Marc Gasol,MEM,True,2-pointer,9,9-14,'GSW',trails
470,470,470,201201230GSW,25.2,5.4,1st quarter,2:53.0,Marc Gasol,MEM,True,2-pointer,1,11-16,'GSW',trails
472,472,472,201201230GSW,24.0,4.8,1st quarter,2:19.0,Marc Gasol,MEM,True,2-pointer,0,13-18,'GSW',trails
483,483,483,201201230GSW,23.5,6.2,2nd quarter,8:44.0,Marc Gasol,MEM,True,2-pointer,1,21-30,'GSW',trails
484,484,484,201201230GSW,13.2,17.1,2nd quarter,7:34.0,Marc Gasol,MEM,True,2-pointer,16,23-32,'GSW',trails
485,485,485,201201230GSW,24.0,10.5,2nd quarter,6:50.0,Marc Gasol,MEM,False,2-pointer,6,23-34,'GSW',trails
493,493,493,201201230GSW,22.5,5.0,2nd quarter,1:20.0,Marc Gasol,MEM,True,2-pointer,2,31-42,'GSW',trails
498,498,498,201201230GSW,18.0,25.0,3rd quarter,10:25.0,Marc Gasol,MEM,False,2-pointer,21,35-48,'GSW',trails
508,508,508,201201230GSW,20.6,7.6,3rd quarter,3:30.0,Marc Gasol,MEM,False,2-pointer,4,43-61,'GSW',trails
536,536,536,201201230GSW,23.8,5.0,4th quarter,2:36.0,Marc Gasol,MEM,True,2-pointer,0,80-83,'GSW',trails
638,638,638,201201240POR,17.6,9.8,1st quarter,3:55.0,Marc Gasol,MEM,False,2-pointer,8,13-22,'POR',trails
642,642,642,201201240POR,23.0,5.0,1st quarter,2:13.0,Marc Gasol,MEM,True,2-pointer,1,17-22,'POR',trails
644,644,644,201201240POR,24.7,5.1,1st quarter,1:18.0,Marc Gasol,MEM,True,2-pointer,1,21-23,'POR',trails
671,671,671,201201240POR,12.6,20.7,2nd quarter,0:29.9,Marc Gasol,MEM,False,2-pointer,19,43-45,'POR',trails
679,679,679,201201240POR,14.2,22.6,3rd quarter,7:27.0,Marc Gasol,MEM,False,2-pointer,20,45-53,'POR',trails
684,684,684,201201240POR,24.1,17.4,3rd quarter,3:02.0,Marc Gasol,MEM,False,2-pointer,12,45-62,'POR',trails
686,686,686,201201240POR,21.4,17.6,3rd quarter,1:47.0,Marc Gasol,MEM,False,2-pointer,13,49-65,'POR',trails
5,5,5,201201260LAC,29.9,10.5,1st quarter,8:54.0,Marc Gasol,MEM,False,2-pointer,8,2-4,'MEM',trails
6,6,6,201201260LAC,10.4,7.0,1st quarter,7:24.0,Marc Gasol,MEM,True,2-pointer,14,4-7,'MEM',trails
15,15,15,201201260LAC,22.7,6.5,1st quarter,2:11.0,Marc Gasol,MEM,True,2-pointer,2,13-27,'MEM',trails
18,18,18,201201260LAC,23.0,5.9,1st quarter,1:15.0,Marc Gasol,MEM,False,2-pointer,1,13-29,'MEM',trails
19,19,19,201201260LAC,27.1,13.9,1st quarter,0:51.9,Marc Gasol,MEM,False,2-pointer,9,13-29,'MEM',trails
24,24,24,201201260LAC,26.9,8.7,2nd quarter,9:19.0,Marc Gasol,MEM,True,2-pointer,5,26-29,'MEM',trails
41,41,41,201201260LAC,13.7,12.8,3rd quarter,9:10.0,Marc Gasol,MEM,False,2-pointer,13,49-52,'MEM',trails
43,43,43,201201260LAC,38.1,8.6,3rd quarter,8:06.0,Marc Gasol,MEM,True,2-pointer,15,53-52,'MEM',leads
57,57,57,201201260LAC,23.6,15.7,3rd quarter,0:53.9,Marc Gasol,MEM,False,2-pointer,11,70-72,'MEM',trails
58,58,58,201201260LAC,27.6,8.1,3rd quarter,0:44.4,Marc Gasol,MEM,True,2-pointer,5,72-72,'MEM',tied
80,80,80,201201260LAC,25.2,14.1,4th quarter,0:20.9,Marc Gasol,MEM,False,2-pointer,9,89-97,'MEM',trails
647,647,647,201201280PHO,23.2,12.7,1st quarter,11:38.0,Marc Gasol,MEM,False,2-pointer,8,0-0,'PHO',tied
657,657,657,201201280PHO,23.6,23.9,1st quarter,6:36.0,Marc Gasol,MEM,False,2-pointer,19,9-8,'PHO',leads
661,661,661,201201280PHO,28.8,5.4,1st quarter,3:31.0,Marc Gasol,MEM,False,2-pointer,5,13-18,'PHO',trails
662,662,662,201201280PHO,8.7,6.2,1st quarter,2:55.0,Marc Gasol,MEM,False,2-pointer,15,13-20,'PHO',trails
664,664,664,201201280PHO,23.6,19.0,1st quarter,1:16.0,Marc Gasol,MEM,True,2-pointer,14,16-22,'PHO',trails
669,669,669,201201280PHO,23.2,13.9,2nd quarter,10:16.0,Marc Gasol,MEM,False,2-pointer,9,18-24,'PHO',trails
678,678,678,201201280PHO,29.3,13.6,2nd quarter,3:14.0,Marc Gasol,MEM,False,2-pointer,10,28-36,'PHO',trails
684,684,684,201201280PHO,24.0,5.7,2nd quarter,0:00.1,Marc Gasol,MEM,False,2-pointer,1,32-48,'PHO',trails
692,692,692,201201280PHO,24.0,12.8,3rd quarter,6:51.0,Marc Gasol,MEM,True,2-pointer,8,42-50,'PHO',trails
696,696,696,201201280PHO,19.5,17.4,3rd quarter,4:18.0,Marc Gasol,MEM,True,2-pointer,13,46-57,'PHO',trails
700,700,700,201201280PHO,15.1,19.2,3rd quarter,1:39.0,Marc Gasol,MEM,True,2-pointer,17,52-59,'PHO',trails
702,702,702,201201280PHO,25.7,10.8,3rd quarter,0:49.9,Marc Gasol,MEM,True,2-pointer,6,56-61,'PHO',trails
712,712,712,201201280PHO,24.6,4.8,4th quarter,4:51.0,Marc Gasol,MEM,True,2-pointer,1,73-76,'PHO',trails
718,718,718,201201280PHO,23.8,12.4,4th quarter,2:01.0,Marc Gasol,MEM,True,2-pointer,7,80-82,'PHO',trails
398,398,398,201201300MEM,12.1,8.7,1st quarter,9:54.0,Marc Gasol,MEM,False,2-pointer,12,3-4,'SAS',trails
401,401,401,201201300MEM,31.3,21.0,1st quarter,7:19.0,Marc Gasol,MEM,False,2-pointer,18,7-6,'SAS',leads
416,416,416,201201300MEM,30.5,9.2,2nd quarter,9:04.0,Marc Gasol,MEM,False,2-pointer,8,21-31,'SAS',trails
418,418,418,201201300MEM,23.6,17.7,2nd quarter,8:05.0,Marc Gasol,MEM,True,2-pointer,13,25-34,'SAS',trails
422,422,422,201201300MEM,22.4,14.7,2nd quarter,4:53.0,Marc Gasol,MEM,False,2-pointer,10,28-41,'SAS',trails
426,426,426,201201300MEM,18.1,14.6,2nd quarter,2:50.0,Marc Gasol,MEM,False,2-pointer,11,28-45,'SAS',trails
438,438,438,201201300MEM,14.0,9.8,3rd quarter,5:19.0,Marc Gasol,MEM,False,2-pointer,11,45-57,'SAS',trails
458,458,458,201201300MEM,23.5,5.6,4th quarter,6:44.0,Marc Gasol,MEM,True,2-pointer,1,61-78,'SAS',trails
459,459,459,201201300MEM,21.9,4.8,4th quarter,5:44.0,Marc Gasol,MEM,False,2-pointer,2,62-81,'SAS',trails
460,460,460,201201300MEM,23.0,18.4,4th quarter,4:07.0,Marc Gasol,MEM,False,2-pointer,13,63-81,'SAS',trails
464,464,464,201201300MEM,22.7,5.3,4th quarter,2:07.0,Marc Gasol,MEM,True,2-pointer,1,69-81,'SAS',trails
713,713,713,201201310MEM,17.2,8.6,1st quarter,10:56.0,Marc Gasol,MEM,False,2-pointer,8,2-3,'DEN',trails
719,719,719,201201310MEM,17.6,7.5,1st quarter,6:19.0,Marc Gasol,MEM,False,2-pointer,7,9-8,'DEN',leads
723,723,723,201201310MEM,26.4,9.7,1st quarter,4:15.0,Marc Gasol,MEM,True,2-pointer,5,15-14,'DEN',leads
728,728,728,201201310MEM,18.0,16.0,1st quarter,1:47.0,Marc Gasol,MEM,True,2-pointer,13,19-18,'DEN',leads
731,731,731,201201310MEM,29.8,8.9,2nd quarter,10:45.0,Marc Gasol,MEM,False,2-pointer,7,19-25,'DEN',trails
748,748,748,201201310MEM,14.8,10.0,2nd quarter,2:19.0,Marc Gasol,MEM,False,2-pointer,10,33-44,'DEN',trails
754,754,754,201201310MEM,26.3,5.6,3rd quarter,9:00.0,Marc Gasol,MEM,False,2-pointer,2,45-51,'DEN',trails
758,758,758,201201310MEM,23.5,12.4,3rd quarter,6:26.0,Marc Gasol,MEM,True,2-pointer,7,52-58,'DEN',trails
766,766,766,201201310MEM,24.2,19.8,3rd quarter,2:24.0,Marc Gasol,MEM,False,2-pointer,15,54-64,'DEN',trails
774,774,774,201201310MEM,25.0,9.5,4th quarter,11:03.0,Marc Gasol,MEM,False,2-pointer,5,62-70,'DEN',trails
779,779,779,201201310MEM,22.5,5.9,4th quarter,7:11.0,Marc Gasol,MEM,True,2-pointer,2,70-79,'DEN',trails
790,790,790,201201310MEM,23.5,5.3,1st overtime,4:08.0,Marc Gasol,MEM,True,2-pointer,1,93-93,'DEN',tied
791,791,791,201201310MEM,27.6,8.0,1st overtime,3:27.0,Marc Gasol,MEM,False,2-pointer,5,93-93,'DEN',tied
11,11,11,201202020ATL,20.2,15.1,1st quarter,4:51.0,Marc Gasol,MEM,False,2-pointer,11,10-15,'MEM',trails
16,16,16,201202020ATL,25.7,5.0,1st quarter,2:12.0,Marc Gasol,MEM,True,2-pointer,2,20-15,'MEM',leads
27,27,27,201202020ATL,25.0,5.4,2nd quarter,8:33.0,Marc Gasol,MEM,True,2-pointer,1,27-29,'MEM',trails
30,30,30,201202020ATL,25.0,5.3,2nd quarter,6:25.0,Marc Gasol,MEM,True,2-pointer,1,33-33,'MEM',tied
35,35,35,201202020ATL,22.4,12.7,2nd quarter,4:10.0,Marc Gasol,MEM,True,2-pointer,8,39-36,'MEM',leads
41,41,41,201202020ATL,34.8,14.3,2nd quarter,0:43.9,Marc Gasol,MEM,False,2-pointer,14,48-40,'MEM',leads
48,48,48,201202020ATL,26.0,9.1,3rd quarter,9:55.0,Marc Gasol,MEM,False,2-pointer,5,55-43,'MEM',leads
54,54,54,201202020ATL,25.8,14.1,3rd quarter,5:18.0,Marc Gasol,MEM,True,2-pointer,9,66-49,'MEM',leads
986,986,986,201202030OKC,28.3,23.9,1st quarter,7:15.0,Marc Gasol,MEM,True,2-pointer,19,10-9,'OKC',leads
987,987,987,201202030OKC,22.1,5.4,1st quarter,6:46.0,Marc Gasol,MEM,True,2-pointer,2,12-11,'OKC',leads
1013,1013,1013,201202030OKC,23.6,8.4,2nd quarter,4:45.0,Marc Gasol,MEM,True,2-pointer,3,40-35,'OKC',leads
1016,1016,1016,201202030OKC,23.0,11.6,2nd quarter,2:49.0,Marc Gasol,MEM,True,2-pointer,7,44-40,'OKC',leads
1017,1017,1017,201202030OKC,14.3,9.4,2nd quarter,2:09.0,Marc Gasol,MEM,True,2-pointer,11,46-42,'OKC',leads
1024,1024,1024,201202030OKC,9.1,6.2,3rd quarter,9:00.0,Marc Gasol,MEM,True,2-pointer,15,56-53,'OKC',leads
1025,1025,1025,201202030OKC,15.9,5.7,3rd quarter,8:22.0,Marc Gasol,MEM,False,2-pointer,8,56-55,'OKC',leads
1028,1028,1028,201202030OKC,32.0,5.7,3rd quarter,7:11.0,Marc Gasol,MEM,True,2-pointer,8,60-56,'OKC',leads
1037,1037,1037,201202030OKC,17.2,19.9,3rd quarter,2:46.0,Marc Gasol,MEM,True,2-pointer,16,70-63,'OKC',leads
1038,1038,1038,201202030OKC,30.7,12.4,3rd quarter,2:09.0,Marc Gasol,MEM,False,2-pointer,10,70-63,'OKC',leads
1041,1041,1041,201202030OKC,19.4,7.6,3rd quarter,0:01.8,Marc Gasol,MEM,False,2-pointer,5,75-69,'OKC',leads
1042,1042,1042,201202030OKC,24.0,5.9,3rd quarter,0:00.7,Marc Gasol,MEM,True,2-pointer,1,77-69,'OKC',leads
0,0,0,201202050BOS,13.4,7.0,1st quarter,10:53.0,Marc Gasol,MEM,True,2-pointer,11,4-2,'BOS',leads
3,3,3,201202050BOS,24.4,11.9,1st quarter,8:49.0,Marc Gasol,MEM,True,2-pointer,7,6-4,'BOS',leads
6,6,6,201202050BOS,29.3,6.7,1st quarter,7:09.0,Marc Gasol,MEM,False,2-pointer,6,10-6,'BOS',leads
7,7,7,201202050BOS,26.3,5.6,1st quarter,7:05.0,Marc Gasol,MEM,False,2-pointer,2,10-6,'BOS',leads
8,8,8,201202050BOS,24.7,24.4,1st quarter,6:31.0,Marc Gasol,MEM,False,2-pointer,19,10-6,'BOS',leads
14,14,14,201202050BOS,24.2,6.1,1st quarter,2:42.0,Marc Gasol,MEM,False,2-pointer,1,14-18,'BOS',trails
31,31,31,201202050BOS,19.2,13.6,2nd quarter,5:03.0,Marc Gasol,MEM,True,2-pointer,10,34-34,'BOS',tied
34,34,34,201202050BOS,15.8,6.5,2nd quarter,2:51.0,Marc Gasol,MEM,False,2-pointer,8,34-36,'BOS',trails
36,36,36,201202050BOS,24.6,9.5,2nd quarter,1:22.0,Marc Gasol,MEM,False,2-pointer,5,34-41,'BOS',trails
42,42,42,201202050BOS,18.1,19.5,3rd quarter,9:28.0,Marc Gasol,MEM,False,2-pointer,16,39-45,'BOS',trails
61,61,61,201202050BOS,28.2,7.0,4th quarter,11:24.0,Marc Gasol,MEM,False,2-pointer,5,61-69,'BOS',trails
65,65,65,201202050BOS,18.3,17.6,4th quarter,8:49.0,Marc Gasol,MEM,False,2-pointer,14,65-76,'BOS',trails
69,69,69,201202050BOS,24.0,11.0,4th quarter,6:51.0,Marc Gasol,MEM,False,2-pointer,6,70-83,'BOS',trails
70,70,70,201202050BOS,29.3,8.9,4th quarter,6:28.0,Marc Gasol,MEM,False,2-pointer,7,70-83,'BOS',trails
396,396,396,201202060MEM,19.4,16.0,1st quarter,10:55.0,Marc Gasol,MEM,True,2-pointer,12,4-0,'SAS',leads
401,401,401,201202060MEM,23.5,6.2,1st quarter,7:44.0,Marc Gasol,MEM,True,2-pointer,1,8-7,'SAS',leads
402,402,402,201202060MEM,26.0,18.8,1st quarter,7:13.0,Marc Gasol,MEM,True,2-pointer,14,10-9,'SAS',leads
405,405,405,201202060MEM,16.5,7.2,1st quarter,5:00.0,Marc Gasol,MEM,False,2-pointer,8,10-15,'SAS',trails
412,412,412,201202060MEM,22.2,17.6,1st quarter,2:11.0,Marc Gasol,MEM,False,2-pointer,13,12-21,'SAS',trails
413,413,413,201202060MEM,24.6,4.7,1st quarter,1:32.0,Marc Gasol,MEM,True,2-pointer,1,14-24,'SAS',trails
431,431,431,201202060MEM,26.1,6.5,2nd quarter,0:59.6,Marc Gasol,MEM,True,2-pointer,3,43-51,'SAS',trails
434,434,434,201202060MEM,24.1,21.0,3rd quarter,11:11.0,Marc Gasol,MEM,False,2-pointer,16,46-54,'SAS',trails
440,440,440,201202060MEM,18.9,23.7,3rd quarter,5:44.0,Marc Gasol,MEM,True,2-pointer,19,55-61,'SAS',trails
441,441,441,201202060MEM,21.5,9.5,3rd quarter,5:16.0,Marc Gasol,MEM,False,2-pointer,5,55-61,'SAS',trails
448,448,448,201202060MEM,23.5,5.7,3rd quarter,1:31.0,Marc Gasol,MEM,True,2-pointer,1,68-65,'SAS',leads
455,455,455,201202060MEM,12.3,11.6,4th quarter,10:18.0,Marc Gasol,MEM,False,2-pointer,13,73-69,'SAS',leads
464,464,464,201202060MEM,23.6,18.4,4th quarter,4:44.0,Marc Gasol,MEM,False,2-pointer,13,77-78,'SAS',trails
465,465,465,201202060MEM,25.2,5.6,4th quarter,4:05.0,Marc Gasol,MEM,True,2-pointer,1,79-80,'SAS',trails
474,474,474,201202060MEM,25.0,6.1,4th quarter,0:24.9,Marc Gasol,MEM,False,2-pointer,1,84-87,'SAS',trails
543,543,543,201202080MEM,17.5,9.1,1st quarter,8:22.0,Marc Gasol,MEM,False,2-pointer,8,6-7,'MEM',trails
550,550,550,201202080MEM,30.4,11.0,1st quarter,6:12.0,Marc Gasol,MEM,True,2-pointer,9,13-9,'MEM',leads
553,553,553,201202080MEM,29.6,10.3,1st quarter,3:56.0,Marc Gasol,MEM,False,2-pointer,8,15-11,'MEM',leads
554,554,554,201202080MEM,26.0,5.7,1st quarter,3:32.0,Marc Gasol,MEM,True,2-pointer,2,17-13,'MEM',leads
589,589,589,201202080MEM,29.6,22.9,3rd quarter,8:43.0,Marc Gasol,MEM,False,2-pointer,19,52-36,'MEM',leads
590,590,590,201202080MEM,24.4,12.5,3rd quarter,8:17.0,Marc Gasol,MEM,False,2-pointer,8,52-38,'MEM',leads
596,596,596,201202080MEM,13.7,7.2,3rd quarter,5:07.0,Marc Gasol,MEM,False,2-pointer,11,56-46,'MEM',leads
601,601,601,201202080MEM,24.4,5.6,3rd quarter,3:03.0,Marc Gasol,MEM,True,2-pointer,1,58-50,'MEM',leads
604,604,604,201202080MEM,14.3,17.1,3rd quarter,1:32.0,Marc Gasol,MEM,False,2-pointer,16,62-50,'MEM',leads
620,620,620,201202080MEM,27.9,10.8,4th quarter,7:18.0,Marc Gasol,MEM,False,2-pointer,7,71-61,'MEM',leads
622,622,622,201202080MEM,23.8,13.2,4th quarter,6:35.0,Marc Gasol,MEM,True,2-pointer,8,75-63,'MEM',leads
628,628,628,201202080MEM,17.3,13.9,4th quarter,2:06.0,Marc Gasol,MEM,False,2-pointer,11,80-71,'MEM',leads
629,629,629,201202080MEM,9.9,16.3,4th quarter,1:15.0,Marc Gasol,MEM,False,2-pointer,18,82-75,'MEM',leads
588,588,588,201202100MEM,24.2,5.4,1st quarter,8:56.0,Marc Gasol,MEM,False,2-pointer,0,8-3,'IND',leads
595,595,595,201202100MEM,24.6,13.3,1st quarter,4:57.0,Marc Gasol,MEM,False,2-pointer,8,13-15,'IND',trails
602,602,602,201202100MEM,16.7,9.5,1st quarter,0:49.2,Marc Gasol,MEM,True,2-pointer,9,20-20,'IND',tied
603,603,603,201202100MEM,23.6,9.4,1st quarter,0:20.8,Marc Gasol,MEM,True,2-pointer,4,22-22,'IND',tied
615,615,615,201202100MEM,12.6,8.1,2nd quarter,5:23.0,Marc Gasol,MEM,False,2-pointer,12,36-36,'IND',tied
622,622,622,201202100MEM,15.1,9.2,2nd quarter,2:04.0,Marc Gasol,MEM,True,2-pointer,10,41-42,'IND',trails
645,645,645,201202100MEM,23.8,13.3,4th quarter,8:25.0,Marc Gasol,MEM,True,2-pointer,8,81-77,'IND',leads
649,649,649,201202100MEM,14.3,8.6,4th quarter,6:01.0,Marc Gasol,MEM,False,2-pointer,10,86-79,'IND',leads
749,749,749,201202120MEM,13.1,10.5,1st quarter,9:19.0,Marc Gasol,MEM,True,2-pointer,12,2-7,'UTA',trails
750,750,750,201202120MEM,31.0,9.1,1st quarter,8:38.0,Marc Gasol,MEM,False,2-pointer,8,2-9,'UTA',trails
755,755,755,201202120MEM,17.8,10.8,1st quarter,4:23.0,Marc Gasol,MEM,False,2-pointer,8,10-19,'UTA',trails
757,757,757,201202120MEM,18.6,9.2,1st quarter,3:42.0,Marc Gasol,MEM,True,2-pointer,7,12-22,'UTA',trails
765,765,765,201202120MEM,29.6,6.5,1st quarter,0:11.0,Marc Gasol,MEM,True,2-pointer,6,18-22,'UTA',trails
773,773,773,201202120MEM,25.3,7.5,2nd quarter,5:37.0,Marc Gasol,MEM,False,2-pointer,3,23-32,'UTA',trails
774,774,774,201202120MEM,28.0,24.8,2nd quarter,5:31.0,Marc Gasol,MEM,True,2-pointer,20,25-32,'UTA',trails
775,775,775,201202120MEM,13.2,9.8,2nd quarter,5:02.0,Marc Gasol,MEM,True,2-pointer,12,27-34,'UTA',trails
781,781,781,201202120MEM,18.8,12.8,2nd quarter,2:57.0,Marc Gasol,MEM,False,2-pointer,9,29-37,'UTA',trails
786,786,786,201202120MEM,6.8,28.5,2nd quarter,0:01.0,Marc Gasol,MEM,False,3-pointer,29,40-46,'UTA',trails
795,795,795,201202120MEM,35.6,28.5,3rd quarter,6:46.0,Marc Gasol,MEM,False,3-pointer,26,54-57,'UTA',trails
796,796,796,201202120MEM,29.9,16.6,3rd quarter,6:28.0,Marc Gasol,MEM,True,2-pointer,13,56-57,'UTA',trails
797,797,797,201202120MEM,26.9,10.5,3rd quarter,5:49.0,Marc Gasol,MEM,True,2-pointer,6,58-59,'UTA',trails
807,807,807,201202120MEM,24.7,5.0,4th quarter,10:27.0,Marc Gasol,MEM,True,2-pointer,1,70-73,'UTA',trails
815,815,815,201202120MEM,26.1,5.6,4th quarter,2:04.0,Marc Gasol,MEM,False,2-pointer,2,84-96,'UTA',trails
911,911,911,201202140MEM,24.4,9.7,1st quarter,10:21.0,Marc Gasol,MEM,True,2-pointer,5,4-2,'HOU',leads
916,916,916,201202140MEM,25.3,16.2,1st quarter,5:51.0,Marc Gasol,MEM,True,2-pointer,11,13-13,'HOU',tied
952,952,952,201202140MEM,29.3,14.7,2nd quarter,0:39.1,Marc Gasol,MEM,True,2-pointer,11,51-41,'HOU',leads
957,957,957,201202140MEM,28.2,23.4,3rd quarter,10:03.0,Marc Gasol,MEM,True,2-pointer,19,58-45,'HOU',leads
960,960,960,201202140MEM,25.2,23.9,3rd quarter,8:33.0,Marc Gasol,MEM,True,2-pointer,19,62-47,'HOU',leads
963,963,963,201202140MEM,23.3,7.8,3rd quarter,5:09.0,Marc Gasol,MEM,False,2-pointer,3,65-54,'HOU',leads
966,966,966,201202140MEM,9.4,18.7,3rd quarter,2:33.0,Marc Gasol,MEM,True,2-pointer,20,69-56,'HOU',leads
967,967,967,201202140MEM,10.9,12.4,3rd quarter,2:00.0,Marc Gasol,MEM,True,2-pointer,15,71-58,'HOU',leads
978,978,978,201202140MEM,25.0,15.7,4th quarter,3:58.0,Marc Gasol,MEM,False,2-pointer,11,84-74,'HOU',leads
1301,1301,1301,201202150NJN,17.8,24.5,1st quarter,10:24.0,Marc Gasol,MEM,True,2-pointer,20,5-4,'NJN',leads
1302,1302,1302,201202150NJN,27.6,6.5,1st quarter,9:54.0,Marc Gasol,MEM,False,2-pointer,4,5-4,'NJN',leads
1305,1305,1305,201202150NJN,26.3,6.2,1st quarter,8:03.0,Marc Gasol,MEM,True,2-pointer,3,9-6,'NJN',leads
1307,1307,1307,201202150NJN,15.3,19.8,1st quarter,7:05.0,Marc Gasol,MEM,False,2-pointer,17,9-6,'NJN',leads
1311,1311,1311,201202150NJN,25.3,11.7,1st quarter,5:17.0,Marc Gasol,MEM,True,2-pointer,7,17-11,'NJN',leads
1323,1323,1323,201202150NJN,9.0,13.0,2nd quarter,10:49.0,Marc Gasol,MEM,True,2-pointer,17,27-30,'NJN',trails
1325,1325,1325,201202150NJN,21.7,5.0,2nd quarter,9:11.0,Marc Gasol,MEM,False,2-pointer,2,29-34,'NJN',trails
1336,1336,1336,201202150NJN,21.9,10.6,2nd quarter,2:12.0,Marc Gasol,MEM,False,2-pointer,6,43-52,'NJN',trails
1340,1340,1340,201202150NJN,24.6,7.8,2nd quarter,0:30.0,Marc Gasol,MEM,True,2-pointer,3,50-55,'NJN',trails
1346,1346,1346,201202150NJN,32.8,6.5,3rd quarter,9:50.0,Marc Gasol,MEM,True,2-pointer,9,59-59,'NJN',tied
1363,1363,1363,201202150NJN,11.8,20.3,3rd quarter,1:38.0,Marc Gasol,MEM,False,2-pointer,20,77-73,'NJN',leads
1365,1365,1365,201202150NJN,7.6,7.8,3rd quarter,0:57.9,Marc Gasol,MEM,False,2-pointer,17,77-75,'NJN',leads
1376,1376,1376,201202150NJN,28.5,7.2,4th quarter,5:15.0,Marc Gasol,MEM,False,2-pointer,5,90-91,'NJN',trails
1385,1385,1385,201202150NJN,24.4,6.4,4th quarter,1:03.0,Marc Gasol,MEM,False,2-pointer,1,99-95,'NJN',leads
753,753,753,201202170MEM,24.2,5.6,1st quarter,10:44.0,Marc Gasol,MEM,True,2-pointer,1,4-2,'DEN',leads
755,755,755,201202170MEM,22.4,5.6,1st quarter,9:40.0,Marc Gasol,MEM,True,2-pointer,2,8-4,'DEN',leads
756,756,756,201202170MEM,12.0,18.4,1st quarter,9:03.0,Marc Gasol,MEM,False,2-pointer,18,8-4,'DEN',leads
762,762,762,201202170MEM,24.0,18.1,1st quarter,6:04.0,Marc Gasol,MEM,True,2-pointer,13,20-8,'DEN',leads
773,773,773,201202170MEM,15.0,9.1,1st quarter,0:37.7,Marc Gasol,MEM,True,2-pointer,10,34-15,'DEN',leads
786,786,786,201202170MEM,23.0,5.7,2nd quarter,5:35.0,Marc Gasol,MEM,False,2-pointer,1,44-30,'DEN',leads
795,795,795,201202170MEM,27.4,8.0,2nd quarter,1:11.0,Marc Gasol,MEM,True,2-pointer,5,57-39,'DEN',leads
801,801,801,201202170MEM,17.5,10.2,3rd quarter,8:12.0,Marc Gasol,MEM,False,2-pointer,8,66-52,'DEN',leads
813,813,813,201202170MEM,15.8,25.5,3rd quarter,1:59.0,Marc Gasol,MEM,False,2-pointer,22,79-67,'DEN',leads
815,815,815,201202170MEM,26.4,8.3,3rd quarter,0:42.9,Marc Gasol,MEM,False,2-pointer,4,83-69,'DEN',leads
822,822,822,201202170MEM,17.6,12.7,4th quarter,6:54.0,Marc Gasol,MEM,False,2-pointer,10,90-85,'DEN',leads
446,446,446,201202180MEM,17.3,8.0,1st quarter,1:33.0,Marc Gasol,MEM,True,2-pointer,7,29-16,'MEM',leads
447,447,447,201202180MEM,17.3,9.2,1st quarter,1:04.0,Marc Gasol,MEM,False,2-pointer,8,29-16,'MEM',leads
450,450,450,201202180MEM,25.3,5.3,1st quarter,0:27.3,Marc Gasol,MEM,True,2-pointer,1,33-19,'MEM',leads
455,455,455,201202180MEM,20.3,8.0,2nd quarter,7:21.0,Marc Gasol,MEM,True,2-pointer,5,39-33,'MEM',leads
456,456,456,201202180MEM,25.8,22.6,2nd quarter,6:25.0,Marc Gasol,MEM,True,2-pointer,18,42-37,'MEM',leads
457,457,457,201202180MEM,30.9,6.1,2nd quarter,5:50.0,Marc Gasol,MEM,False,2-pointer,7,42-37,'MEM',leads
460,460,460,201202180MEM,23.8,10.8,2nd quarter,4:18.0,Marc Gasol,MEM,True,2-pointer,6,45-45,'MEM',tied
465,465,465,201202180MEM,23.8,11.7,3rd quarter,11:21.0,Marc Gasol,MEM,False,2-pointer,7,54-59,'MEM',trails
478,478,478,201202180MEM,15.4,5.7,3rd quarter,3:19.0,Marc Gasol,MEM,False,2-pointer,9,64-73,'MEM',trails
679,679,679,201202200HOU,17.2,10.6,1st quarter,9:46.0,Marc Gasol,MEM,False,2-pointer,9,2-3,'HOU',trails
688,688,688,201202200HOU,21.9,12.2,1st quarter,4:58.0,Marc Gasol,MEM,True,2-pointer,8,18-14,'HOU',leads
689,689,689,201202200HOU,26.4,16.0,1st quarter,4:19.0,Marc Gasol,MEM,False,2-pointer,11,18-18,'HOU',tied
697,697,697,201202200HOU,40.2,7.3,1st quarter,0:00.0,Marc Gasol,MEM,True,2-pointer,16,28-31,'HOU',trails
715,715,715,201202200HOU,21.3,10.6,2nd quarter,1:47.0,Marc Gasol,MEM,False,2-pointer,6,54-53,'HOU',leads
716,716,716,201202200HOU,13.2,11.9,2nd quarter,1:13.0,Marc Gasol,MEM,False,2-pointer,13,54-55,'HOU',trails
723,723,723,201202200HOU,10.7,20.6,3rd quarter,9:27.0,Marc Gasol,MEM,True,2-pointer,21,56-61,'HOU',trails
741,741,741,201202200HOU,9.6,6.4,4th quarter,7:14.0,Marc Gasol,MEM,False,2-pointer,14,78-86,'HOU',trails
425,425,425,201202210MEM,13.2,12.5,1st quarter,11:05.0,Marc Gasol,MEM,True,2-pointer,13,4-0,'MEM',leads
433,433,433,201202210MEM,14.2,12.8,1st quarter,5:41.0,Marc Gasol,MEM,False,2-pointer,13,15-7,'MEM',leads
434,434,434,201202210MEM,23.5,9.7,1st quarter,5:07.0,Marc Gasol,MEM,False,2-pointer,5,15-7,'MEM',leads
436,436,436,201202210MEM,18.8,6.5,1st quarter,3:38.0,Marc Gasol,MEM,True,2-pointer,5,19-7,'MEM',leads
452,452,452,201202210MEM,24.4,12.7,2nd quarter,8:51.0,Marc Gasol,MEM,True,2-pointer,8,34-19,'MEM',leads
462,462,462,201202210MEM,26.3,11.7,2nd quarter,2:11.0,Marc Gasol,MEM,True,2-pointer,7,45-40,'MEM',leads
464,464,464,201202210MEM,29.3,7.3,2nd quarter,0:04.9,Marc Gasol,MEM,False,2-pointer,6,47-42,'MEM',leads
467,467,467,201202210MEM,34.0,16.6,3rd quarter,9:34.0,Marc Gasol,MEM,False,2-pointer,15,51-44,'MEM',leads
471,471,471,201202210MEM,24.1,17.7,3rd quarter,7:09.0,Marc Gasol,MEM,True,2-pointer,13,55-48,'MEM',leads
477,477,477,201202210MEM,23.8,25.8,3rd quarter,3:09.0,Marc Gasol,MEM,False,2-pointer,21,61-55,'MEM',leads
478,478,478,201202210MEM,16.4,14.4,3rd quarter,2:37.0,Marc Gasol,MEM,False,2-pointer,12,61-55,'MEM',leads
495,495,495,201202210MEM,27.2,9.8,4th quarter,4:08.0,Marc Gasol,MEM,False,2-pointer,6,80-72,'MEM',leads
950,950,950,201202290MEM,11.0,14.9,1st quarter,11:29.0,Marc Gasol,MEM,True,2-pointer,16,2-0,'DAL',leads
951,951,951,201202290MEM,24.7,12.4,1st quarter,10:51.0,Marc Gasol,MEM,False,2-pointer,7,2-0,'DAL',leads
958,958,958,201202290MEM,26.8,10.3,1st quarter,6:53.0,Marc Gasol,MEM,False,2-pointer,6,8-8,'DAL',tied
959,959,959,201202290MEM,25.3,4.7,1st quarter,5:37.0,Marc Gasol,MEM,True,2-pointer,1,10-12,'DAL',trails
965,965,965,201202290MEM,28.5,13.8,1st quarter,2:50.0,Marc Gasol,MEM,True,2-pointer,10,18-14,'DAL',leads
977,977,977,201202290MEM,24.9,5.6,2nd quarter,6:01.0,Marc Gasol,MEM,True,2-pointer,1,36-33,'DAL',leads
978,978,978,201202290MEM,18.1,7.2,2nd quarter,5:17.0,Marc Gasol,MEM,True,2-pointer,6,38-35,'DAL',leads
984,984,984,201202290MEM,25.8,21.0,2nd quarter,1:45.0,Marc Gasol,MEM,False,2-pointer,16,41-43,'DAL',trails
988,988,988,201202290MEM,10.4,18.8,3rd quarter,11:05.0,Marc Gasol,MEM,False,2-pointer,19,47-51,'DAL',trails
989,989,989,201202290MEM,23.2,10.0,3rd quarter,10:34.0,Marc Gasol,MEM,False,2-pointer,5,47-51,'DAL',trails
1010,1010,1010,201202290MEM,24.4,5.0,4th quarter,11:00.0,Marc Gasol,MEM,True,2-pointer,0,76-67,'DAL',leads
1011,1011,1011,201202290MEM,24.1,23.4,4th quarter,10:20.0,Marc Gasol,MEM,True,2-pointer,18,78-67,'DAL',leads
1019,1019,1019,201202290MEM,30.2,17.9,4th quarter,5:20.0,Marc Gasol,MEM,True,2-pointer,14,84-73,'DAL',leads
1022,1022,1022,201202290MEM,31.0,18.2,4th quarter,3:19.0,Marc Gasol,MEM,False,2-pointer,15,86-77,'DAL',leads
1534,1534,1534,201203020TOR,24.0,5.4,1st quarter,10:34.0,Marc Gasol,MEM,True,2-pointer,0,2-2,'TOR',tied
1536,1536,1536,201203020TOR,35.8,6.4,1st quarter,8:27.0,Marc Gasol,MEM,True,2-pointer,12,4-6,'TOR',trails
1537,1537,1537,201203020TOR,9.6,5.0,1st quarter,7:10.0,Marc Gasol,MEM,False,2-pointer,14,4-8,'TOR',trails
1539,1539,1539,201203020TOR,11.5,17.6,1st quarter,6:05.0,Marc Gasol,MEM,True,2-pointer,18,6-13,'TOR',trails
1540,1540,1540,201203020TOR,31.7,19.0,1st quarter,5:34.0,Marc Gasol,MEM,True,2-pointer,16,8-15,'TOR',trails
1545,1545,1545,201203020TOR,26.9,11.4,1st quarter,2:36.0,Marc Gasol,MEM,False,2-pointer,7,14-19,'TOR',trails
1551,1551,1551,201203020TOR,10.2,11.1,2nd quarter,11:37.0,Marc Gasol,MEM,False,2-pointer,15,23-21,'TOR',leads
1564,1564,1564,201203020TOR,26.0,5.4,2nd quarter,3:02.0,Marc Gasol,MEM,False,2-pointer,2,39-47,'TOR',trails
1572,1572,1572,201203020TOR,10.1,10.3,3rd quarter,10:17.0,Marc Gasol,MEM,False,2-pointer,15,47-52,'TOR',trails
1574,1574,1574,201203020TOR,24.0,11.4,3rd quarter,9:31.0,Marc Gasol,MEM,True,2-pointer,6,52-52,'TOR',tied
1579,1579,1579,201203020TOR,14.3,18.2,3rd quarter,6:43.0,Marc Gasol,MEM,False,2-pointer,16,60-58,'TOR',leads
1580,1580,1580,201203020TOR,29.4,8.1,3rd quarter,5:55.0,Marc Gasol,MEM,False,2-pointer,6,62-60,'TOR',leads
1582,1582,1582,201203020TOR,24.0,12.2,3rd quarter,5:13.0,Marc Gasol,MEM,True,2-pointer,7,64-60,'TOR',leads
1586,1586,1586,201203020TOR,24.6,19.6,3rd quarter,2:49.0,Marc Gasol,MEM,False,2-pointer,15,70-67,'TOR',leads
1597,1597,1597,201203020TOR,27.6,13.0,4th quarter,8:46.0,Marc Gasol,MEM,True,2-pointer,9,81-86,'TOR',trails
1599,1599,1599,201203020TOR,34.0,9.5,4th quarter,7:41.0,Marc Gasol,MEM,True,2-pointer,11,85-86,'TOR',trails
1601,1601,1601,201203020TOR,22.1,13.2,4th quarter,6:30.0,Marc Gasol,MEM,False,2-pointer,8,87-91,'TOR',trails
1609,1609,1609,201203020TOR,9.9,6.7,4th quarter,2:01.0,Marc Gasol,MEM,False,2-pointer,14,95-93,'TOR',leads
1610,1610,1610,201203020TOR,36.2,8.6,4th quarter,1:15.0,Marc Gasol,MEM,True,2-pointer,13,97-96,'TOR',leads
393,393,393,201203030MEM,15.0,8.6,1st quarter,11:24.0,Marc Gasol,MEM,True,2-pointer,10,2-0,'DET',leads
397,397,397,201203030MEM,21.4,8.4,1st quarter,9:39.0,Marc Gasol,MEM,True,2-pointer,4,6-4,'DET',leads
402,402,402,201203030MEM,18.6,7.0,1st quarter,5:32.0,Marc Gasol,MEM,True,2-pointer,6,14-18,'DET',trails
403,403,403,201203030MEM,23.3,8.0,1st quarter,5:03.0,Marc Gasol,MEM,True,2-pointer,3,16-20,'DET',trails
404,404,404,201203030MEM,31.0,20.3,1st quarter,3:57.0,Marc Gasol,MEM,True,2-pointer,17,21-23,'DET',trails
407,407,407,201203030MEM,15.1,8.6,1st quarter,3:00.0,Marc Gasol,MEM,False,2-pointer,10,21-23,'DET',trails
426,426,426,201203030MEM,19.5,13.3,2nd quarter,3:26.0,Marc Gasol,MEM,False,2-pointer,9,40-39,'DET',leads
431,431,431,201203030MEM,18.1,11.1,3rd quarter,11:17.0,Marc Gasol,MEM,False,2-pointer,8,46-47,'DET',trails
434,434,434,201203030MEM,35.9,6.2,3rd quarter,7:58.0,Marc Gasol,MEM,False,2-pointer,12,50-50,'DET',tied
435,435,435,201203030MEM,20.2,15.1,3rd quarter,7:30.0,Marc Gasol,MEM,True,2-pointer,11,52-52,'DET',tied
439,439,439,201203030MEM,24.6,13.5,3rd quarter,4:34.0,Marc Gasol,MEM,True,2-pointer,9,56-60,'DET',trails
452,452,452,201203030MEM,26.9,26.9,4th quarter,7:18.0,Marc Gasol,MEM,False,2-pointer,22,77-78,'DET',trails
454,454,454,201203030MEM,28.8,11.3,4th quarter,6:13.0,Marc Gasol,MEM,False,2-pointer,8,80-78,'DET',leads
327,327,327,201203070GSW,24.6,21.5,1st quarter,7:01.0,Marc Gasol,MEM,True,2-pointer,17,19-4,'GSW',leads
329,329,329,201203070GSW,16.7,6.9,1st quarter,5:11.0,Marc Gasol,MEM,True,2-pointer,8,23-9,'GSW',leads
342,342,342,201203070GSW,30.7,22.6,2nd quarter,7:20.0,Marc Gasol,MEM,False,2-pointer,19,38-36,'GSW',leads
343,343,343,201203070GSW,17.2,5.7,2nd quarter,6:21.0,Marc Gasol,MEM,False,2-pointer,7,40-40,'GSW',tied
346,346,346,201203070GSW,23.5,5.0,2nd quarter,5:24.0,Marc Gasol,MEM,True,2-pointer,1,42-42,'GSW',tied
353,353,353,201203070GSW,24.2,11.6,2nd quarter,1:30.0,Marc Gasol,MEM,True,2-pointer,7,50-51,'GSW',trails
356,356,356,201203070GSW,30.5,15.4,2nd quarter,0:01.9,Marc Gasol,MEM,True,2-pointer,12,56-51,'GSW',leads
357,357,357,201203070GSW,29.4,15.5,3rd quarter,11:16.0,Marc Gasol,MEM,False,2-pointer,12,56-53,'GSW',leads
374,374,374,201203070GSW,33.7,12.2,3rd quarter,1:23.0,Marc Gasol,MEM,False,2-pointer,12,81-73,'GSW',leads
1109,1109,1109,201203100PHO,17.6,16.5,1st quarter,11:09.0,Marc Gasol,MEM,True,2-pointer,13,4-2,'PHO',leads
1115,1115,1115,201203100PHO,11.0,21.8,1st quarter,8:33.0,Marc Gasol,MEM,True,2-pointer,21,10-4,'PHO',leads
1119,1119,1119,201203100PHO,25.3,23.7,1st quarter,6:19.0,Marc Gasol,MEM,False,2-pointer,19,14-10,'PHO',leads
1124,1124,1124,201203100PHO,15.3,5.9,1st quarter,4:19.0,Marc Gasol,MEM,True,2-pointer,9,20-16,'PHO',leads
1125,1125,1125,201203100PHO,12.0,14.1,1st quarter,4:01.0,Marc Gasol,MEM,False,2-pointer,15,21-16,'PHO',leads
1132,1132,1132,201203100PHO,27.4,13.3,1st quarter,1:07.0,Marc Gasol,MEM,True,2-pointer,9,27-24,'PHO',leads
1133,1133,1133,201203100PHO,25.8,4.8,1st quarter,0:34.6,Marc Gasol,MEM,True,2-pointer,2,29-24,'PHO',leads
1137,1137,1137,201203100PHO,35.0,21.4,2nd quarter,9:16.0,Marc Gasol,MEM,False,2-pointer,20,37-28,'PHO',leads
1151,1151,1151,201203100PHO,9.3,18.8,2nd quarter,1:22.0,Marc Gasol,MEM,False,2-pointer,20,48-46,'PHO',leads
1158,1158,1158,201203100PHO,9.8,4.7,3rd quarter,9:55.0,Marc Gasol,MEM,False,2-pointer,14,53-55,'PHO',trails
1160,1160,1160,201203100PHO,20.0,13.5,3rd quarter,9:21.0,Marc Gasol,MEM,False,2-pointer,9,53-55,'PHO',trails
1166,1166,1166,201203100PHO,17.3,16.2,3rd quarter,5:51.0,Marc Gasol,MEM,True,2-pointer,13,63-65,'PHO',trails
1182,1182,1182,201203100PHO,23.2,12.1,4th quarter,6:16.0,Marc Gasol,MEM,False,2-pointer,7,81-89,'PHO',trails
1183,1183,1183,201203100PHO,23.3,5.6,4th quarter,5:47.0,Marc Gasol,MEM,True,2-pointer,1,83-91,'PHO',trails
1185,1185,1185,201203100PHO,12.3,7.2,4th quarter,3:20.0,Marc Gasol,MEM,False,2-pointer,12,85-96,'PHO',trails
169,169,169,201203110DEN,25.5,4.8,1st quarter,9:53.0,Marc Gasol,MEM,False,2-pointer,2,0-7,'DEN',trails
171,171,171,201203110DEN,25.8,4.8,1st quarter,9:15.0,Marc Gasol,MEM,True,2-pointer,2,4-10,'DEN',trails
194,194,194,201203110DEN,20.2,19.3,2nd quarter,6:46.0,Marc Gasol,MEM,False,2-pointer,15,35-35,'DEN',tied
196,196,196,201203110DEN,22.2,4.5,2nd quarter,6:14.0,Marc Gasol,MEM,False,2-pointer,2,35-37,'DEN',trails
206,206,206,201203110DEN,11.8,8.6,3rd quarter,10:40.0,Marc Gasol,MEM,False,2-pointer,13,50-53,'DEN',trails
208,208,208,201203110DEN,25.8,4.7,3rd quarter,8:47.0,Marc Gasol,MEM,True,2-pointer,2,52-56,'DEN',trails
233,233,233,201203110DEN,19.4,11.9,4th quarter,5:52.0,Marc Gasol,MEM,False,2-pointer,8,85-80,'DEN',leads
729,729,729,201203130MEM,21.9,23.1,1st quarter,9:19.0,Marc Gasol,MEM,False,2-pointer,18,6-1,'LAL',leads
735,735,735,201203130MEM,13.9,6.4,1st quarter,6:44.0,Marc Gasol,MEM,True,2-pointer,10,10-8,'LAL',leads
736,736,736,201203130MEM,14.7,20.4,1st quarter,6:06.0,Marc Gasol,MEM,False,2-pointer,18,10-8,'LAL',leads
741,741,741,201203130MEM,12.4,8.6,1st quarter,3:31.0,Marc Gasol,MEM,True,2-pointer,12,18-16,'LAL',leads
759,759,759,201203130MEM,26.9,12.4,2nd quarter,8:03.0,Marc Gasol,MEM,True,2-pointer,8,33-33,'LAL',tied
760,760,760,201203130MEM,26.4,13.6,2nd quarter,7:18.0,Marc Gasol,MEM,True,2-pointer,9,35-35,'LAL',tied
761,761,761,201203130MEM,11.8,10.2,2nd quarter,6:43.0,Marc Gasol,MEM,True,2-pointer,13,37-35,'LAL',leads
763,763,763,201203130MEM,10.6,5.6,2nd quarter,5:57.0,Marc Gasol,MEM,False,2-pointer,13,37-35,'LAL',leads
765,765,765,201203130MEM,13.7,6.7,2nd quarter,4:16.0,Marc Gasol,MEM,True,2-pointer,10,43-39,'LAL',leads
769,769,769,201203130MEM,17.0,7.5,2nd quarter,2:08.0,Marc Gasol,MEM,False,2-pointer,7,49-43,'LAL',leads
779,779,779,201203130MEM,10.1,14.3,3rd quarter,9:01.0,Marc Gasol,MEM,False,2-pointer,17,62-53,'LAL',leads
787,787,787,201203130MEM,18.8,14.9,3rd quarter,4:59.0,Marc Gasol,MEM,False,2-pointer,11,72-56,'LAL',leads
789,789,789,201203130MEM,30.4,17.9,3rd quarter,3:54.0,Marc Gasol,MEM,True,2-pointer,14,74-60,'LAL',leads
805,805,805,201203130MEM,30.1,12.4,4th quarter,7:09.0,Marc Gasol,MEM,False,2-pointer,10,88-82,'LAL',leads
807,807,807,201203130MEM,10.7,7.5,4th quarter,6:36.0,Marc Gasol,MEM,False,2-pointer,14,88-82,'LAL',leads
811,811,811,201203130MEM,22.9,25.0,4th quarter,4:15.0,Marc Gasol,MEM,False,2-pointer,20,91-86,'LAL',leads
813,813,813,201203130MEM,17.6,8.7,4th quarter,2:31.0,Marc Gasol,MEM,False,2-pointer,7,93-90,'LAL',leads
816,816,816,201203130MEM,21.9,14.9,4th quarter,1:11.0,Marc Gasol,MEM,False,2-pointer,10,95-95,'LAL',tied
817,817,817,201203130MEM,27.6,6.5,4th quarter,0:36.1,Marc Gasol,MEM,True,2-pointer,4,97-97,'LAL',tied
820,820,820,201203130MEM,23.8,21.2,1st overtime,3:59.0,Marc Gasol,MEM,False,2-pointer,16,97-97,'LAL',tied
824,824,824,201203130MEM,26.6,10.0,1st overtime,1:49.0,Marc Gasol,MEM,False,2-pointer,6,101-101,'LAL',tied
827,827,827,201203130MEM,4.6,22.5,1st overtime,0:55.9,Marc Gasol,MEM,False,3-pointer,26,103-103,'LAL',tied
832,832,832,201203130MEM,29.0,20.4,2nd overtime,3:09.0,Marc Gasol,MEM,True,2-pointer,16,107-106,'LAL',leads
835,835,835,201203130MEM,26.6,8.7,2nd overtime,0:56.2,Marc Gasol,MEM,True,2-pointer,5,111-112,'LAL',trails
838,838,838,201203130MEM,47.0,9.2,2nd overtime,0:18.9,Marc Gasol,MEM,False,3-pointer,23,111-116,'LAL',trails
747,747,747,201203160MEM,18.6,6.2,1st quarter,11:42.0,Marc Gasol,MEM,True,2-pointer,6,2-0,'TOR',leads
749,749,749,201203160MEM,23.0,4.7,1st quarter,11:11.0,Marc Gasol,MEM,True,2-pointer,1,4-0,'TOR',leads
750,750,750,201203160MEM,9.1,9.5,1st quarter,10:08.0,Marc Gasol,MEM,True,2-pointer,16,6-4,'TOR',leads
751,751,751,201203160MEM,11.8,15.7,1st quarter,9:27.0,Marc Gasol,MEM,False,2-pointer,16,6-7,'TOR',trails
752,752,752,201203160MEM,24.4,17.4,1st quarter,8:53.0,Marc Gasol,MEM,True,2-pointer,12,8-7,'TOR',leads
759,759,759,201203160MEM,23.3,10.6,1st quarter,4:26.0,Marc Gasol,MEM,True,2-pointer,6,16-16,'TOR',tied
761,761,761,201203160MEM,29.1,17.9,1st quarter,2:27.0,Marc Gasol,MEM,False,2-pointer,14,18-18,'TOR',tied
774,774,774,201203160MEM,11.0,6.7,2nd quarter,4:22.0,Marc Gasol,MEM,True,2-pointer,13,36-39,'TOR',trails
775,775,775,201203160MEM,17.3,7.6,2nd quarter,3:30.0,Marc Gasol,MEM,True,2-pointer,7,38-39,'TOR',trails
783,783,783,201203160MEM,24.4,5.7,3rd quarter,9:39.0,Marc Gasol,MEM,True,2-pointer,1,50-56,'TOR',trails
786,786,786,201203160MEM,38.6,8.1,3rd quarter,6:46.0,Marc Gasol,MEM,False,2-pointer,15,52-62,'TOR',trails
787,787,787,201203160MEM,18.6,17.3,3rd quarter,6:01.0,Marc Gasol,MEM,False,2-pointer,13,52-62,'TOR',trails
802,802,802,201203160MEM,32.6,11.1,4th quarter,9:36.0,Marc Gasol,MEM,True,2-pointer,11,73-79,'TOR',trails
806,806,806,201203160MEM,25.3,5.7,4th quarter,7:58.0,Marc Gasol,MEM,True,2-pointer,1,75-84,'TOR',trails
810,810,810,201203160MEM,23.5,7.0,4th quarter,4:34.0,Marc Gasol,MEM,False,2-pointer,2,80-88,'TOR',trails
812,812,812,201203160MEM,19.9,9.7,4th quarter,3:08.0,Marc Gasol,MEM,True,2-pointer,6,85-91,'TOR',trails
822,822,822,201203160MEM,23.0,5.3,1st overtime,4:32.0,Marc Gasol,MEM,False,2-pointer,1,103-104,'TOR',trails
577,577,577,201203180MEM,19.4,15.5,1st quarter,11:41.0,Marc Gasol,MEM,False,2-pointer,11,0-0,'MEM',tied
579,579,579,201203180MEM,24.1,5.6,1st quarter,9:54.0,Marc Gasol,MEM,True,2-pointer,1,2-0,'MEM',leads
581,581,581,201203180MEM,23.8,11.4,1st quarter,8:47.0,Marc Gasol,MEM,False,2-pointer,6,2-2,'MEM',tied
582,582,582,201203180MEM,30.9,7.8,1st quarter,8:19.0,Marc Gasol,MEM,True,2-pointer,7,5-2,'MEM',leads
593,593,593,201203180MEM,17.0,8.0,1st quarter,4:56.0,Marc Gasol,MEM,False,2-pointer,8,7-12,'MEM',trails
597,597,597,201203180MEM,24.1,6.6,1st quarter,3:41.0,Marc Gasol,MEM,False,2-pointer,2,12-14,'MEM',trails
599,599,599,201203180MEM,24.0,5.7,1st quarter,1:39.0,Marc Gasol,MEM,True,2-pointer,1,17-18,'MEM',trails
610,610,610,201203180MEM,25.0,5.6,2nd quarter,6:01.0,Marc Gasol,MEM,True,2-pointer,1,33-30,'MEM',leads
612,612,612,201203180MEM,18.9,16.3,2nd quarter,4:27.0,Marc Gasol,MEM,False,2-pointer,12,33-32,'MEM',leads
615,615,615,201203180MEM,21.9,6.4,2nd quarter,3:04.0,Marc Gasol,MEM,False,2-pointer,3,37-38,'MEM',trails
616,616,616,201203180MEM,23.8,13.8,2nd quarter,2:12.0,Marc Gasol,MEM,False,2-pointer,9,37-40,'MEM',trails
620,620,620,201203180MEM,17.6,12.2,2nd quarter,0:09.9,Marc Gasol,MEM,False,2-pointer,10,43-45,'MEM',trails
622,622,622,201203180MEM,25.5,5.1,3rd quarter,11:33.0,Marc Gasol,MEM,False,2-pointer,2,45-51,'MEM',trails
624,624,624,201203180MEM,32.3,19.9,3rd quarter,10:43.0,Marc Gasol,MEM,True,2-pointer,17,49-53,'MEM',trails
630,630,630,201203180MEM,21.8,5.0,3rd quarter,6:56.0,Marc Gasol,MEM,False,2-pointer,2,58-57,'MEM',leads
656,656,656,201203180MEM,24.4,5.0,4th quarter,3:49.0,Marc Gasol,MEM,True,2-pointer,0,88-81,'MEM',leads
795,795,795,201203200SAC,16.9,20.7,1st quarter,8:18.0,Marc Gasol,MEM,False,2-pointer,17,9-6,'SAC',leads
801,801,801,201203200SAC,27.9,18.8,1st quarter,5:14.0,Marc Gasol,MEM,True,2-pointer,14,19-19,'SAC',tied
805,805,805,201203200SAC,26.8,6.5,1st quarter,3:11.0,Marc Gasol,MEM,True,2-pointer,3,25-26,'SAC',trails
828,828,828,201203200SAC,23.6,12.1,2nd quarter,3:40.0,Marc Gasol,MEM,True,2-pointer,7,48-56,'SAC',trails
829,829,829,201203200SAC,25.8,11.0,2nd quarter,3:03.0,Marc Gasol,MEM,True,2-pointer,6,50-56,'SAC',trails
833,833,833,201203200SAC,15.1,10.0,2nd quarter,1:26.0,Marc Gasol,MEM,False,2-pointer,10,54-58,'SAC',trails
848,848,848,201203200SAC,24.7,15.7,3rd quarter,4:06.0,Marc Gasol,MEM,True,2-pointer,11,74-83,'SAC',trails
854,854,854,201203200SAC,32.4,10.2,3rd quarter,0:25.7,Marc Gasol,MEM,False,2-pointer,10,84-93,'SAC',trails
501,501,501,201203220POR,11.2,9.2,1st quarter,6:21.0,Marc Gasol,MEM,False,2-pointer,13,8-10,'POR',trails
504,504,504,201203220POR,23.8,13.5,1st quarter,4:49.0,Marc Gasol,MEM,True,2-pointer,9,10-13,'POR',trails
516,516,516,201203220POR,11.7,12.8,2nd quarter,10:32.0,Marc Gasol,MEM,False,2-pointer,15,22-26,'POR',trails
518,518,518,201203220POR,33.4,15.7,2nd quarter,9:48.0,Marc Gasol,MEM,False,2-pointer,14,24-26,'POR',trails
521,521,521,201203220POR,25.2,13.2,2nd quarter,8:40.0,Marc Gasol,MEM,True,2-pointer,8,26-26,'POR',tied
532,532,532,201203220POR,23.8,15.2,2nd quarter,1:31.0,Marc Gasol,MEM,False,2-pointer,10,41-46,'POR',trails
536,536,536,201203220POR,23.3,12.2,3rd quarter,10:31.0,Marc Gasol,MEM,True,2-pointer,7,48-51,'POR',trails
537,537,537,201203220POR,23.6,9.7,3rd quarter,9:48.0,Marc Gasol,MEM,True,2-pointer,5,50-53,'POR',trails
542,542,542,201203220POR,23.2,4.0,3rd quarter,7:00.0,Marc Gasol,MEM,True,2-pointer,1,57-57,'POR',tied
551,551,551,201203220POR,18.9,8.3,3rd quarter,1:50.0,Marc Gasol,MEM,True,2-pointer,6,66-59,'POR',leads
552,552,552,201203220POR,14.5,10.6,3rd quarter,1:14.0,Marc Gasol,MEM,False,2-pointer,11,66-62,'POR',leads
555,555,555,201203220POR,17.3,15.5,4th quarter,8:34.0,Marc Gasol,MEM,True,2-pointer,12,74-75,'POR',trails
568,568,568,201203220POR,25.3,5.6,4th quarter,2:15.0,Marc Gasol,MEM,True,2-pointer,1,88-91,'POR',trails
546,546,546,201203240LAC,15.1,6.2,1st quarter,8:52.0,Marc Gasol,MEM,False,2-pointer,9,5-4,'MEM',leads
548,548,548,201203240LAC,6.3,7.6,1st quarter,7:54.0,Marc Gasol,MEM,False,2-pointer,18,5-9,'MEM',trails
550,550,550,201203240LAC,26.4,5.7,1st quarter,5:59.0,Marc Gasol,MEM,True,2-pointer,3,9-15,'MEM',trails
565,565,565,201203240LAC,24.6,19.3,2nd quarter,5:53.0,Marc Gasol,MEM,True,2-pointer,14,32-43,'MEM',trails
566,566,566,201203240LAC,33.4,21.8,2nd quarter,5:31.0,Marc Gasol,MEM,False,2-pointer,19,32-43,'MEM',trails
576,576,576,201203240LAC,11.8,13.3,3rd quarter,11:15.0,Marc Gasol,MEM,False,2-pointer,15,42-59,'MEM',trails
587,587,587,201203240LAC,11.2,26.3,3rd quarter,4:45.0,Marc Gasol,MEM,False,3-pointer,25,55-70,'MEM',trails
595,595,595,201203240LAC,29.9,7.8,3rd quarter,0:56.9,Marc Gasol,MEM,False,2-pointer,7,60-79,'MEM',trails
600,600,600,201203240LAC,11.8,6.1,4th quarter,10:09.0,Marc Gasol,MEM,True,2-pointer,12,63-83,'MEM',trails
601,601,601,201203240LAC,28.5,14.4,4th quarter,9:32.0,Marc Gasol,MEM,False,2-pointer,10,63-84,'MEM',trails
603,603,603,201203240LAC,17.2,14.1,4th quarter,8:40.0,Marc Gasol,MEM,False,2-pointer,11,65-86,'MEM',trails
606,606,606,201203240LAC,22.7,5.4,4th quarter,7:59.0,Marc Gasol,MEM,False,2-pointer,1,65-86,'MEM',trails
547,547,547,201203250LAL,22.2,23.3,1st quarter,8:40.0,Marc Gasol,MEM,False,2-pointer,18,4-2,'LAL',leads
551,551,551,201203250LAL,13.1,17.7,1st quarter,7:12.0,Marc Gasol,MEM,True,2-pointer,17,10-8,'LAL',leads
553,553,553,201203250LAL,11.5,19.0,1st quarter,5:22.0,Marc Gasol,MEM,False,2-pointer,19,12-14,'LAL',trails
562,562,562,201203250LAL,20.2,6.9,1st quarter,0:23.9,Marc Gasol,MEM,False,2-pointer,4,25-24,'LAL',leads
584,584,584,201203250LAL,34.3,22.3,2nd quarter,2:30.0,Marc Gasol,MEM,True,2-pointer,20,49-37,'LAL',leads
595,595,595,201203250LAL,21.9,6.4,3rd quarter,7:47.0,Marc Gasol,MEM,True,2-pointer,3,65-51,'LAL',leads
600,600,600,201203250LAL,26.1,10.6,3rd quarter,4:08.0,Marc Gasol,MEM,False,2-pointer,6,65-61,'LAL',leads
625,625,625,201203250LAL,21.4,25.3,4th quarter,1:07.0,Marc Gasol,MEM,True,2-pointer,20,102-91,'LAL',leads
801,801,801,201203300HOU,31.2,7.3,1st quarter,10:11.0,Marc Gasol,MEM,False,2-pointer,8,0-4,'HOU',trails
803,803,803,201203300HOU,26.1,6.1,1st quarter,9:17.0,Marc Gasol,MEM,True,2-pointer,2,2-9,'HOU',trails
804,804,804,201203300HOU,27.4,5.1,1st quarter,8:40.0,Marc Gasol,MEM,False,2-pointer,3,2-11,'HOU',trails
808,808,808,201203300HOU,28.2,13.2,1st quarter,6:57.0,Marc Gasol,MEM,False,2-pointer,9,8-14,'HOU',trails
812,812,812,201203300HOU,25.7,11.1,1st quarter,5:04.0,Marc Gasol,MEM,True,2-pointer,6,12-22,'HOU',trails
818,818,818,201203300HOU,23.8,9.7,1st quarter,2:28.0,Marc Gasol,MEM,False,2-pointer,5,17-24,'HOU',trails
832,832,832,201203300HOU,18.0,10.5,2nd quarter,7:15.0,Marc Gasol,MEM,True,2-pointer,8,29-36,'HOU',trails
837,837,837,201203300HOU,24.9,25.0,2nd quarter,4:09.0,Marc Gasol,MEM,False,2-pointer,20,33-39,'HOU',trails
841,841,841,201203300HOU,26.9,8.9,2nd quarter,1:02.0,Marc Gasol,MEM,True,2-pointer,5,42-46,'HOU',trails
855,855,855,201203300HOU,18.0,22.2,3rd quarter,4:07.0,Marc Gasol,MEM,False,2-pointer,18,60-64,'HOU',trails
862,862,862,201203300HOU,22.9,4.7,3rd quarter,0:44.3,Marc Gasol,MEM,True,2-pointer,1,68-74,'HOU',trails
877,877,877,201203300HOU,26.1,7.0,4th quarter,5:11.0,Marc Gasol,MEM,False,2-pointer,3,79-84,'HOU',trails
882,882,882,201203300HOU,31.7,16.6,4th quarter,2:34.0,Marc Gasol,MEM,False,2-pointer,14,83-88,'HOU',trails
883,883,883,201203300HOU,23.3,9.1,4th quarter,1:57.0,Marc Gasol,MEM,True,2-pointer,4,85-91,'HOU',trails
885,885,885,201203300HOU,25.7,7.0,4th quarter,1:22.0,Marc Gasol,MEM,True,2-pointer,3,87-93,'HOU',trails
886,886,886,201203300HOU,23.8,8.7,4th quarter,0:52.9,Marc Gasol,MEM,False,2-pointer,4,87-95,'HOU',trails
491,491,491,201203310MIL,21.9,9.4,1st quarter,11:43.0,Marc Gasol,MEM,True,2-pointer,5,2-0,'MIL',leads
492,492,492,201203310MIL,39.4,12.7,1st quarter,11:08.0,Marc Gasol,MEM,False,2-pointer,17,2-0,'MIL',leads
495,495,495,201203310MIL,25.2,5.6,1st quarter,9:36.0,Marc Gasol,MEM,True,2-pointer,1,4-2,'MIL',leads
499,499,499,201203310MIL,24.6,5.9,1st quarter,7:36.0,Marc Gasol,MEM,True,2-pointer,1,8-6,'MIL',leads
500,500,500,201203310MIL,11.3,9.4,1st quarter,7:05.0,Marc Gasol,MEM,False,2-pointer,13,8-8,'MIL',tied
504,504,504,201203310MIL,26.4,8.9,1st quarter,2:41.0,Marc Gasol,MEM,False,2-pointer,5,9-14,'MIL',trails
529,529,529,201203310MIL,14.0,19.3,2nd quarter,4:00.0,Marc Gasol,MEM,False,2-pointer,17,37-36,'MIL',leads
531,531,531,201203310MIL,24.0,5.9,2nd quarter,3:34.0,Marc Gasol,MEM,True,2-pointer,1,41-36,'MIL',leads
534,534,534,201203310MIL,24.0,13.3,2nd quarter,1:38.0,Marc Gasol,MEM,True,2-pointer,8,45-43,'MIL',leads
541,541,541,201203310MIL,17.6,4.4,3rd quarter,9:06.0,Marc Gasol,MEM,False,2-pointer,6,53-53,'MIL',tied
550,550,550,201203310MIL,20.8,7.3,3rd quarter,4:22.0,Marc Gasol,MEM,False,2-pointer,4,63-62,'MIL',leads
571,571,571,201203310MIL,24.0,9.2,4th quarter,4:18.0,Marc Gasol,MEM,False,2-pointer,4,89-81,'MIL',leads
576,576,576,201203310MIL,11.3,4.7,4th quarter,1:58.0,Marc Gasol,MEM,False,2-pointer,13,95-86,'MIL',leads
329,329,329,201204020OKC,24.1,11.7,1st quarter,11:18.0,Marc Gasol,MEM,True,2-pointer,7,2-0,'OKC',leads
340,340,340,201204020OKC,20.3,5.7,1st quarter,5:59.0,Marc Gasol,MEM,False,2-pointer,4,11-9,'OKC',leads
341,341,341,201204020OKC,21.6,18.1,1st quarter,5:24.0,Marc Gasol,MEM,False,2-pointer,13,11-11,'OKC',tied
371,371,371,201204020OKC,33.9,7.6,2nd quarter,3:27.0,Marc Gasol,MEM,False,2-pointer,10,34-37,'OKC',trails
372,372,372,201204020OKC,24.4,10.3,2nd quarter,2:31.0,Marc Gasol,MEM,True,2-pointer,5,36-37,'OKC',trails
374,374,374,201204020OKC,26.3,7.5,2nd quarter,1:13.0,Marc Gasol,MEM,False,2-pointer,3,39-39,'OKC',tied
379,379,379,201204020OKC,18.3,8.0,3rd quarter,10:31.0,Marc Gasol,MEM,True,2-pointer,6,46-44,'OKC',leads
380,380,380,201204020OKC,23.8,14.7,3rd quarter,9:49.0,Marc Gasol,MEM,False,2-pointer,10,46-44,'OKC',leads
381,381,381,201204020OKC,7.7,10.8,3rd quarter,9:25.0,Marc Gasol,MEM,False,2-pointer,17,46-44,'OKC',leads
395,395,395,201204020OKC,36.4,9.5,4th quarter,11:38.0,Marc Gasol,MEM,True,2-pointer,13,70-64,'OKC',leads
402,402,402,201204020OKC,30.9,5.0,4th quarter,6:43.0,Marc Gasol,MEM,True,2-pointer,7,77-74,'OKC',leads
404,404,404,201204020OKC,12.6,5.3,4th quarter,4:57.0,Marc Gasol,MEM,True,2-pointer,11,83-78,'OKC',leads
411,411,411,201204020OKC,10.9,9.2,4th quarter,1:37.0,Marc Gasol,MEM,False,2-pointer,14,87-82,'OKC',leads
728,728,728,201204030MEM,35.4,19.5,1st quarter,10:29.0,Marc Gasol,MEM,False,2-pointer,18,3-2,'MEM',leads
729,729,729,201204030MEM,24.6,12.8,1st quarter,10:00.0,Marc Gasol,MEM,True,2-pointer,8,5-2,'MEM',leads
733,733,733,201204030MEM,24.6,5.4,1st quarter,7:40.0,Marc Gasol,MEM,True,2-pointer,1,9-4,'MEM',leads
736,736,736,201204030MEM,17.6,8.3,1st quarter,6:32.0,Marc Gasol,MEM,False,2-pointer,7,9-6,'MEM',leads
765,765,765,201204030MEM,22.7,20.6,2nd quarter,2:23.0,Marc Gasol,MEM,True,2-pointer,16,47-44,'MEM',leads
766,766,766,201204030MEM,27.1,17.6,2nd quarter,1:49.0,Marc Gasol,MEM,False,2-pointer,13,47-46,'MEM',leads
773,773,773,201204030MEM,30.7,13.2,3rd quarter,8:54.0,Marc Gasol,MEM,False,2-pointer,11,54-55,'MEM',trails
774,774,774,201204030MEM,12.6,15.8,3rd quarter,7:55.0,Marc Gasol,MEM,False,2-pointer,16,54-59,'MEM',trails
793,793,793,201204030MEM,24.4,9.1,4th quarter,7:36.0,Marc Gasol,MEM,False,2-pointer,4,83-86,'MEM',trails
795,795,795,201204030MEM,23.2,11.9,4th quarter,6:37.0,Marc Gasol,MEM,True,2-pointer,7,87-86,'MEM',leads
799,799,799,201204030MEM,19.4,13.8,4th quarter,3:51.0,Marc Gasol,MEM,True,2-pointer,10,93-90,'MEM',leads
801,801,801,201204030MEM,23.6,12.8,4th quarter,2:07.0,Marc Gasol,MEM,True,2-pointer,8,96-92,'MEM',leads
802,802,802,201204030MEM,26.1,5.4,4th quarter,1:31.0,Marc Gasol,MEM,False,2-pointer,2,96-92,'MEM',leads
331,331,331,201204040DAL,10.4,7.3,1st quarter,11:07.0,Marc Gasol,MEM,False,2-pointer,14,0-0,'DAL',tied
332,332,332,201204040DAL,28.0,10.2,1st quarter,10:35.0,Marc Gasol,MEM,False,2-pointer,7,0-3,'DAL',trails
336,336,336,201204040DAL,23.6,5.9,1st quarter,8:07.0,Marc Gasol,MEM,False,2-pointer,1,4-7,'DAL',trails
340,340,340,201204040DAL,27.7,11.0,1st quarter,6:13.0,Marc Gasol,MEM,True,2-pointer,7,11-13,'DAL',trails
347,347,347,201204040DAL,24.7,17.3,1st quarter,2:41.0,Marc Gasol,MEM,False,2-pointer,12,19-16,'DAL',leads
360,360,360,201204040DAL,13.9,7.6,2nd quarter,6:35.0,Marc Gasol,MEM,False,2-pointer,10,37-32,'DAL',leads
363,363,363,201204040DAL,27.6,11.9,2nd quarter,5:29.0,Marc Gasol,MEM,True,2-pointer,8,42-34,'DAL',leads
374,374,374,201204040DAL,11.8,6.9,3rd quarter,10:34.0,Marc Gasol,MEM,True,2-pointer,12,53-52,'DAL',leads
386,386,386,201204040DAL,10.7,9.1,3rd quarter,3:34.0,Marc Gasol,MEM,False,2-pointer,14,63-61,'DAL',leads
387,387,387,201204040DAL,32.9,6.7,3rd quarter,3:08.0,Marc Gasol,MEM,False,2-pointer,9,63-63,'DAL',tied
397,397,397,201204040DAL,17.3,6.2,4th quarter,9:23.0,Marc Gasol,MEM,False,2-pointer,7,73-70,'DAL',leads
400,400,400,201204040DAL,33.1,15.1,4th quarter,8:10.0,Marc Gasol,MEM,False,2-pointer,14,73-72,'DAL',leads
405,405,405,201204040DAL,39.2,6.1,4th quarter,4:14.0,Marc Gasol,MEM,False,2-pointer,15,77-85,'DAL',trails
863,863,863,201204060MIA,15.6,19.0,1st quarter,6:16.0,Marc Gasol,MEM,True,2-pointer,16,16-8,'MIA',leads
865,865,865,201204060MIA,24.2,10.6,1st quarter,5:03.0,Marc Gasol,MEM,False,2-pointer,6,17-8,'MIA',leads
891,891,891,201204060MIA,12.8,7.0,2nd quarter,3:13.0,Marc Gasol,MEM,False,2-pointer,11,44-30,'MIA',leads
897,897,897,201204060MIA,29.0,13.2,3rd quarter,11:17.0,Marc Gasol,MEM,True,2-pointer,10,50-34,'MIA',leads
898,898,898,201204060MIA,17.3,22.8,3rd quarter,10:32.0,Marc Gasol,MEM,False,2-pointer,19,50-34,'MIA',leads
905,905,905,201204060MIA,11.3,7.2,3rd quarter,6:38.0,Marc Gasol,MEM,False,2-pointer,13,56-44,'MIA',leads
914,914,914,201204060MIA,29.6,15.7,3rd quarter,0:25.0,Marc Gasol,MEM,True,2-pointer,12,72-59,'MIA',leads
722,722,722,201204070MEM,21.9,5.6,1st quarter,11:36.0,Marc Gasol,MEM,False,2-pointer,2,0-0,'DAL',tied
731,731,731,201204070MEM,24.0,13.0,1st quarter,6:59.0,Marc Gasol,MEM,False,2-pointer,8,9-3,'DAL',leads
735,735,735,201204070MEM,23.3,5.4,1st quarter,3:35.0,Marc Gasol,MEM,True,2-pointer,1,17-5,'DAL',leads
741,741,741,201204070MEM,24.6,5.1,1st quarter,1:33.0,Marc Gasol,MEM,True,2-pointer,1,24-6,'DAL',leads
760,760,760,201204070MEM,19.2,11.7,2nd quarter,1:14.0,Marc Gasol,MEM,True,2-pointer,8,45-34,'DAL',leads
762,762,762,201204070MEM,36.2,14.1,2nd quarter,0:13.3,Marc Gasol,MEM,True,2-pointer,15,50-39,'DAL',leads
766,766,766,201204070MEM,17.3,10.3,3rd quarter,10:10.0,Marc Gasol,MEM,False,2-pointer,9,53-43,'DAL',leads
770,770,770,201204070MEM,11.7,21.7,3rd quarter,8:04.0,Marc Gasol,MEM,False,2-pointer,21,59-51,'DAL',leads
771,771,771,201204070MEM,22.2,9.5,3rd quarter,7:26.0,Marc Gasol,MEM,False,2-pointer,5,59-53,'DAL',leads
773,773,773,201204070MEM,18.8,15.5,3rd quarter,6:38.0,Marc Gasol,MEM,False,2-pointer,12,61-55,'DAL',leads
799,799,799,201204070MEM,17.8,16.5,4th quarter,0:56.9,Marc Gasol,MEM,False,2-pointer,13,92-87,'DAL',leads
800,800,800,201204070MEM,37.8,14.4,4th quarter,0:29.9,Marc Gasol,MEM,False,2-pointer,17,92-87,'DAL',leads
570,570,570,201204090MEM,29.3,6.9,1st quarter,9:38.0,Marc Gasol,MEM,False,2-pointer,6,4-4,'MEM',tied
575,575,575,201204090MEM,22.9,6.2,1st quarter,7:37.0,Marc Gasol,MEM,True,2-pointer,2,10-8,'MEM',leads
579,579,579,201204090MEM,30.9,16.5,1st quarter,4:08.0,Marc Gasol,MEM,False,2-pointer,13,17-14,'MEM',leads
581,581,581,201204090MEM,24.2,6.2,1st quarter,3:27.0,Marc Gasol,MEM,True,2-pointer,1,19-16,'MEM',leads
586,586,586,201204090MEM,14.5,5.1,2nd quarter,10:50.0,Marc Gasol,MEM,True,2-pointer,10,28-18,'MEM',leads
602,602,602,201204090MEM,23.2,7.3,2nd quarter,0:52.3,Marc Gasol,MEM,True,2-pointer,2,50-41,'MEM',leads
612,612,612,201204090MEM,24.0,23.1,3rd quarter,8:24.0,Marc Gasol,MEM,True,2-pointer,18,60-48,'MEM',leads
613,613,613,201204090MEM,22.7,22.9,3rd quarter,7:51.0,Marc Gasol,MEM,False,2-pointer,18,60-48,'MEM',leads
617,617,617,201204090MEM,23.8,9.5,3rd quarter,5:01.0,Marc Gasol,MEM,False,2-pointer,5,64-53,'MEM',leads
631,631,631,201204090MEM,23.8,7.8,4th quarter,4:27.0,Marc Gasol,MEM,True,2-pointer,3,83-70,'MEM',leads
632,632,632,201204090MEM,22.4,7.2,4th quarter,3:55.0,Marc Gasol,MEM,False,2-pointer,3,84-72,'MEM',leads
633,633,633,201204090MEM,27.2,10.3,4th quarter,3:40.0,Marc Gasol,MEM,False,2-pointer,6,84-72,'MEM',leads
750,750,750,201204110MEM,30.1,22.8,1st quarter,7:03.0,Marc Gasol,MEM,False,2-pointer,19,9-10,'PHO',trails
751,751,751,201204110MEM,26.4,5.7,1st quarter,6:29.0,Marc Gasol,MEM,True,2-pointer,3,11-12,'PHO',trails
787,787,787,201204110MEM,26.3,17.6,3rd quarter,11:08.0,Marc Gasol,MEM,True,2-pointer,13,61-53,'PHO',leads
791,791,791,201204110MEM,12.0,18.5,3rd quarter,8:33.0,Marc Gasol,MEM,False,2-pointer,18,65-58,'PHO',leads
792,792,792,201204110MEM,25.3,5.9,3rd quarter,8:25.0,Marc Gasol,MEM,True,2-pointer,2,67-58,'PHO',leads
798,798,798,201204110MEM,22.9,6.2,3rd quarter,5:10.0,Marc Gasol,MEM,False,2-pointer,2,70-63,'PHO',leads
799,799,799,201204110MEM,22.2,5.6,3rd quarter,5:08.0,Marc Gasol,MEM,False,2-pointer,2,70-63,'PHO',leads
804,804,804,201204110MEM,24.1,5.0,3rd quarter,2:45.0,Marc Gasol,MEM,True,2-pointer,0,76-67,'PHO',leads
670,670,670,201204120SAS,28.3,7.3,1st quarter,5:05.0,Marc Gasol,MEM,True,2-pointer,5,16-14,'SAS',leads
687,687,687,201204120SAS,24.2,7.8,2nd quarter,6:19.0,Marc Gasol,MEM,True,2-pointer,3,34-36,'SAS',trails
694,694,694,201204120SAS,20.5,14.7,2nd quarter,1:37.0,Marc Gasol,MEM,True,2-pointer,10,47-38,'SAS',leads
698,698,698,201204120SAS,8.3,16.9,3rd quarter,10:35.0,Marc Gasol,MEM,False,2-pointer,20,49-49,'SAS',tied
719,719,719,201204120SAS,29.1,8.1,4th quarter,9:18.0,Marc Gasol,MEM,False,2-pointer,6,74-88,'SAS',trails
724,724,724,201204120SAS,22.9,22.8,4th quarter,6:45.0,Marc Gasol,MEM,True,2-pointer,18,83-94,'SAS',trails
726,726,726,201204120SAS,21.9,21.0,4th quarter,5:34.0,Marc Gasol,MEM,False,2-pointer,16,85-94,'SAS',trails
733,733,733,201204120SAS,25.0,4.8,4th quarter,0:58.5,Marc Gasol,MEM,True,2-pointer,1,97-101,'SAS',trails
245,245,245,201204140MEM,25.2,5.0,1st quarter,11:40.0,Marc Gasol,MEM,True,2-pointer,1,2-0,'UTA',leads
254,254,254,201204140MEM,23.0,7.6,1st quarter,5:20.0,Marc Gasol,MEM,True,2-pointer,3,17-17,'UTA',tied
262,262,262,201204140MEM,26.6,13.2,1st quarter,1:23.0,Marc Gasol,MEM,True,2-pointer,9,23-26,'UTA',trails
273,273,273,201204140MEM,22.7,5.6,2nd quarter,5:33.0,Marc Gasol,MEM,True,2-pointer,1,36-40,'UTA',trails
275,275,275,201204140MEM,29.3,19.6,2nd quarter,4:27.0,Marc Gasol,MEM,True,2-pointer,16,40-40,'UTA',tied
279,279,279,201204140MEM,4.6,8.4,2nd quarter,1:12.0,Marc Gasol,MEM,False,2-pointer,20,46-49,'UTA',trails
286,286,286,201204140MEM,32.9,16.5,3rd quarter,8:41.0,Marc Gasol,MEM,False,2-pointer,15,56-57,'UTA',trails
293,293,293,201204140MEM,17.0,8.6,3rd quarter,3:16.0,Marc Gasol,MEM,False,2-pointer,8,66-70,'UTA',trails
295,295,295,201204140MEM,29.3,17.4,3rd quarter,2:09.0,Marc Gasol,MEM,False,2-pointer,13,66-72,'UTA',trails
307,307,307,201204140MEM,23.6,5.3,4th quarter,5:17.0,Marc Gasol,MEM,True,2-pointer,1,84-84,'UTA',tied
988,988,988,201204150NOH,24.2,10.8,1st quarter,10:04.0,Marc Gasol,MEM,False,2-pointer,6,3-2,'NOH',leads
993,993,993,201204150NOH,26.4,8.1,1st quarter,5:39.0,Marc Gasol,MEM,False,2-pointer,4,7-11,'NOH',trails
995,995,995,201204150NOH,18.1,16.9,1st quarter,5:05.0,Marc Gasol,MEM,True,2-pointer,13,9-11,'NOH',trails
996,996,996,201204150NOH,13.7,13.9,1st quarter,4:21.0,Marc Gasol,MEM,False,2-pointer,14,9-11,'NOH',trails
1029,1029,1029,201204150NOH,23.8,14.3,3rd quarter,4:00.0,Marc Gasol,MEM,False,2-pointer,9,49-52,'NOH',trails
1039,1039,1039,201204150NOH,23.0,7.5,4th quarter,7:02.0,Marc Gasol,MEM,True,2-pointer,3,64-72,'NOH',trails
316,316,316,201204170MIN,23.6,6.7,1st quarter,11:44.0,Marc Gasol,MEM,False,2-pointer,2,0-0,'MIN',tied
326,326,326,201204170MIN,26.4,21.5,1st quarter,7:49.0,Marc Gasol,MEM,False,2-pointer,17,11-6,'MIN',leads
347,347,347,201204170MIN,42.4,16.6,2nd quarter,8:10.0,Marc Gasol,MEM,False,2-pointer,22,40-34,'MIN',leads
349,349,349,201204170MIN,25.2,6.7,2nd quarter,7:46.0,Marc Gasol,MEM,True,2-pointer,2,42-35,'MIN',leads
355,355,355,201204170MIN,13.5,22.2,2nd quarter,3:11.0,Marc Gasol,MEM,False,2-pointer,20,51-49,'MIN',leads
372,372,372,201204170MIN,12.9,9.5,3rd quarter,5:23.0,Marc Gasol,MEM,True,2-pointer,12,65-65,'MIN',tied
392,392,392,201204170MIN,9.8,15.8,4th quarter,6:44.0,Marc Gasol,MEM,False,2-pointer,18,80-79,'MIN',leads
394,394,394,201204170MIN,41.3,6.5,4th quarter,5:42.0,Marc Gasol,MEM,False,2-pointer,17,80-79,'MIN',leads
1204,1204,1204,201204180MEM,24.7,5.0,1st quarter,7:01.0,Marc Gasol,MEM,True,2-pointer,1,9-9,'NOH',tied
1234,1234,1234,201204180MEM,22.7,6.4,3rd quarter,10:01.0,Marc Gasol,MEM,True,2-pointer,2,53-48,'NOH',leads
1235,1235,1235,201204180MEM,19.7,17.3,3rd quarter,9:18.0,Marc Gasol,MEM,True,2-pointer,13,55-50,'NOH',leads
162,162,162,201204200CHA,25.5,9.8,1st quarter,4:43.0,Marc Gasol,MEM,True,2-pointer,5,8-17,'CHA',trails
163,163,163,201204200CHA,24.1,5.0,1st quarter,4:23.0,Marc Gasol,MEM,True,2-pointer,0,10-17,'CHA',trails
165,165,165,201204200CHA,18.9,12.8,1st quarter,3:07.0,Marc Gasol,MEM,False,2-pointer,9,12-17,'CHA',trails
188,188,188,201204200CHA,18.4,18.7,2nd quarter,2:49.0,Marc Gasol,MEM,False,2-pointer,15,35-34,'CHA',leads
192,192,192,201204200CHA,22.1,16.6,3rd quarter,11:11.0,Marc Gasol,MEM,True,2-pointer,12,39-41,'CHA',trails
597,597,597,201204210MEM,29.1,13.3,1st quarter,4:19.0,Marc Gasol,MEM,False,2-pointer,10,15-18,'POR',trails
598,598,598,201204210MEM,30.7,20.6,1st quarter,4:12.0,Marc Gasol,MEM,True,2-pointer,17,17-18,'POR',trails
599,599,599,201204210MEM,24.1,14.4,1st quarter,3:46.0,Marc Gasol,MEM,True,2-pointer,9,19-18,'POR',leads
600,600,600,201204210MEM,4.9,4.2,1st quarter,3:18.0,Marc Gasol,MEM,False,2-pointer,19,19-20,'POR',trails
601,601,601,201204210MEM,27.7,9.7,1st quarter,2:52.0,Marc Gasol,MEM,True,2-pointer,6,21-20,'POR',leads
630,630,630,201204210MEM,21.4,15.1,3rd quarter,10:37.0,Marc Gasol,MEM,True,2-pointer,10,56-45,'POR',leads
662,662,662,201204210MEM,18.3,10.8,4th quarter,4:42.0,Marc Gasol,MEM,True,2-pointer,8,89-79,'POR',leads
663,663,663,201204210MEM,21.4,16.0,4th quarter,4:15.0,Marc Gasol,MEM,True,2-pointer,11,91-79,'POR',leads
665,665,665,201204210MEM,13.9,10.3,4th quarter,2:39.0,Marc Gasol,MEM,False,2-pointer,11,91-82,'POR',leads
256,256,256,201204230MEM,27.6,12.8,1st quarter,10:09.0,Marc Gasol,MEM,False,2-pointer,9,2-5,'MEM',trails
259,259,259,201204230MEM,17.2,7.5,1st quarter,9:22.0,Marc Gasol,MEM,False,2-pointer,7,3-5,'MEM',trails
262,262,262,201204230MEM,26.3,5.6,1st quarter,8:41.0,Marc Gasol,MEM,False,2-pointer,2,5-7,'MEM',trails
263,263,263,201204230MEM,23.3,5.3,1st quarter,8:38.0,Marc Gasol,MEM,False,2-pointer,1,5-7,'MEM',trails
264,264,264,201204230MEM,24.0,19.2,1st quarter,8:13.0,Marc Gasol,MEM,False,2-pointer,14,5-7,'MEM',trails
268,268,268,201204230MEM,20.0,8.9,1st quarter,5:46.0,Marc Gasol,MEM,True,2-pointer,6,13-13,'MEM',tied
269,269,269,201204230MEM,10.7,7.0,1st quarter,5:15.0,Marc Gasol,MEM,True,2-pointer,13,15-15,'MEM',tied
270,270,270,201204230MEM,24.1,5.6,1st quarter,4:45.0,Marc Gasol,MEM,True,2-pointer,1,17-17,'MEM',tied
305,305,305,201204230MEM,26.3,21.8,3rd quarter,10:11.0,Marc Gasol,MEM,False,2-pointer,17,58-56,'MEM',leads
310,310,310,201204230MEM,21.7,7.8,3rd quarter,7:15.0,Marc Gasol,MEM,False,2-pointer,4,63-61,'MEM',leads
312,312,312,201204230MEM,34.0,7.0,3rd quarter,5:30.0,Marc Gasol,MEM,True,2-pointer,10,69-66,'MEM',leads
318,318,318,201204230MEM,10.7,5.4,3rd quarter,2:04.0,Marc Gasol,MEM,False,2-pointer,13,74-74,'MEM',tied
333,333,333,201204230MEM,19.7,13.5,4th quarter,2:43.0,Marc Gasol,MEM,True,2-pointer,10,100-98,'MEM',leads
1243,1243,1243,201204260MEM,37.2,13.3,1st quarter,10:21.0,Marc Gasol,MEM,False,2-pointer,16,4-0,'ORL',leads
1247,1247,1247,201204260MEM,29.8,14.9,1st quarter,8:05.0,Marc Gasol,MEM,True,2-pointer,11,10-6,'ORL',leads
1251,1251,1251,201204260MEM,12.4,32.6,1st quarter,5:29.0,Marc Gasol,MEM,False,3-pointer,30,17-8,'ORL',leads
1252,1252,1252,201204260MEM,29.9,17.1,1st quarter,4:27.0,Marc Gasol,MEM,True,2-pointer,13,23-8,'ORL',leads
1278,1278,1278,201204260MEM,26.8,8.7,2nd quarter,0:44.3,Marc Gasol,MEM,True,2-pointer,5,52-30,'ORL',leads
1284,1284,1284,201204260MEM,14.3,9.5,3rd quarter,9:13.0,Marc Gasol,MEM,False,2-pointer,11,56-35,'ORL',leads
1286,1286,1286,201204260MEM,17.8,8.9,3rd quarter,6:59.0,Marc Gasol,MEM,False,2-pointer,7,56-37,'ORL',leads
1290,1290,1290,201204260MEM,18.4,15.4,3rd quarter,3:52.0,Marc Gasol,MEM,False,2-pointer,12,58-48,'ORL',leads
1291,1291,1291,201204260MEM,26.0,5.3,3rd quarter,2:40.0,Marc Gasol,MEM,True,2-pointer,2,61-51,'ORL',leads
1294,1294,1294,201204260MEM,24.6,10.0,3rd quarter,0:39.6,Marc Gasol,MEM,True,2-pointer,5,67-51,'ORL',leads
1300,1300,1300,201204260MEM,35.8,8.7,4th quarter,7:37.0,Marc Gasol,MEM,True,2-pointer,12,74-61,'ORL',leads
1302,1302,1302,201204260MEM,17.0,9.8,4th quarter,5:43.0,Marc Gasol,MEM,True,2-pointer,8,80-65,'ORL',leads
1303,1303,1303,201204260MEM,34.3,9.5,4th quarter,4:59.0,Marc Gasol,MEM,True,2-pointer,11,82-65,'ORL',leads
410,410,410,201204290MEM,25.2,5.1,1st quarter,10:32.0,Marc Gasol,MEM,True,2-pointer,1,6-2,'MEM',leads
412,412,412,201204290MEM,10.6,3.6,1st quarter,9:33.0,Marc Gasol,MEM,True,2-pointer,13,10-4,'MEM',leads
415,415,415,201204290MEM,19.9,16.2,1st quarter,7:58.0,Marc Gasol,MEM,True,2-pointer,12,12-6,'MEM',leads
418,418,418,201204290MEM,14.0,10.8,1st quarter,6:21.0,Marc Gasol,MEM,False,2-pointer,12,15-6,'MEM',leads
427,427,427,201204290MEM,17.6,8.7,1st quarter,1:45.0,Marc Gasol,MEM,True,2-pointer,7,30-12,'MEM',leads
428,428,428,201204290MEM,9.3,5.9,1st quarter,1:18.0,Marc Gasol,MEM,True,2-pointer,15,32-12,'MEM',leads
449,449,449,201204290MEM,34.8,10.0,2nd quarter,3:16.0,Marc Gasol,MEM,False,2-pointer,12,50-36,'MEM',leads
452,452,452,201204290MEM,21.4,14.1,2nd quarter,0:51.8,Marc Gasol,MEM,False,2-pointer,9,52-39,'MEM',leads
455,455,455,201204290MEM,24.6,5.4,2nd quarter,0:00.2,Marc Gasol,MEM,True,2-pointer,1,58-39,'MEM',leads
457,457,457,201204290MEM,23.0,19.2,3rd quarter,10:12.0,Marc Gasol,MEM,False,2-pointer,14,58-41,'MEM',leads
67,67,67,201205020MEM,24.2,10.2,1st quarter,11:42.0,Marc Gasol,MEM,False,2-pointer,5,0-0,'MEM',tied
88,88,88,201205020MEM,24.0,5.3,1st quarter,1:49.0,Marc Gasol,MEM,True,2-pointer,0,17-22,'MEM',trails
89,89,89,201205020MEM,25.7,5.6,1st quarter,1:05.0,Marc Gasol,MEM,True,2-pointer,2,19-24,'MEM',trails
98,98,98,201205020MEM,17.5,8.4,2nd quarter,5:58.0,Marc Gasol,MEM,False,2-pointer,7,37-37,'MEM',tied
102,102,102,201205020MEM,25.0,5.3,2nd quarter,3:55.0,Marc Gasol,MEM,True,2-pointer,1,45-39,'MEM',leads
104,104,104,201205020MEM,16.7,8.3,2nd quarter,2:35.0,Marc Gasol,MEM,False,2-pointer,8,45-41,'MEM',leads
107,107,107,201205020MEM,18.6,19.8,2nd quarter,0:29.9,Marc Gasol,MEM,False,2-pointer,16,49-47,'MEM',leads
110,110,110,201205020MEM,14.0,8.1,3rd quarter,10:51.0,Marc Gasol,MEM,False,2-pointer,10,51-49,'MEM',leads
117,117,117,201205020MEM,26.0,6.7,3rd quarter,7:05.0,Marc Gasol,MEM,False,2-pointer,3,61-54,'MEM',leads
156,156,156,201205050LAC,23.5,16.2,1st quarter,10:02.0,Marc Gasol,MEM,False,2-pointer,11,4-0,'MEM',leads
159,159,159,201205050LAC,24.0,6.9,1st quarter,8:23.0,Marc Gasol,MEM,True,2-pointer,2,6-3,'MEM',leads
192,192,192,201205050LAC,12.4,6.1,3rd quarter,8:00.0,Marc Gasol,MEM,False,2-pointer,12,53-55,'MEM',trails
194,194,194,201205050LAC,25.8,14.6,3rd quarter,6:45.0,Marc Gasol,MEM,True,2-pointer,10,59-57,'MEM',leads
208,208,208,201205050LAC,15.0,23.4,4th quarter,7:11.0,Marc Gasol,MEM,True,2-pointer,20,77-71,'MEM',leads
5,5,5,201205070LAC,8.7,13.3,1st quarter,8:44.0,Marc Gasol,MEM,False,2-pointer,17,6-2,'MEM',leads
36,36,36,201205070LAC,23.8,6.5,2nd quarter,0:05.9,Marc Gasol,MEM,False,2-pointer,2,45-51,'MEM',trails
76,76,76,201205070LAC,23.8,13.5,1st overtime,4:34.0,Marc Gasol,MEM,False,2-pointer,9,87-87,'MEM',tied
80,80,80,201205070LAC,25.0,5.6,1st overtime,0:37.0,Marc Gasol,MEM,True,2-pointer,1,95-99,'MEM',trails
70,70,70,201205090MEM,18.3,17.3,1st quarter,11:18.0,Marc Gasol,MEM,True,2-pointer,14,2-0,'MEM',leads
73,73,73,201205090MEM,22.1,25.8,1st quarter,8:50.0,Marc Gasol,MEM,False,2-pointer,21,6-8,'MEM',trails
74,74,74,201205090MEM,23.5,5.3,1st quarter,8:32.0,Marc Gasol,MEM,True,2-pointer,1,8-8,'MEM',tied
77,77,77,201205090MEM,16.9,13.3,1st quarter,7:30.0,Marc Gasol,MEM,True,2-pointer,11,12-13,'MEM',trails
80,80,80,201205090MEM,29.0,8.7,1st quarter,5:52.0,Marc Gasol,MEM,True,2-pointer,6,16-17,'MEM',trails
82,82,82,201205090MEM,18.6,11.7,1st quarter,5:06.0,Marc Gasol,MEM,False,2-pointer,9,19-17,'MEM',leads
84,84,84,201205090MEM,23.0,5.1,1st quarter,4:05.0,Marc Gasol,MEM,True,2-pointer,1,24-17,'MEM',leads
87,87,87,201205090MEM,24.4,5.6,1st quarter,2:27.0,Marc Gasol,MEM,True,2-pointer,1,28-20,'MEM',leads
106,106,106,201205090MEM,26.3,8.7,2nd quarter,2:29.0,Marc Gasol,MEM,True,2-pointer,4,53-38,'MEM',leads
107,107,107,201205090MEM,30.7,8.1,2nd quarter,1:35.0,Marc Gasol,MEM,False,2-pointer,7,53-39,'MEM',leads
108,108,108,201205090MEM,23.8,21.2,2nd quarter,1:06.0,Marc Gasol,MEM,True,2-pointer,16,55-40,'MEM',leads
115,115,115,201205090MEM,21.3,6.4,3rd quarter,7:26.0,Marc Gasol,MEM,False,2-pointer,3,65-48,'MEM',leads
136,136,136,201205090MEM,19.9,5.7,4th quarter,4:12.0,Marc Gasol,MEM,False,2-pointer,4,85-75,'MEM',leads
137,137,137,201205090MEM,33.4,13.6,4th quarter,3:21.0,Marc Gasol,MEM,False,2-pointer,13,85-77,'MEM',leads
1,1,1,201205110LAC,12.4,15.4,1st quarter,10:37.0,Marc Gasol,MEM,False,2-pointer,16,0-0,'MEM',tied
8,8,8,201205110LAC,23.8,6.5,1st quarter,6:24.0,Marc Gasol,MEM,False,2-pointer,2,5-6,'MEM',trails
9,9,9,201205110LAC,24.4,12.7,1st quarter,5:21.0,Marc Gasol,MEM,True,2-pointer,8,9-8,'MEM',leads
14,14,14,201205110LAC,6.5,5.7,1st quarter,2:31.0,Marc Gasol,MEM,True,2-pointer,18,21-14,'MEM',leads
18,18,18,201205110LAC,23.8,7.6,1st quarter,1:11.0,Marc Gasol,MEM,False,2-pointer,3,23-14,'MEM',leads
25,25,25,201205110LAC,21.4,6.7,2nd quarter,6:16.0,Marc Gasol,MEM,True,2-pointer,3,32-26,'MEM',leads
28,28,28,201205110LAC,25.0,7.0,2nd quarter,4:31.0,Marc Gasol,MEM,True,2-pointer,2,34-28,'MEM',leads
32,32,32,201205110LAC,24.7,7.3,2nd quarter,0:49.5,Marc Gasol,MEM,True,2-pointer,2,41-38,'MEM',leads
36,36,36,201205110LAC,12.0,7.2,3rd quarter,10:59.0,Marc Gasol,MEM,True,2-pointer,12,46-41,'MEM',leads
38,38,38,201205110LAC,22.1,16.5,3rd quarter,9:43.0,Marc Gasol,MEM,True,2-pointer,12,50-44,'MEM',leads
40,40,40,201205110LAC,10.1,6.9,3rd quarter,8:05.0,Marc Gasol,MEM,False,2-pointer,14,54-48,'MEM',leads
41,41,41,201205110LAC,25.2,7.6,3rd quarter,7:31.0,Marc Gasol,MEM,True,2-pointer,3,56-50,'MEM',leads
44,44,44,201205110LAC,23.2,8.4,3rd quarter,6:13.0,Marc Gasol,MEM,True,2-pointer,3,58-52,'MEM',leads
49,49,49,201205110LAC,42.2,15.8,3rd quarter,3:06.0,Marc Gasol,MEM,False,2-pointer,21,60-60,'MEM',tied
53,53,53,201205110LAC,22.7,7.2,3rd quarter,2:09.0,Marc Gasol,MEM,False,2-pointer,3,60-60,'MEM',tied
74,74,74,201205110LAC,18.9,14.9,4th quarter,2:10.0,Marc Gasol,MEM,False,2-pointer,11,87-82,'MEM',leads
80,80,80,201205130MEM,12.8,5.9,1st quarter,9:55.0,Marc Gasol,MEM,False,2-pointer,11,1-2,'MEM',trails
87,87,87,201205130MEM,24.2,5.6,1st quarter,6:12.0,Marc Gasol,MEM,True,2-pointer,1,7-6,'MEM',leads
88,88,88,201205130MEM,24.0,11.9,1st quarter,5:35.0,Marc Gasol,MEM,False,2-pointer,7,7-6,'MEM',leads
91,91,91,201205130MEM,24.0,8.1,1st quarter,3:54.0,Marc Gasol,MEM,False,2-pointer,3,7-12,'MEM',trails
109,109,109,201205130MEM,24.4,10.3,2nd quarter,4:45.0,Marc Gasol,MEM,True,2-pointer,5,23-31,'MEM',trails
110,110,110,201205130MEM,18.4,5.4,2nd quarter,4:03.0,Marc Gasol,MEM,True,2-pointer,6,25-33,'MEM',trails
120,120,120,201205130MEM,14.3,11.6,3rd quarter,9:40.0,Marc Gasol,MEM,False,2-pointer,12,42-41,'MEM',leads
132,132,132,201205130MEM,20.6,23.9,3rd quarter,2:20.0,Marc Gasol,MEM,True,2-pointer,19,54-51,'MEM',leads
134,134,134,201205130MEM,10.7,26.6,3rd quarter,0:35.9,Marc Gasol,MEM,False,3-pointer,25,54-53,'MEM',leads
146,146,146,201205130MEM,18.6,6.1,4th quarter,4:05.0,Marc Gasol,MEM,True,2-pointer,6,65-71,'MEM',trails
147,147,147,201205130MEM,25.3,6.1,4th quarter,3:07.0,Marc Gasol,MEM,True,2-pointer,2,67-73,'MEM',trails
324,324,324,201210310LAC,27.7,13.0,1st quarter,9:19.0,Marc Gasol,MEM,True,2-pointer,9,6-6,'MEM',tied
328,328,328,201210310LAC,18.4,22.5,1st quarter,7:35.0,Marc Gasol,MEM,True,2-pointer,18,8-8,'MEM',tied
330,330,330,201210310LAC,33.7,20.9,1st quarter,6:34.0,Marc Gasol,MEM,False,2-pointer,19,8-12,'MEM',trails
332,332,332,201210310LAC,24.2,5.0,1st quarter,6:02.0,Marc Gasol,MEM,False,2-pointer,0,8-14,'MEM',trails
340,340,340,201210310LAC,24.6,5.4,1st quarter,3:07.0,Marc Gasol,MEM,True,2-pointer,1,15-16,'MEM',trails
358,358,358,201210310LAC,27.2,12.7,2nd quarter,3:34.0,Marc Gasol,MEM,True,2-pointer,8,42-46,'MEM',trails
359,359,359,201210310LAC,22.1,13.9,2nd quarter,3:12.0,Marc Gasol,MEM,True,2-pointer,9,44-46,'MEM',trails
360,360,360,201210310LAC,24.9,5.7,2nd quarter,2:41.0,Marc Gasol,MEM,True,2-pointer,1,46-46,'MEM',tied
367,367,367,201210310LAC,30.1,10.2,3rd quarter,10:45.0,Marc Gasol,MEM,False,2-pointer,8,55-49,'MEM',leads
368,368,368,201210310LAC,24.4,19.2,3rd quarter,9:46.0,Marc Gasol,MEM,True,2-pointer,14,57-54,'MEM',leads
369,369,369,201210310LAC,24.2,13.0,3rd quarter,9:13.0,Marc Gasol,MEM,False,2-pointer,8,57-56,'MEM',leads
382,382,382,201210310LAC,24.2,5.6,3rd quarter,2:54.0,Marc Gasol,MEM,True,2-pointer,1,69-68,'MEM',leads
400,400,400,201210310LAC,28.8,13.9,4th quarter,4:30.0,Marc Gasol,MEM,False,2-pointer,10,86-89,'MEM',trails
649,649,649,201211020GSW,24.2,5.0,1st quarter,11:10.0,Marc Gasol,MEM,True,2-pointer,0,2-2,'GSW',tied
656,656,656,201211020GSW,19.9,9.1,1st quarter,7:10.0,Marc Gasol,MEM,False,2-pointer,6,12-9,'GSW',leads
668,668,668,201211020GSW,21.7,21.8,1st quarter,1:04.0,Marc Gasol,MEM,True,2-pointer,17,26-18,'GSW',leads
673,673,673,201211020GSW,24.0,12.1,2nd quarter,10:16.0,Marc Gasol,MEM,True,2-pointer,7,36-24,'GSW',leads
677,677,677,201211020GSW,33.1,19.0,2nd quarter,8:06.0,Marc Gasol,MEM,False,2-pointer,17,38-29,'GSW',leads
678,678,678,201211020GSW,21.1,7.8,2nd quarter,7:09.0,Marc Gasol,MEM,False,2-pointer,4,38-32,'GSW',leads
692,692,692,201211020GSW,23.6,6.9,3rd quarter,9:28.0,Marc Gasol,MEM,True,2-pointer,2,54-49,'GSW',leads
695,695,695,201211020GSW,11.3,16.6,3rd quarter,8:46.0,Marc Gasol,MEM,False,2-pointer,17,54-49,'GSW',leads
696,696,696,201211020GSW,18.8,9.7,3rd quarter,8:23.0,Marc Gasol,MEM,False,2-pointer,7,54-49,'GSW',leads
703,703,703,201211020GSW,32.9,9.7,3rd quarter,1:30.0,Marc Gasol,MEM,True,2-pointer,10,73-61,'GSW',leads
717,717,717,201211020GSW,22.2,13.9,4th quarter,4:27.0,Marc Gasol,MEM,False,2-pointer,9,92-82,'GSW',leads
718,718,718,201211020GSW,21.6,21.8,4th quarter,3:47.0,Marc Gasol,MEM,True,2-pointer,17,94-82,'GSW',leads
722,722,722,201211020GSW,30.4,20.6,4th quarter,0:55.7,Marc Gasol,MEM,True,2-pointer,17,102-89,'GSW',leads
594,594,594,201211050MEM,23.6,4.8,1st quarter,8:30.0,Marc Gasol,MEM,True,2-pointer,0,4-6,'UTA',trails
599,599,599,201211050MEM,24.0,23.6,1st quarter,6:06.0,Marc Gasol,MEM,False,2-pointer,19,6-15,'UTA',trails
603,603,603,201211050MEM,22.5,17.7,1st quarter,4:17.0,Marc Gasol,MEM,False,2-pointer,13,7-19,'UTA',trails
610,610,610,201211050MEM,18.6,16.5,2nd quarter,11:37.0,Marc Gasol,MEM,True,2-pointer,13,20-25,'UTA',trails
626,626,626,201211050MEM,16.2,7.5,2nd quarter,3:23.0,Marc Gasol,MEM,True,2-pointer,8,36-39,'UTA',trails
630,630,630,201211050MEM,16.5,9.4,2nd quarter,2:25.0,Marc Gasol,MEM,True,2-pointer,9,40-41,'UTA',trails
651,651,651,201211050MEM,17.2,6.5,3rd quarter,3:20.0,Marc Gasol,MEM,True,2-pointer,7,66-61,'UTA',leads
664,664,664,201211050MEM,24.6,18.1,4th quarter,6:08.0,Marc Gasol,MEM,False,2-pointer,13,84-79,'UTA',leads
666,666,666,201211050MEM,12.3,14.3,4th quarter,5:24.0,Marc Gasol,MEM,True,2-pointer,15,88-79,'UTA',leads
671,671,671,201211050MEM,17.8,8.4,4th quarter,2:58.0,Marc Gasol,MEM,False,2-pointer,7,92-85,'UTA',leads
674,674,674,201211050MEM,12.4,23.3,4th quarter,0:26.9,Marc Gasol,MEM,False,2-pointer,22,103-89,'UTA',leads
1336,1336,1336,201211070MIL,21.4,16.9,1st quarter,9:17.0,Marc Gasol,MEM,False,2-pointer,12,3-4,'MIL',trails
1339,1339,1339,201211070MIL,18.8,8.6,1st quarter,7:07.0,Marc Gasol,MEM,True,2-pointer,6,9-7,'MIL',leads
1352,1352,1352,201211070MIL,32.1,13.9,1st quarter,1:29.0,Marc Gasol,MEM,True,2-pointer,12,21-22,'MIL',trails
1355,1355,1355,201211070MIL,24.2,18.1,2nd quarter,10:56.0,Marc Gasol,MEM,True,2-pointer,13,26-22,'MIL',leads
1373,1373,1373,201211070MIL,21.1,5.6,2nd quarter,1:41.0,Marc Gasol,MEM,True,2-pointer,3,49-41,'MIL',leads
1379,1379,1379,201211070MIL,27.7,5.4,3rd quarter,9:36.0,Marc Gasol,MEM,True,2-pointer,4,60-44,'MIL',leads
1386,1386,1386,201211070MIL,21.6,17.6,3rd quarter,5:44.0,Marc Gasol,MEM,False,2-pointer,13,69-51,'MIL',leads
1402,1402,1402,201211070MIL,32.6,18.2,4th quarter,6:58.0,Marc Gasol,MEM,False,2-pointer,16,90-75,'MIL',leads
742,742,742,201211090MEM,23.6,6.1,1st quarter,11:30.0,Marc Gasol,MEM,False,2-pointer,1,0-0,'HOU',tied
752,752,752,201211090MEM,12.8,13.0,1st quarter,6:46.0,Marc Gasol,MEM,False,2-pointer,14,6-9,'HOU',trails
755,755,755,201211090MEM,24.0,10.3,1st quarter,5:12.0,Marc Gasol,MEM,False,2-pointer,5,6-13,'HOU',trails
757,757,757,201211090MEM,24.6,4.7,1st quarter,3:45.0,Marc Gasol,MEM,True,2-pointer,1,10-15,'HOU',trails
762,762,762,201211090MEM,13.7,8.0,1st quarter,1:28.0,Marc Gasol,MEM,True,2-pointer,11,14-19,'HOU',trails
779,779,779,201211090MEM,32.4,20.6,2nd quarter,5:13.0,Marc Gasol,MEM,False,2-pointer,18,29-35,'HOU',trails
780,780,780,201211090MEM,26.8,6.2,2nd quarter,4:38.0,Marc Gasol,MEM,False,2-pointer,3,29-37,'HOU',trails
795,795,795,201211090MEM,25.8,20.4,3rd quarter,9:58.0,Marc Gasol,MEM,True,2-pointer,16,49-48,'HOU',leads
807,807,807,201211090MEM,32.9,20.7,3rd quarter,1:49.0,Marc Gasol,MEM,False,2-pointer,18,65-66,'HOU',trails
809,809,809,201211090MEM,20.8,14.9,3rd quarter,0:38.9,Marc Gasol,MEM,False,2-pointer,10,69-66,'HOU',leads
810,810,810,201211090MEM,24.6,5.0,3rd quarter,0:01.9,Marc Gasol,MEM,False,2-pointer,1,69-68,'HOU',leads
811,811,811,201211090MEM,25.8,5.3,3rd quarter,0:00.9,Marc Gasol,MEM,False,2-pointer,2,69-68,'HOU',leads
575,575,575,201211110MEM,18.6,9.8,1st quarter,5:58.0,Marc Gasol,MEM,False,2-pointer,7,12-12,'MIA',tied
579,579,579,201211110MEM,17.8,6.1,1st quarter,3:19.0,Marc Gasol,MEM,False,2-pointer,6,18-14,'MIA',leads
580,580,580,201211110MEM,19.4,9.8,1st quarter,2:52.0,Marc Gasol,MEM,True,2-pointer,7,20-14,'MIA',leads
598,598,598,201211110MEM,22.9,5.0,2nd quarter,4:12.0,Marc Gasol,MEM,False,2-pointer,1,40-34,'MIA',leads
601,601,601,201211110MEM,22.2,9.5,2nd quarter,3:36.0,Marc Gasol,MEM,False,2-pointer,5,40-36,'MIA',leads
640,640,640,201211110MEM,8.8,9.7,4th quarter,4:35.0,Marc Gasol,MEM,False,2-pointer,16,98-76,'MIA',leads
1112,1112,1112,201211140OKC,24.0,13.5,1st quarter,9:40.0,Marc Gasol,MEM,False,2-pointer,9,4-2,'OKC',leads
1118,1118,1118,201211140OKC,29.8,15.7,1st quarter,7:19.0,Marc Gasol,MEM,False,2-pointer,12,8-6,'OKC',leads
1120,1120,1120,201211140OKC,23.3,6.1,1st quarter,6:18.0,Marc Gasol,MEM,True,2-pointer,1,10-12,'OKC',trails
1124,1124,1124,201211140OKC,18.9,16.3,1st quarter,3:59.0,Marc Gasol,MEM,False,2-pointer,12,14-16,'OKC',trails
1126,1126,1126,201211140OKC,15.1,14.9,1st quarter,2:35.0,Marc Gasol,MEM,False,2-pointer,13,16-18,'OKC',trails
1143,1143,1143,201211140OKC,24.7,5.6,2nd quarter,7:28.0,Marc Gasol,MEM,False,2-pointer,1,31-36,'OKC',trails
1144,1144,1144,201211140OKC,25.0,5.6,2nd quarter,7:25.0,Marc Gasol,MEM,True,2-pointer,1,33-36,'OKC',trails
1147,1147,1147,201211140OKC,23.5,8.0,2nd quarter,5:30.0,Marc Gasol,MEM,False,2-pointer,3,39-39,'OKC',tied
1156,1156,1156,201211140OKC,21.7,12.8,2nd quarter,0:00.9,Marc Gasol,MEM,True,2-pointer,8,56-45,'OKC',leads
1159,1159,1159,201211140OKC,16.9,15.1,3rd quarter,10:39.0,Marc Gasol,MEM,False,2-pointer,12,58-49,'OKC',leads
1175,1175,1175,201211140OKC,17.6,11.6,3rd quarter,3:44.0,Marc Gasol,MEM,True,2-pointer,9,75-63,'OKC',leads
1186,1186,1186,201211140OKC,18.0,7.3,4th quarter,8:57.0,Marc Gasol,MEM,False,2-pointer,6,88-76,'OKC',leads
1190,1190,1190,201211140OKC,13.1,9.2,4th quarter,5:17.0,Marc Gasol,MEM,True,2-pointer,12,97-84,'OKC',leads
1192,1192,1192,201211140OKC,16.9,5.3,4th quarter,3:59.0,Marc Gasol,MEM,True,2-pointer,7,99-89,'OKC',leads
591,591,591,201211160MEM,17.0,11.0,1st quarter,9:25.0,Marc Gasol,MEM,False,2-pointer,9,8-4,'NYK',leads
600,600,600,201211160MEM,23.5,16.9,1st quarter,4:33.0,Marc Gasol,MEM,True,2-pointer,12,20-17,'NYK',leads
602,602,602,201211160MEM,25.3,5.9,1st quarter,3:33.0,Marc Gasol,MEM,True,2-pointer,2,24-19,'NYK',leads
605,605,605,201211160MEM,23.0,6.2,1st quarter,2:33.0,Marc Gasol,MEM,True,2-pointer,2,27-23,'NYK',leads
613,613,613,201211160MEM,36.2,20.4,2nd quarter,9:02.0,Marc Gasol,MEM,False,2-pointer,20,34-32,'NYK',leads
625,625,625,201211160MEM,25.2,4.7,2nd quarter,0:52.8,Marc Gasol,MEM,True,2-pointer,1,51-49,'NYK',leads
628,628,628,201211160MEM,17.3,6.4,3rd quarter,11:41.0,Marc Gasol,MEM,True,2-pointer,7,56-49,'NYK',leads
633,633,633,201211160MEM,12.9,11.3,3rd quarter,6:32.0,Marc Gasol,MEM,False,2-pointer,13,67-55,'NYK',leads
653,653,653,201211160MEM,35.1,10.2,4th quarter,6:02.0,Marc Gasol,MEM,True,2-pointer,12,93-81,'NYK',leads
654,654,654,201211160MEM,11.7,27.7,4th quarter,5:20.0,Marc Gasol,MEM,False,3-pointer,26,93-81,'NYK',leads
151,151,151,201211170CHA,25.8,5.7,1st quarter,9:36.0,Marc Gasol,MEM,False,2-pointer,2,2-3,'CHA',trails
152,152,152,201211170CHA,23.2,5.3,1st quarter,9:35.0,Marc Gasol,MEM,False,2-pointer,1,2-3,'CHA',trails
171,171,171,201211170CHA,9.1,6.7,2nd quarter,11:18.0,Marc Gasol,MEM,True,2-pointer,15,27-19,'CHA',leads
173,173,173,201211170CHA,24.9,5.6,2nd quarter,10:18.0,Marc Gasol,MEM,True,2-pointer,1,29-19,'CHA',leads
176,176,176,201211170CHA,9.0,7.3,2nd quarter,8:37.0,Marc Gasol,MEM,False,2-pointer,15,31-22,'CHA',leads
213,213,213,201211170CHA,22.9,5.7,4th quarter,7:02.0,Marc Gasol,MEM,False,2-pointer,1,77-69,'CHA',leads
219,219,219,201211170CHA,25.3,14.7,4th quarter,4:11.0,Marc Gasol,MEM,True,2-pointer,10,83-74,'CHA',leads
604,604,604,201211190MEM,23.0,10.8,1st quarter,10:17.0,Marc Gasol,MEM,True,2-pointer,6,5-2,'DEN',leads
605,605,605,201211190MEM,24.9,11.4,1st quarter,9:37.0,Marc Gasol,MEM,False,2-pointer,6,5-2,'DEN',leads
612,612,612,201211190MEM,24.0,22.9,1st quarter,7:04.0,Marc Gasol,MEM,True,2-pointer,18,11-7,'DEN',leads
622,622,622,201211190MEM,22.2,6.1,1st quarter,0:54.9,Marc Gasol,MEM,True,2-pointer,2,22-25,'DEN',trails
654,654,654,201211190MEM,21.4,18.1,3rd quarter,8:12.0,Marc Gasol,MEM,True,2-pointer,13,57-56,'DEN',leads
658,658,658,201211190MEM,22.7,13.9,3rd quarter,4:38.0,Marc Gasol,MEM,False,2-pointer,9,63-58,'DEN',leads
659,659,659,201211190MEM,24.0,13.6,3rd quarter,2:47.0,Marc Gasol,MEM,True,2-pointer,9,65-60,'DEN',leads
1216,1216,1216,201211230MEM,28.3,16.8,1st quarter,4:37.0,Marc Gasol,MEM,True,2-pointer,13,21-14,'LAL',leads
1227,1227,1227,201211230MEM,22.1,10.8,2nd quarter,10:49.0,Marc Gasol,MEM,False,2-pointer,6,34-20,'LAL',leads
1230,1230,1230,201211230MEM,17.5,7.5,2nd quarter,9:14.0,Marc Gasol,MEM,False,2-pointer,7,34-25,'LAL',leads
1237,1237,1237,201211230MEM,25.2,5.0,2nd quarter,4:13.0,Marc Gasol,MEM,True,2-pointer,1,46-38,'LAL',leads
1239,1239,1239,201211230MEM,26.0,5.6,2nd quarter,2:45.0,Marc Gasol,MEM,True,2-pointer,2,52-40,'LAL',leads
1246,1246,1246,201211230MEM,23.2,25.0,3rd quarter,10:13.0,Marc Gasol,MEM,True,2-pointer,20,60-51,'LAL',leads
1250,1250,1250,201211230MEM,21.3,24.5,3rd quarter,7:46.0,Marc Gasol,MEM,True,2-pointer,20,67-55,'LAL',leads
1255,1255,1255,201211230MEM,17.8,21.0,3rd quarter,5:12.0,Marc Gasol,MEM,False,2-pointer,17,71-57,'LAL',leads
738,738,738,201211260MEM,17.6,9.2,1st quarter,6:03.0,Marc Gasol,MEM,True,2-pointer,8,15-7,'MEM',leads
739,739,739,201211260MEM,21.9,5.7,1st quarter,4:20.0,Marc Gasol,MEM,False,2-pointer,2,15-12,'MEM',leads
753,753,753,201211260MEM,24.2,5.6,2nd quarter,8:49.0,Marc Gasol,MEM,True,2-pointer,1,30-32,'MEM',trails
758,758,758,201211260MEM,24.0,6.1,2nd quarter,4:22.0,Marc Gasol,MEM,True,2-pointer,1,35-43,'MEM',trails
760,760,760,201211260MEM,23.3,5.4,2nd quarter,3:33.0,Marc Gasol,MEM,True,2-pointer,1,38-43,'MEM',trails
761,761,761,201211260MEM,16.9,11.4,2nd quarter,2:24.0,Marc Gasol,MEM,False,2-pointer,10,40-45,'MEM',trails
773,773,773,201211260MEM,20.8,7.3,3rd quarter,6:16.0,Marc Gasol,MEM,True,2-pointer,4,49-55,'MEM',trails
774,774,774,201211260MEM,18.8,11.9,3rd quarter,5:30.0,Marc Gasol,MEM,False,2-pointer,9,50-55,'MEM',trails
776,776,776,201211260MEM,24.1,13.8,3rd quarter,4:19.0,Marc Gasol,MEM,True,2-pointer,9,54-57,'MEM',trails
779,779,779,201211260MEM,14.8,9.1,3rd quarter,1:42.0,Marc Gasol,MEM,True,2-pointer,10,60-63,'MEM',trails
868,868,868,201211280MEM,24.0,5.9,1st quarter,9:19.0,Marc Gasol,MEM,False,2-pointer,1,7-8,'TOR',trails
869,869,869,201211280MEM,23.6,5.0,1st quarter,9:17.0,Marc Gasol,MEM,True,2-pointer,0,9-8,'TOR',leads
871,871,871,201211280MEM,24.1,5.1,1st quarter,8:11.0,Marc Gasol,MEM,True,2-pointer,0,13-8,'TOR',leads
877,877,877,201211280MEM,17.0,9.4,1st quarter,5:26.0,Marc Gasol,MEM,False,2-pointer,8,19-10,'TOR',leads
884,884,884,201211280MEM,20.2,13.0,1st quarter,2:00.0,Marc Gasol,MEM,False,2-pointer,9,22-21,'TOR',leads
901,901,901,201211280MEM,12.6,27.4,2nd quarter,3:57.0,Marc Gasol,MEM,False,3-pointer,25,42-41,'TOR',leads
902,902,902,201211280MEM,14.3,11.9,2nd quarter,2:21.0,Marc Gasol,MEM,False,2-pointer,12,44-43,'TOR',leads
903,903,903,201211280MEM,25.0,6.1,2nd quarter,1:46.0,Marc Gasol,MEM,True,2-pointer,1,46-45,'TOR',leads
904,904,904,201211280MEM,17.6,6.9,2nd quarter,1:21.0,Marc Gasol,MEM,False,2-pointer,7,47-45,'TOR',leads
906,906,906,201211280MEM,17.5,9.4,3rd quarter,10:57.0,Marc Gasol,MEM,True,2-pointer,8,50-47,'TOR',leads
908,908,908,201211280MEM,17.3,18.2,3rd quarter,9:38.0,Marc Gasol,MEM,False,2-pointer,15,52-48,'TOR',leads
910,910,910,201211280MEM,24.7,5.1,3rd quarter,8:31.0,Marc Gasol,MEM,True,2-pointer,1,57-48,'TOR',leads
912,912,912,201211280MEM,13.2,7.0,3rd quarter,7:05.0,Marc Gasol,MEM,True,2-pointer,11,61-50,'TOR',leads
926,926,926,201211280MEM,34.5,5.6,4th quarter,9:28.0,Marc Gasol,MEM,False,2-pointer,11,84-66,'TOR',leads
935,935,935,201211280MEM,24.4,10.5,4th quarter,4:27.0,Marc Gasol,MEM,False,2-pointer,6,93-74,'TOR',leads
720,720,720,201211300MEM,24.7,4.4,1st quarter,7:48.0,Marc Gasol,MEM,True,2-pointer,1,8-5,'DET',leads
722,722,722,201211300MEM,15.6,8.4,1st quarter,6:56.0,Marc Gasol,MEM,True,2-pointer,9,11-7,'DET',leads
727,727,727,201211300MEM,20.3,7.5,1st quarter,5:04.0,Marc Gasol,MEM,False,2-pointer,4,11-17,'DET',trails
729,729,729,201211300MEM,24.9,24.5,1st quarter,3:25.0,Marc Gasol,MEM,False,2-pointer,20,15-17,'DET',trails
748,748,748,201211300MEM,21.4,7.8,2nd quarter,5:32.0,Marc Gasol,MEM,True,2-pointer,4,38-34,'DET',leads
749,749,749,201211300MEM,19.2,7.0,2nd quarter,4:54.0,Marc Gasol,MEM,True,2-pointer,5,40-36,'DET',leads
753,753,753,201211300MEM,36.5,5.6,2nd quarter,1:56.0,Marc Gasol,MEM,False,2-pointer,13,49-39,'DET',leads
755,755,755,201211300MEM,24.0,5.4,2nd quarter,0:50.3,Marc Gasol,MEM,True,2-pointer,0,51-43,'DET',leads
756,756,756,201211300MEM,10.1,13.9,2nd quarter,0:31.8,Marc Gasol,MEM,False,2-pointer,17,51-43,'DET',leads
760,760,760,201211300MEM,23.2,5.1,3rd quarter,10:44.0,Marc Gasol,MEM,False,2-pointer,1,55-47,'DET',leads
761,761,761,201211300MEM,24.4,15.1,3rd quarter,10:25.0,Marc Gasol,MEM,False,2-pointer,10,55-48,'DET',leads
765,765,765,201211300MEM,27.9,10.0,3rd quarter,8:19.0,Marc Gasol,MEM,True,2-pointer,6,57-53,'DET',leads
772,772,772,201211300MEM,27.6,9.7,3rd quarter,2:22.0,Marc Gasol,MEM,False,2-pointer,6,70-62,'DET',leads
784,784,784,201211300MEM,17.5,7.3,4th quarter,6:28.0,Marc Gasol,MEM,False,2-pointer,7,81-70,'DET',leads
786,786,786,201211300MEM,17.3,6.4,4th quarter,4:54.0,Marc Gasol,MEM,False,2-pointer,7,83-74,'DET',leads
787,787,787,201211300MEM,18.9,16.8,4th quarter,4:33.0,Marc Gasol,MEM,False,2-pointer,13,83-74,'DET',leads
795,795,795,201211300MEM,24.3,4.7,4th quarter,0:42.9,Marc Gasol,MEM,False,2-pointer,0,87-78,'DET',leads
1499,1499,1499,201212010SAS,28.7,12.4,1st quarter,10:38.0,Marc Gasol,MEM,True,2-pointer,9,4-0,'SAS',leads
1503,1503,1503,201212010SAS,23.5,11.1,1st quarter,8:16.0,Marc Gasol,MEM,True,2-pointer,6,6-6,'SAS',tied
1506,1506,1506,201212010SAS,15.0,20.9,1st quarter,6:31.0,Marc Gasol,MEM,False,2-pointer,18,8-11,'SAS',trails
1507,1507,1507,201212010SAS,25.0,4.4,1st quarter,6:10.0,Marc Gasol,MEM,True,2-pointer,1,10-11,'SAS',trails
1509,1509,1509,201212010SAS,26.3,11.7,1st quarter,4:58.0,Marc Gasol,MEM,False,2-pointer,7,12-15,'SAS',trails
1511,1511,1511,201212010SAS,24.1,11.1,1st quarter,3:59.0,Marc Gasol,MEM,False,2-pointer,6,15-18,'SAS',trails
1512,1512,1512,201212010SAS,22.9,8.0,1st quarter,3:23.0,Marc Gasol,MEM,True,2-pointer,3,18-18,'SAS',tied
1515,1515,1515,201212010SAS,24.0,12.4,1st quarter,2:15.0,Marc Gasol,MEM,False,2-pointer,7,18-21,'SAS',trails
1542,1542,1542,201212010SAS,19.4,12.2,3rd quarter,9:03.0,Marc Gasol,MEM,False,2-pointer,9,51-48,'SAS',leads
1544,1544,1544,201212010SAS,24.0,6.2,3rd quarter,8:37.0,Marc Gasol,MEM,True,2-pointer,1,53-48,'SAS',leads
1545,1545,1545,201212010SAS,15.4,14.4,3rd quarter,7:59.0,Marc Gasol,MEM,True,2-pointer,13,55-50,'SAS',leads
1553,1553,1553,201212010SAS,29.6,20.3,3rd quarter,4:03.0,Marc Gasol,MEM,True,2-pointer,16,65-55,'SAS',leads
1554,1554,1554,201212010SAS,22.1,18.5,3rd quarter,3:37.0,Marc Gasol,MEM,True,2-pointer,14,67-55,'SAS',leads
1556,1556,1556,201212010SAS,9.9,11.1,3rd quarter,2:20.0,Marc Gasol,MEM,True,2-pointer,15,71-58,'SAS',leads
1558,1558,1558,201212010SAS,24.9,22.5,3rd quarter,1:17.0,Marc Gasol,MEM,True,2-pointer,18,73-58,'SAS',leads
1588,1588,1588,201212010SAS,21.6,20.7,1st overtime,3:07.0,Marc Gasol,MEM,False,2-pointer,16,90-91,'SAS',trails
575,575,575,201212040MEM,23.5,7.3,1st quarter,11:29.0,Marc Gasol,MEM,True,2-pointer,2,2-0,'PHO',leads
576,576,576,201212040MEM,17.2,8.7,1st quarter,11:01.0,Marc Gasol,MEM,True,2-pointer,8,4-0,'PHO',leads
582,582,582,201212040MEM,14.7,10.0,1st quarter,6:59.0,Marc Gasol,MEM,False,2-pointer,11,12-10,'PHO',leads
584,584,584,201212040MEM,18.8,18.2,1st quarter,4:59.0,Marc Gasol,MEM,False,2-pointer,14,14-14,'PHO',tied
600,600,600,201212040MEM,25.5,6.4,2nd quarter,6:58.0,Marc Gasol,MEM,True,2-pointer,2,24-36,'PHO',trails
617,617,617,201212040MEM,23.5,6.2,3rd quarter,6:54.0,Marc Gasol,MEM,True,2-pointer,1,55-59,'PHO',trails
623,623,623,201212040MEM,16.9,11.3,3rd quarter,4:10.0,Marc Gasol,MEM,True,2-pointer,9,59-61,'PHO',trails
625,625,625,201212040MEM,15.6,8.0,3rd quarter,2:56.0,Marc Gasol,MEM,False,2-pointer,9,61-66,'PHO',trails
628,628,628,201212040MEM,25.0,7.6,3rd quarter,0:42.0,Marc Gasol,MEM,True,2-pointer,3,66-70,'PHO',trails
629,629,629,201212040MEM,25.2,5.0,3rd quarter,0:25.0,Marc Gasol,MEM,False,2-pointer,1,66-70,'PHO',trails
630,630,630,201212040MEM,24.1,5.6,3rd quarter,0:25.0,Marc Gasol,MEM,True,2-pointer,1,68-70,'PHO',trails
631,631,631,201212040MEM,37.3,31.0,3rd quarter,0:00.3,Marc Gasol,MEM,False,3-pointer,29,68-72,'PHO',trails
632,632,632,201212040MEM,23.8,12.8,4th quarter,11:44.0,Marc Gasol,MEM,False,2-pointer,8,68-72,'PHO',trails
987,987,987,201212070NOH,24.0,22.5,1st quarter,9:55.0,Marc Gasol,MEM,False,2-pointer,18,6-2,'NOH',leads
988,988,988,201212070NOH,19.5,14.4,1st quarter,9:33.0,Marc Gasol,MEM,False,2-pointer,10,6-2,'NOH',leads
991,991,991,201212070NOH,22.5,23.9,1st quarter,8:09.0,Marc Gasol,MEM,False,2-pointer,19,8-6,'NOH',leads
998,998,998,201212070NOH,25.3,11.9,1st quarter,3:42.0,Marc Gasol,MEM,True,2-pointer,7,20-14,'NOH',leads
1009,1009,1009,201212070NOH,7.7,7.0,2nd quarter,6:08.0,Marc Gasol,MEM,True,2-pointer,16,31-27,'NOH',leads
1023,1023,1023,201212070NOH,27.7,19.8,3rd quarter,11:03.0,Marc Gasol,MEM,False,2-pointer,15,51-39,'NOH',leads
1030,1030,1030,201212070NOH,29.6,18.4,3rd quarter,5:24.0,Marc Gasol,MEM,True,2-pointer,15,62-52,'NOH',leads
1032,1032,1032,201212070NOH,26.0,7.2,3rd quarter,4:36.0,Marc Gasol,MEM,True,2-pointer,3,64-54,'NOH',leads
1034,1034,1034,201212070NOH,13.9,11.7,3rd quarter,3:07.0,Marc Gasol,MEM,False,2-pointer,12,67-56,'NOH',leads
1035,1035,1035,201212070NOH,24.4,17.4,3rd quarter,1:18.0,Marc Gasol,MEM,False,2-pointer,12,69-63,'NOH',leads
1050,1050,1050,201212070NOH,18.6,11.0,4th quarter,3:01.0,Marc Gasol,MEM,True,2-pointer,8,90-85,'NOH',leads
1067,1067,1067,201212080MEM,29.4,23.9,1st quarter,6:06.0,Marc Gasol,MEM,True,2-pointer,20,12-9,'MEM',leads
1068,1068,1068,201212080MEM,23.8,5.0,1st quarter,5:22.0,Marc Gasol,MEM,False,2-pointer,0,12-11,'MEM',leads
1070,1070,1070,201212080MEM,17.2,6.1,1st quarter,4:33.0,Marc Gasol,MEM,False,2-pointer,7,14-13,'MEM',leads
1086,1086,1086,201212080MEM,22.4,5.6,2nd quarter,6:42.0,Marc Gasol,MEM,True,2-pointer,2,34-28,'MEM',leads
1087,1087,1087,201212080MEM,23.0,23.4,2nd quarter,5:03.0,Marc Gasol,MEM,True,2-pointer,18,38-32,'MEM',leads
1094,1094,1094,201212080MEM,23.8,4.8,2nd quarter,1:02.0,Marc Gasol,MEM,True,2-pointer,0,46-41,'MEM',leads
1100,1100,1100,201212080MEM,15.6,19.3,3rd quarter,8:50.0,Marc Gasol,MEM,False,2-pointer,17,51-45,'MEM',leads
1105,1105,1105,201212080MEM,26.1,4.5,3rd quarter,5:07.0,Marc Gasol,MEM,True,2-pointer,2,58-53,'MEM',leads
1109,1109,1109,201212080MEM,16.7,8.1,3rd quarter,3:08.0,Marc Gasol,MEM,False,2-pointer,8,58-60,'MEM',trails
1126,1126,1126,201212080MEM,24.6,9.7,4th quarter,3:45.0,Marc Gasol,MEM,True,2-pointer,5,75-82,'MEM',trails
1134,1134,1134,201212080MEM,10.7,29.4,4th quarter,0:16.9,Marc Gasol,MEM,False,3-pointer,28,83-93,'MEM',trails
1690,1690,1690,201212120PHO,10.7,4.4,1st quarter,7:40.0,Marc Gasol,MEM,True,2-pointer,13,13-7,'PHO',leads
1713,1713,1713,201212120PHO,11.2,19.8,2nd quarter,5:41.0,Marc Gasol,MEM,True,2-pointer,20,38-29,'PHO',leads
1717,1717,1717,201212120PHO,24.9,17.9,2nd quarter,2:59.0,Marc Gasol,MEM,True,2-pointer,13,42-34,'PHO',leads
1718,1718,1718,201212120PHO,30.9,18.4,2nd quarter,2:38.0,Marc Gasol,MEM,False,2-pointer,15,42-37,'PHO',leads
1723,1723,1723,201212120PHO,25.5,11.0,2nd quarter,0:02.7,Marc Gasol,MEM,False,2-pointer,6,44-43,'PHO',leads
1729,1729,1729,201212120PHO,24.1,5.1,3rd quarter,7:22.0,Marc Gasol,MEM,True,2-pointer,0,54-54,'PHO',tied
1732,1732,1732,201212120PHO,33.7,18.8,3rd quarter,5:03.0,Marc Gasol,MEM,False,2-pointer,17,59-56,'PHO',leads
1734,1734,1734,201212120PHO,17.5,12.7,3rd quarter,3:53.0,Marc Gasol,MEM,False,2-pointer,10,59-56,'PHO',leads
1739,1739,1739,201212120PHO,37.2,12.5,4th quarter,11:12.0,Marc Gasol,MEM,True,2-pointer,15,65-63,'PHO',leads
1741,1741,1741,201212120PHO,34.5,21.0,4th quarter,9:54.0,Marc Gasol,MEM,True,2-pointer,19,70-67,'PHO',leads
1743,1743,1743,201212120PHO,7.2,10.3,4th quarter,8:18.0,Marc Gasol,MEM,True,2-pointer,18,72-71,'PHO',leads
1746,1746,1746,201212120PHO,24.0,23.1,4th quarter,6:24.0,Marc Gasol,MEM,False,2-pointer,18,74-73,'PHO',leads
357,357,357,201212140DEN,24.6,10.5,1st quarter,10:38.0,Marc Gasol,MEM,False,2-pointer,6,2-2,'DEN',tied
362,362,362,201212140DEN,26.9,19.6,1st quarter,8:50.0,Marc Gasol,MEM,False,2-pointer,15,4-4,'DEN',tied
366,366,366,201212140DEN,26.3,5.7,1st quarter,5:45.0,Marc Gasol,MEM,False,2-pointer,2,9-10,'DEN',trails
368,368,368,201212140DEN,29.9,22.3,1st quarter,4:25.0,Marc Gasol,MEM,False,2-pointer,18,9-10,'DEN',trails
381,381,381,201212140DEN,24.4,6.2,1st quarter,0:03.9,Marc Gasol,MEM,True,2-pointer,1,16-16,'DEN',tied
403,403,403,201212140DEN,25.2,24.4,2nd quarter,0:43.9,Marc Gasol,MEM,False,2-pointer,19,39-41,'DEN',trails
416,416,416,201212140DEN,23.0,5.7,3rd quarter,5:06.0,Marc Gasol,MEM,False,2-pointer,1,57-53,'DEN',leads
423,423,423,201212140DEN,14.0,15.5,3rd quarter,1:07.0,Marc Gasol,MEM,False,2-pointer,15,61-63,'DEN',trails
447,447,447,201212140DEN,22.7,5.4,4th quarter,0:53.8,Marc Gasol,MEM,True,2-pointer,1,93-95,'DEN',trails
449,449,449,201212140DEN,32.4,28.9,4th quarter,0:01.4,Marc Gasol,MEM,False,3-pointer,25,94-99,'DEN',trails
1515,1515,1515,201212150UTA,33.1,8.0,3rd quarter,8:40.0,Marc Gasol,MEM,False,2-pointer,10,53-57,'UTA',trails
1519,1519,1519,201212150UTA,18.6,7.5,3rd quarter,6:12.0,Marc Gasol,MEM,False,2-pointer,6,55-59,'UTA',trails
1520,1520,1520,201212150UTA,22.9,5.1,3rd quarter,5:43.0,Marc Gasol,MEM,True,2-pointer,1,57-61,'UTA',trails
1523,1523,1523,201212150UTA,15.3,21.8,3rd quarter,3:58.0,Marc Gasol,MEM,True,2-pointer,19,65-61,'UTA',leads
1524,1524,1524,201212150UTA,17.6,9.5,3rd quarter,3:19.0,Marc Gasol,MEM,True,2-pointer,8,67-63,'UTA',leads
1526,1526,1526,201212150UTA,26.0,20.6,3rd quarter,0:59.9,Marc Gasol,MEM,False,2-pointer,16,69-63,'UTA',leads
1539,1539,1539,201212150UTA,26.8,11.7,4th quarter,5:08.0,Marc Gasol,MEM,False,2-pointer,7,86-78,'UTA',leads
1541,1541,1541,201212150UTA,27.9,18.8,4th quarter,4:07.0,Marc Gasol,MEM,True,2-pointer,14,88-78,'UTA',leads
1542,1542,1542,201212150UTA,25.7,5.3,4th quarter,3:41.0,Marc Gasol,MEM,True,2-pointer,2,90-80,'UTA',leads
1546,1546,1546,201212150UTA,17.3,17.1,4th quarter,0:48.8,Marc Gasol,MEM,False,2-pointer,14,99-83,'UTA',leads
234,234,234,201212170MEM,21.6,13.2,1st quarter,4:30.0,Marc Gasol,MEM,False,2-pointer,9,9-12,'MEM',trails
240,240,240,201212170MEM,35.3,9.8,1st quarter,1:43.0,Marc Gasol,MEM,True,2-pointer,12,11-18,'MEM',trails
242,242,242,201212170MEM,13.5,23.4,1st quarter,0:40.9,Marc Gasol,MEM,False,2-pointer,21,11-20,'MEM',trails
244,244,244,201212170MEM,23.2,4.8,1st quarter,0:12.9,Marc Gasol,MEM,False,2-pointer,1,11-20,'MEM',trails
275,275,275,201212170MEM,24.6,4.8,3rd quarter,3:58.0,Marc Gasol,MEM,False,2-pointer,1,49-46,'MEM',leads
295,295,295,201212170MEM,18.0,20.6,4th quarter,4:01.0,Marc Gasol,MEM,False,2-pointer,17,68-63,'MEM',leads
300,300,300,201212170MEM,32.8,14.3,4th quarter,1:57.0,Marc Gasol,MEM,False,2-pointer,13,72-64,'MEM',leads
894,894,894,201212190MEM,16.9,8.0,1st quarter,9:07.0,Marc Gasol,MEM,True,2-pointer,8,6-4,'MEM',leads
916,916,916,201212190MEM,23.0,7.6,2nd quarter,8:55.0,Marc Gasol,MEM,True,2-pointer,3,25-24,'MEM',leads
921,921,921,201212190MEM,7.7,14.7,2nd quarter,5:57.0,Marc Gasol,MEM,True,2-pointer,19,33-26,'MEM',leads
927,927,927,201212190MEM,14.7,8.1,2nd quarter,3:33.0,Marc Gasol,MEM,False,2-pointer,10,35-28,'MEM',leads
936,936,936,201212190MEM,28.2,13.0,3rd quarter,9:27.0,Marc Gasol,MEM,False,2-pointer,9,49-37,'MEM',leads
938,938,938,201212190MEM,16.9,10.0,3rd quarter,8:11.0,Marc Gasol,MEM,False,2-pointer,9,51-39,'MEM',leads
940,940,940,201212190MEM,19.5,12.1,3rd quarter,6:12.0,Marc Gasol,MEM,False,2-pointer,8,53-41,'MEM',leads
942,942,942,201212190MEM,18.6,8.6,3rd quarter,5:33.0,Marc Gasol,MEM,False,2-pointer,6,53-45,'MEM',leads
962,962,962,201212190MEM,19.1,12.4,4th quarter,5:49.0,Marc Gasol,MEM,True,2-pointer,9,79-63,'MEM',leads
972,972,972,201212190MEM,24.7,5.1,4th quarter,1:35.0,Marc Gasol,MEM,True,2-pointer,1,87-76,'MEM',leads
936,936,936,201212210MEM,24.1,7.6,1st quarter,6:44.0,Marc Gasol,MEM,False,2-pointer,3,12-4,'DAL',leads
937,937,937,201212210MEM,23.5,5.6,1st quarter,6:36.0,Marc Gasol,MEM,True,2-pointer,1,14-4,'DAL',leads
938,938,938,201212210MEM,20.3,5.9,1st quarter,5:33.0,Marc Gasol,MEM,False,2-pointer,4,16-7,'DAL',leads
944,944,944,201212210MEM,22.2,5.3,1st quarter,2:09.0,Marc Gasol,MEM,True,2-pointer,2,21-14,'DAL',leads
950,950,950,201212210MEM,9.8,6.5,2nd quarter,10:37.0,Marc Gasol,MEM,False,2-pointer,14,25-17,'DAL',leads
952,952,952,201212210MEM,28.8,9.2,2nd quarter,9:16.0,Marc Gasol,MEM,False,2-pointer,6,27-17,'DAL',leads
975,975,975,201212210MEM,24.7,5.6,3rd quarter,10:31.0,Marc Gasol,MEM,True,2-pointer,1,47-43,'DAL',leads
1014,1014,1014,201212210MEM,23.0,27.2,4th quarter,0:41.9,Marc Gasol,MEM,True,2-pointer,22,90-82,'DAL',leads
549,549,549,201212220HOU,23.7,6.4,1st quarter,7:04.0,Marc Gasol,MEM,False,2-pointer,1,12-11,'HOU',leads
553,553,553,201212220HOU,13.9,14.1,1st quarter,4:49.0,Marc Gasol,MEM,False,2-pointer,14,16-19,'HOU',trails
574,574,574,201212220HOU,13.9,4.7,2nd quarter,6:04.0,Marc Gasol,MEM,False,2-pointer,10,41-44,'HOU',trails
576,576,576,201212220HOU,24.2,23.3,2nd quarter,4:51.0,Marc Gasol,MEM,True,2-pointer,18,43-48,'HOU',trails
577,577,577,201212220HOU,24.2,4.5,2nd quarter,4:31.0,Marc Gasol,MEM,True,2-pointer,1,45-48,'HOU',trails
578,578,578,201212220HOU,23.5,6.5,2nd quarter,3:36.0,Marc Gasol,MEM,True,2-pointer,2,47-52,'HOU',trails
597,597,597,201212220HOU,23.3,5.0,3rd quarter,2:45.0,Marc Gasol,MEM,True,2-pointer,1,72-83,'HOU',trails
611,611,611,201212260MEM,28.8,14.6,1st quarter,11:41.0,Marc Gasol,MEM,True,2-pointer,11,2-0,'MEM',leads
613,613,613,201212260MEM,16.7,11.9,1st quarter,10:51.0,Marc Gasol,MEM,True,2-pointer,10,4-2,'MEM',leads
615,615,615,201212260MEM,12.1,21.0,1st quarter,9:43.0,Marc Gasol,MEM,True,2-pointer,20,8-6,'MEM',leads
616,616,616,201212260MEM,19.4,6.7,1st quarter,9:19.0,Marc Gasol,MEM,True,2-pointer,5,10-6,'MEM',leads
618,618,618,201212260MEM,12.3,23.3,1st quarter,8:11.0,Marc Gasol,MEM,False,2-pointer,22,10-6,'MEM',leads
620,620,620,201212260MEM,17.3,13.6,1st quarter,6:55.0,Marc Gasol,MEM,True,2-pointer,11,14-10,'MEM',leads
630,630,630,201212260MEM,22.1,5.6,1st quarter,0:51.1,Marc Gasol,MEM,True,2-pointer,2,29-24,'MEM',leads
631,631,631,201212260MEM,35.3,22.8,1st quarter,0:23.8,Marc Gasol,MEM,False,2-pointer,21,29-26,'MEM',leads
655,655,655,201212260MEM,19.2,9.5,2nd quarter,0:57.9,Marc Gasol,MEM,False,2-pointer,7,47-49,'MEM',trails
672,672,672,201212260MEM,20.8,8.0,3rd quarter,2:51.0,Marc Gasol,MEM,True,2-pointer,4,66-70,'MEM',trails
677,677,677,201212260MEM,17.3,9.8,3rd quarter,0:45.5,Marc Gasol,MEM,True,2-pointer,8,68-72,'MEM',trails
688,688,688,201212260MEM,30.9,6.2,4th quarter,4:49.0,Marc Gasol,MEM,False,2-pointer,7,82-91,'MEM',trails
692,692,692,201212260MEM,25.3,4.7,4th quarter,4:04.0,Marc Gasol,MEM,True,2-pointer,1,84-91,'MEM',trails
693,693,693,201212260MEM,17.6,6.7,4th quarter,2:50.0,Marc Gasol,MEM,False,2-pointer,7,84-95,'MEM',trails
694,694,694,201212260MEM,19.9,16.3,4th quarter,2:45.0,Marc Gasol,MEM,False,2-pointer,12,84-95,'MEM',trails
1059,1059,1059,201212290MEM,18.9,7.0,1st quarter,6:00.0,Marc Gasol,MEM,False,2-pointer,5,12-11,'DEN',leads
1069,1069,1069,201212290MEM,16.9,6.2,1st quarter,0:54.9,Marc Gasol,MEM,False,2-pointer,7,19-15,'DEN',leads
1089,1089,1089,201212290MEM,33.1,28.3,2nd quarter,1:56.0,Marc Gasol,MEM,False,3-pointer,25,35-30,'DEN',leads
1094,1094,1094,201212290MEM,18.8,21.0,3rd quarter,11:25.0,Marc Gasol,MEM,False,2-pointer,17,37-39,'DEN',trails
1098,1098,1098,201212290MEM,25.3,8.1,3rd quarter,9:06.0,Marc Gasol,MEM,True,2-pointer,3,43-43,'DEN',tied
1100,1100,1100,201212290MEM,30.4,11.7,3rd quarter,7:43.0,Marc Gasol,MEM,True,2-pointer,9,45-43,'DEN',leads
1112,1112,1112,201212290MEM,33.2,11.6,3rd quarter,3:07.0,Marc Gasol,MEM,True,2-pointer,11,51-51,'DEN',tied
1114,1114,1114,201212290MEM,24.7,11.4,3rd quarter,2:02.0,Marc Gasol,MEM,False,2-pointer,6,53-51,'DEN',leads
1116,1116,1116,201212290MEM,12.4,18.1,3rd quarter,0:52.9,Marc Gasol,MEM,False,2-pointer,18,53-55,'DEN',trails
349,349,349,201212310IND,22.7,5.0,1st quarter,6:40.0,Marc Gasol,MEM,True,2-pointer,1,10-10,'IND',tied
350,350,350,201212310IND,19.7,22.6,1st quarter,5:19.0,Marc Gasol,MEM,False,2-pointer,18,10-13,'IND',trails
354,354,354,201212310IND,25.8,4.8,1st quarter,2:27.0,Marc Gasol,MEM,False,2-pointer,2,15-19,'IND',trails
356,356,356,201212310IND,21.7,5.3,1st quarter,2:01.0,Marc Gasol,MEM,True,2-pointer,2,18-19,'IND',trails
378,378,378,201212310IND,24.9,18.8,2nd quarter,1:17.0,Marc Gasol,MEM,True,2-pointer,14,39-34,'IND',leads
383,383,383,201212310IND,7.6,4.8,3rd quarter,9:51.0,Marc Gasol,MEM,True,2-pointer,16,46-46,'IND',tied
384,384,384,201212310IND,19.2,10.6,3rd quarter,9:14.0,Marc Gasol,MEM,True,2-pointer,7,48-47,'IND',leads
387,387,387,201212310IND,24.6,8.6,3rd quarter,7:09.0,Marc Gasol,MEM,True,2-pointer,4,57-47,'IND',leads
389,389,389,201212310IND,26.1,11.9,3rd quarter,6:10.0,Marc Gasol,MEM,False,2-pointer,7,59-49,'IND',leads
402,402,402,201212310IND,24.0,8.4,4th quarter,8:05.0,Marc Gasol,MEM,False,2-pointer,3,69-66,'IND',leads
3,3,3,201301020BOS,21.1,12.1,1st quarter,10:40.0,Marc Gasol,MEM,False,2-pointer,8,4-2,'BOS',leads
27,27,27,201301020BOS,25.2,11.4,2nd quarter,5:20.0,Marc Gasol,MEM,False,2-pointer,7,39-33,'BOS',leads
31,31,31,201301020BOS,22.1,12.4,2nd quarter,2:54.0,Marc Gasol,MEM,False,2-pointer,8,44-36,'BOS',leads
40,40,40,201301020BOS,33.5,13.5,3rd quarter,8:37.0,Marc Gasol,MEM,False,2-pointer,13,57-47,'BOS',leads
46,46,46,201301020BOS,13.1,19.6,3rd quarter,6:07.0,Marc Gasol,MEM,True,2-pointer,18,66-51,'BOS',leads
48,48,48,201301020BOS,17.3,10.3,3rd quarter,5:00.0,Marc Gasol,MEM,False,2-pointer,9,66-51,'BOS',leads
70,70,70,201301020BOS,21.4,10.5,4th quarter,1:57.0,Marc Gasol,MEM,False,2-pointer,6,86-78,'BOS',leads
737,737,737,201301040MEM,24.4,6.5,1st quarter,8:12.0,Marc Gasol,MEM,False,2-pointer,2,4-5,'POR',trails
741,741,741,201301040MEM,25.7,7.0,1st quarter,6:41.0,Marc Gasol,MEM,True,2-pointer,3,6-8,'POR',trails
747,747,747,201301040MEM,31.3,10.2,1st quarter,2:04.0,Marc Gasol,MEM,False,2-pointer,9,17-17,'POR',tied
749,749,749,201301040MEM,29.9,25.8,1st quarter,0:00.3,Marc Gasol,MEM,True,2-pointer,22,25-24,'POR',leads
764,764,764,201301040MEM,29.9,10.8,2nd quarter,4:15.0,Marc Gasol,MEM,True,2-pointer,8,44-38,'POR',leads
765,765,765,201301040MEM,13.7,16.6,2nd quarter,3:33.0,Marc Gasol,MEM,False,2-pointer,16,44-38,'POR',leads
774,774,774,201301040MEM,30.5,5.0,3rd quarter,9:22.0,Marc Gasol,MEM,False,2-pointer,7,54-55,'POR',trails
776,776,776,201301040MEM,24.7,7.8,3rd quarter,7:54.0,Marc Gasol,MEM,False,2-pointer,3,58-58,'POR',tied
777,777,777,201301040MEM,26.0,11.1,3rd quarter,7:36.0,Marc Gasol,MEM,False,2-pointer,6,58-58,'POR',tied
782,782,782,201301040MEM,26.4,5.4,3rd quarter,5:14.0,Marc Gasol,MEM,True,2-pointer,2,66-60,'POR',leads
800,800,800,201301040MEM,23.2,11.3,4th quarter,4:29.0,Marc Gasol,MEM,True,2-pointer,6,80-79,'POR',leads
515,515,515,201301060PHO,23.5,7.0,1st quarter,11:29.0,Marc Gasol,MEM,True,2-pointer,2,2-0,'PHO',leads
519,519,519,201301060PHO,24.2,24.5,1st quarter,8:58.0,Marc Gasol,MEM,True,2-pointer,20,6-0,'PHO',leads
520,520,520,201301060PHO,14.8,15.8,1st quarter,8:25.0,Marc Gasol,MEM,False,2-pointer,14,6-0,'PHO',leads
537,537,537,201301060PHO,24.1,6.2,2nd quarter,7:32.0,Marc Gasol,MEM,True,2-pointer,1,31-24,'PHO',leads
538,538,538,201301060PHO,24.1,24.7,2nd quarter,6:54.0,Marc Gasol,MEM,False,2-pointer,20,31-24,'PHO',leads
544,544,544,201301060PHO,24.7,7.5,2nd quarter,4:26.0,Marc Gasol,MEM,False,2-pointer,3,35-28,'PHO',leads
546,546,546,201301060PHO,24.6,6.7,2nd quarter,3:16.0,Marc Gasol,MEM,False,2-pointer,2,37-30,'PHO',leads
573,573,573,201301060PHO,22.9,5.4,4th quarter,8:21.0,Marc Gasol,MEM,True,2-pointer,1,73-65,'PHO',leads
578,578,578,201301060PHO,27.4,22.0,4th quarter,5:32.0,Marc Gasol,MEM,True,2-pointer,17,79-68,'PHO',leads
583,583,583,201301060PHO,46.6,13.5,4th quarter,1:36.0,Marc Gasol,MEM,False,3-pointer,24,88-74,'PHO',leads
656,656,656,201301070SAC,20.3,7.0,1st quarter,9:32.0,Marc Gasol,MEM,True,2-pointer,4,9-5,'SAC',leads
660,660,660,201301070SAC,11.2,19.0,1st quarter,7:03.0,Marc Gasol,MEM,False,2-pointer,19,12-11,'SAC',leads
689,689,689,201301070SAC,10.1,5.7,2nd quarter,1:46.0,Marc Gasol,MEM,True,2-pointer,14,47-40,'SAC',leads
694,694,694,201301070SAC,26.6,24.5,3rd quarter,9:57.0,Marc Gasol,MEM,True,2-pointer,20,55-49,'SAC',leads
865,865,865,201301090GSW,23.6,6.4,1st quarter,11:46.0,Marc Gasol,MEM,False,2-pointer,1,0-0,'GSW',tied
874,874,874,201301090GSW,26.8,20.6,1st quarter,6:26.0,Marc Gasol,MEM,False,2-pointer,16,8-10,'GSW',trails
879,879,879,201301090GSW,24.6,7.3,1st quarter,3:08.0,Marc Gasol,MEM,True,2-pointer,2,19-18,'GSW',leads
900,900,900,201301090GSW,25.5,10.2,2nd quarter,5:43.0,Marc Gasol,MEM,False,2-pointer,5,45-32,'GSW',leads
905,905,905,201301090GSW,27.4,10.6,2nd quarter,2:06.0,Marc Gasol,MEM,True,2-pointer,7,52-41,'GSW',leads
915,915,915,201301090GSW,12.4,13.3,3rd quarter,7:08.0,Marc Gasol,MEM,False,2-pointer,14,61-52,'GSW',leads
916,916,916,201301090GSW,23.0,5.6,3rd quarter,6:05.0,Marc Gasol,MEM,True,2-pointer,1,63-54,'GSW',leads
918,918,918,201301090GSW,24.6,12.2,3rd quarter,5:26.0,Marc Gasol,MEM,False,2-pointer,7,64-54,'GSW',leads
924,924,924,201301090GSW,38.3,15.1,3rd quarter,2:22.0,Marc Gasol,MEM,False,2-pointer,18,64-60,'GSW',leads
939,939,939,201301090GSW,23.5,11.6,4th quarter,7:12.0,Marc Gasol,MEM,False,2-pointer,7,74-74,'GSW',tied
944,944,944,201301090GSW,24.2,13.0,4th quarter,4:45.0,Marc Gasol,MEM,False,2-pointer,8,80-77,'GSW',leads
948,948,948,201301090GSW,23.6,5.6,4th quarter,3:11.0,Marc Gasol,MEM,True,2-pointer,1,84-82,'GSW',leads
1067,1067,1067,201301110MEM,14.2,9.2,1st quarter,11:11.0,Marc Gasol,MEM,False,2-pointer,11,0-0,'SAS',tied
1097,1097,1097,201301110MEM,24.0,5.3,2nd quarter,4:34.0,Marc Gasol,MEM,True,2-pointer,0,36-34,'SAS',leads
1100,1100,1100,201301110MEM,17.5,9.8,2nd quarter,3:03.0,Marc Gasol,MEM,True,2-pointer,8,40-39,'SAS',leads
1107,1107,1107,201301110MEM,19.2,23.9,3rd quarter,10:36.0,Marc Gasol,MEM,True,2-pointer,20,56-45,'SAS',leads
1109,1109,1109,201301110MEM,14.5,20.9,3rd quarter,9:43.0,Marc Gasol,MEM,False,2-pointer,19,56-45,'SAS',leads
1110,1110,1110,201301110MEM,17.5,9.5,3rd quarter,8:22.0,Marc Gasol,MEM,True,2-pointer,8,60-48,'SAS',leads
1116,1116,1116,201301110MEM,21.6,7.2,3rd quarter,5:58.0,Marc Gasol,MEM,False,2-pointer,3,62-56,'SAS',leads
1125,1125,1125,201301110MEM,24.6,7.6,4th quarter,11:42.0,Marc Gasol,MEM,False,2-pointer,3,68-71,'SAS',trails
1126,1126,1126,201301110MEM,24.6,5.6,4th quarter,11:42.0,Marc Gasol,MEM,False,2-pointer,1,68-71,'SAS',trails
1127,1127,1127,201301110MEM,23.6,17.1,4th quarter,11:06.0,Marc Gasol,MEM,False,2-pointer,12,68-71,'SAS',trails
1148,1148,1148,201301110MEM,21.4,5.9,1st overtime,2:41.0,Marc Gasol,MEM,False,2-pointer,3,97-98,'SAS',trails
167,167,167,201301120DAL,13.7,19.3,1st quarter,8:26.0,Marc Gasol,MEM,True,2-pointer,18,9-4,'DAL',leads
171,171,171,201301120DAL,26.6,24.8,1st quarter,6:43.0,Marc Gasol,MEM,False,2-pointer,20,9-6,'DAL',leads
187,187,187,201301120DAL,21.7,4.8,2nd quarter,9:46.0,Marc Gasol,MEM,False,2-pointer,2,18-28,'DAL',trails
188,188,188,201301120DAL,24.6,4.7,2nd quarter,9:25.0,Marc Gasol,MEM,True,2-pointer,1,20-30,'DAL',trails
207,207,207,201301120DAL,23.6,10.3,3rd quarter,11:07.0,Marc Gasol,MEM,True,2-pointer,5,41-54,'DAL',trails
208,208,208,201301120DAL,13.2,17.9,3rd quarter,10:44.0,Marc Gasol,MEM,False,2-pointer,17,41-57,'DAL',trails
209,209,209,201301120DAL,18.0,6.7,3rd quarter,10:15.0,Marc Gasol,MEM,False,2-pointer,6,41-59,'DAL',trails
213,213,213,201301120DAL,25.7,8.7,3rd quarter,7:17.0,Marc Gasol,MEM,False,2-pointer,4,47-67,'DAL',trails
561,561,561,201301140MEM,25.8,9.4,1st quarter,8:47.0,Marc Gasol,MEM,False,2-pointer,5,4-9,'MEM',trails
563,563,563,201301140MEM,15.3,9.7,1st quarter,7:51.0,Marc Gasol,MEM,True,2-pointer,10,9-9,'MEM',tied
564,564,564,201301140MEM,24.0,18.1,1st quarter,7:23.0,Marc Gasol,MEM,True,2-pointer,13,11-9,'MEM',leads
573,573,573,201301140MEM,35.4,13.3,1st quarter,2:16.0,Marc Gasol,MEM,False,2-pointer,14,17-17,'MEM',tied
575,575,575,201301140MEM,17.6,7.2,1st quarter,1:10.0,Marc Gasol,MEM,False,2-pointer,7,17-19,'MEM',trails
580,580,580,201301140MEM,23.6,7.2,2nd quarter,8:40.0,Marc Gasol,MEM,False,2-pointer,2,19-34,'MEM',trails
588,588,588,201301140MEM,12.3,14.4,2nd quarter,5:37.0,Marc Gasol,MEM,False,2-pointer,15,30-38,'MEM',trails
590,590,590,201301140MEM,25.8,6.1,2nd quarter,4:09.0,Marc Gasol,MEM,True,2-pointer,2,32-42,'MEM',trails
591,591,591,201301140MEM,26.1,5.0,2nd quarter,2:57.0,Marc Gasol,MEM,False,2-pointer,2,32-45,'MEM',trails
593,593,593,201301140MEM,23.5,5.9,2nd quarter,2:52.0,Marc Gasol,MEM,False,2-pointer,1,32-45,'MEM',trails
596,596,596,201301140MEM,22.7,5.9,2nd quarter,2:03.0,Marc Gasol,MEM,True,2-pointer,2,34-48,'MEM',trails
597,597,597,201301140MEM,24.0,7.5,2nd quarter,1:15.0,Marc Gasol,MEM,False,2-pointer,3,34-50,'MEM',trails
608,608,608,201301140MEM,22.4,5.1,3rd quarter,6:13.0,Marc Gasol,MEM,False,2-pointer,2,40-61,'MEM',trails
1313,1313,1313,201301160SAS,26.4,5.1,1st quarter,7:47.0,Marc Gasol,MEM,True,2-pointer,2,8-11,'SAS',trails
1328,1328,1328,201301160SAS,22.5,10.6,2nd quarter,11:24.0,Marc Gasol,MEM,False,2-pointer,6,25-21,'SAS',leads
1330,1330,1330,201301160SAS,11.8,20.7,2nd quarter,10:20.0,Marc Gasol,MEM,True,2-pointer,20,29-23,'SAS',leads
1352,1352,1352,201301160SAS,22.4,7.2,3rd quarter,7:49.0,Marc Gasol,MEM,False,2-pointer,3,58-67,'SAS',trails
1354,1354,1354,201301160SAS,22.4,5.9,3rd quarter,6:58.0,Marc Gasol,MEM,True,2-pointer,2,62-69,'SAS',trails
1355,1355,1355,201301160SAS,31.0,21.4,3rd quarter,6:00.0,Marc Gasol,MEM,True,2-pointer,18,64-71,'SAS',trails
922,922,922,201301180MEM,25.3,5.1,1st quarter,9:54.0,Marc Gasol,MEM,True,2-pointer,1,4-4,'SAC',tied
932,932,932,201301180MEM,24.4,10.6,1st quarter,4:31.0,Marc Gasol,MEM,False,2-pointer,6,16-11,'SAC',leads
934,934,934,201301180MEM,23.3,5.0,1st quarter,4:24.0,Marc Gasol,MEM,False,2-pointer,1,16-11,'SAC',leads
936,936,936,201301180MEM,17.5,9.2,1st quarter,3:04.0,Marc Gasol,MEM,False,2-pointer,8,18-11,'SAC',leads
938,938,938,201301180MEM,22.7,6.4,1st quarter,1:23.0,Marc Gasol,MEM,False,2-pointer,2,18-11,'SAC',leads
943,943,943,201301180MEM,23.6,6.1,2nd quarter,10:48.0,Marc Gasol,MEM,True,2-pointer,1,20-14,'SAC',leads
955,955,955,201301180MEM,13.4,8.7,2nd quarter,5:08.0,Marc Gasol,MEM,False,2-pointer,11,34-23,'SAC',leads
964,964,964,201301180MEM,27.7,21.0,3rd quarter,10:18.0,Marc Gasol,MEM,True,2-pointer,16,46-30,'SAC',leads
966,966,966,201301180MEM,19.1,8.7,3rd quarter,9:09.0,Marc Gasol,MEM,False,2-pointer,6,46-32,'SAC',leads
969,969,969,201301180MEM,23.5,5.4,3rd quarter,7:56.0,Marc Gasol,MEM,True,2-pointer,1,50-34,'SAC',leads
970,970,970,201301180MEM,24.9,27.0,3rd quarter,7:02.0,Marc Gasol,MEM,True,2-pointer,22,52-34,'SAC',leads
976,976,976,201301180MEM,24.0,10.6,3rd quarter,2:04.0,Marc Gasol,MEM,False,2-pointer,6,59-45,'SAC',leads
978,978,978,201301180MEM,24.9,6.7,3rd quarter,0:23.9,Marc Gasol,MEM,False,2-pointer,2,60-47,'SAC',leads
981,981,981,201301180MEM,24.2,5.3,4th quarter,11:21.0,Marc Gasol,MEM,True,2-pointer,0,62-47,'SAC',leads
330,330,330,201301190CHI,24.6,11.9,1st quarter,6:41.0,Marc Gasol,MEM,True,2-pointer,7,11-10,'CHI',leads
331,331,331,201301190CHI,18.9,20.6,1st quarter,6:04.0,Marc Gasol,MEM,False,2-pointer,16,11-12,'CHI',trails
334,334,334,201301190CHI,35.4,5.9,1st quarter,4:49.0,Marc Gasol,MEM,False,2-pointer,11,13-14,'CHI',trails
355,355,355,201301190CHI,24.0,6.5,2nd quarter,2:38.0,Marc Gasol,MEM,True,2-pointer,2,37-30,'CHI',leads
356,356,356,201301190CHI,9.6,9.5,2nd quarter,1:18.0,Marc Gasol,MEM,True,2-pointer,15,40-32,'CHI',leads
367,367,367,201301190CHI,17.5,17.7,3rd quarter,6:56.0,Marc Gasol,MEM,True,2-pointer,14,50-36,'CHI',leads
371,371,371,201301190CHI,8.5,5.4,3rd quarter,5:18.0,Marc Gasol,MEM,False,2-pointer,16,52-36,'CHI',leads
394,394,394,201301190CHI,24.9,15.1,4th quarter,0:34.1,Marc Gasol,MEM,True,2-pointer,10,76-75,'CHI',leads
399,399,399,201301190CHI,27.1,5.7,1st overtime,3:53.0,Marc Gasol,MEM,True,2-pointer,3,80-76,'CHI',leads
400,400,400,201301190CHI,25.3,23.7,1st overtime,2:58.0,Marc Gasol,MEM,True,2-pointer,19,82-76,'CHI',leads
700,700,700,201301210MEM,21.7,14.3,1st quarter,11:40.0,Marc Gasol,MEM,True,2-pointer,10,2-0,'IND',leads
710,710,710,201301210MEM,31.2,9.7,1st quarter,7:57.0,Marc Gasol,MEM,False,2-pointer,9,6-6,'IND',tied
740,740,740,201301210MEM,18.8,21.4,2nd quarter,1:30.0,Marc Gasol,MEM,False,2-pointer,17,39-43,'IND',trails
744,744,744,201301210MEM,17.6,10.6,3rd quarter,9:51.0,Marc Gasol,MEM,True,2-pointer,9,41-48,'IND',trails
723,723,723,201301230MEM,29.0,26.6,1st quarter,7:26.0,Marc Gasol,MEM,False,2-pointer,22,3-8,'LAL',trails
753,753,753,201301230MEM,25.0,6.1,2nd quarter,6:51.0,Marc Gasol,MEM,True,2-pointer,1,39-33,'LAL',leads
760,760,760,201301230MEM,13.9,22.2,2nd quarter,2:55.0,Marc Gasol,MEM,False,2-pointer,20,52-43,'LAL',leads
779,779,779,201301230MEM,9.1,16.8,3rd quarter,4:57.0,Marc Gasol,MEM,True,2-pointer,19,73-63,'LAL',leads
787,787,787,201301230MEM,23.8,5.4,3rd quarter,0:44.2,Marc Gasol,MEM,True,2-pointer,0,83-70,'LAL',leads
792,792,792,201301230MEM,22.1,5.7,4th quarter,10:43.0,Marc Gasol,MEM,False,2-pointer,2,85-74,'LAL',leads
795,795,795,201301230MEM,24.4,9.5,4th quarter,9:30.0,Marc Gasol,MEM,True,2-pointer,5,89-74,'LAL',leads
937,937,937,201301250MEM,26.6,11.1,1st quarter,11:41.0,Marc Gasol,MEM,False,2-pointer,7,0-0,'MEM',tied
939,939,939,201301250MEM,24.7,15.5,1st quarter,10:23.0,Marc Gasol,MEM,True,2-pointer,11,2-2,'MEM',tied
941,941,941,201301250MEM,32.8,9.5,1st quarter,9:09.0,Marc Gasol,MEM,True,2-pointer,10,6-3,'MEM',leads
943,943,943,201301250MEM,24.4,6.5,1st quarter,8:32.0,Marc Gasol,MEM,False,2-pointer,2,6-5,'MEM',leads
944,944,944,201301250MEM,26.6,5.4,1st quarter,8:30.0,Marc Gasol,MEM,True,2-pointer,3,8-5,'MEM',leads
946,946,946,201301250MEM,25.0,15.5,1st quarter,8:05.0,Marc Gasol,MEM,True,2-pointer,11,10-5,'MEM',leads
947,947,947,201301250MEM,27.7,26.4,1st quarter,7:26.0,Marc Gasol,MEM,False,2-pointer,22,10-5,'MEM',leads
957,957,957,201301250MEM,24.1,14.9,1st quarter,2:50.0,Marc Gasol,MEM,True,2-pointer,10,23-13,'MEM',leads
961,961,961,201301250MEM,24.0,5.6,1st quarter,1:23.0,Marc Gasol,MEM,True,2-pointer,1,29-15,'MEM',leads
973,973,973,201301250MEM,16.1,22.0,2nd quarter,7:35.0,Marc Gasol,MEM,False,2-pointer,19,42-31,'MEM',leads
975,975,975,201301250MEM,24.6,11.4,2nd quarter,6:27.0,Marc Gasol,MEM,True,2-pointer,6,47-33,'MEM',leads
977,977,977,201301250MEM,28.3,7.6,2nd quarter,5:17.0,Marc Gasol,MEM,True,2-pointer,5,51-33,'MEM',leads
983,983,983,201301250MEM,35.8,11.7,2nd quarter,2:58.0,Marc Gasol,MEM,True,2-pointer,14,59-37,'MEM',leads
984,984,984,201301250MEM,24.1,4.8,2nd quarter,2:38.0,Marc Gasol,MEM,True,2-pointer,0,61-38,'MEM',leads
989,989,989,201301250MEM,10.9,20.9,2nd quarter,0:01.9,Marc Gasol,MEM,False,2-pointer,21,67-44,'MEM',leads
726,726,726,201301270MEM,24.2,25.0,1st quarter,11:27.0,Marc Gasol,MEM,True,2-pointer,20,2-0,'NOH',leads
728,728,728,201301270MEM,24.1,21.7,1st quarter,10:22.0,Marc Gasol,MEM,True,2-pointer,17,4-2,'NOH',leads
731,731,731,201301270MEM,27.4,13.6,1st quarter,9:09.0,Marc Gasol,MEM,False,2-pointer,9,4-2,'NOH',leads
734,734,734,201301270MEM,29.4,5.9,1st quarter,7:54.0,Marc Gasol,MEM,False,2-pointer,5,4-6,'NOH',trails
738,738,738,201301270MEM,23.2,9.7,1st quarter,6:17.0,Marc Gasol,MEM,False,2-pointer,5,6-8,'NOH',trails
739,739,739,201301270MEM,14.0,7.8,1st quarter,5:49.0,Marc Gasol,MEM,False,2-pointer,10,6-8,'NOH',trails
744,744,744,201301270MEM,24.0,6.2,1st quarter,2:58.0,Marc Gasol,MEM,False,2-pointer,1,13-15,'NOH',trails
745,745,745,201301270MEM,25.7,5.3,1st quarter,2:18.0,Marc Gasol,MEM,True,2-pointer,2,17-18,'NOH',trails
771,771,771,201301270MEM,12.0,11.4,3rd quarter,10:06.0,Marc Gasol,MEM,False,2-pointer,14,47-45,'NOH',leads
775,775,775,201301270MEM,19.9,15.5,3rd quarter,8:24.0,Marc Gasol,MEM,False,2-pointer,11,47-49,'NOH',trails
780,780,780,201301270MEM,23.2,6.5,3rd quarter,6:15.0,Marc Gasol,MEM,False,2-pointer,2,51-53,'NOH',trails
784,784,784,201301270MEM,24.6,24.5,3rd quarter,5:09.0,Marc Gasol,MEM,True,2-pointer,20,57-55,'NOH',leads
802,802,802,201301270MEM,15.3,9.4,4th quarter,5:09.0,Marc Gasol,MEM,False,2-pointer,10,74-77,'NOH',trails
807,807,807,201301270MEM,10.7,5.9,4th quarter,1:59.0,Marc Gasol,MEM,True,2-pointer,13,78-86,'NOH',trails
476,476,476,201301280PHI,9.4,5.0,1st quarter,9:52.0,Marc Gasol,MEM,False,2-pointer,15,5-6,'MEM',trails
477,477,477,201301280PHI,7.9,8.0,1st quarter,9:17.0,Marc Gasol,MEM,False,2-pointer,16,5-8,'MEM',trails
497,497,497,201301280PHI,24.7,10.5,2nd quarter,6:34.0,Marc Gasol,MEM,True,2-pointer,6,36-44,'MEM',trails
498,498,498,201301280PHI,9.8,11.0,2nd quarter,5:58.0,Marc Gasol,MEM,True,2-pointer,15,38-46,'MEM',trails
502,502,502,201301280PHI,24.7,6.9,2nd quarter,3:50.0,Marc Gasol,MEM,False,2-pointer,2,43-48,'MEM',trails
504,504,504,201301280PHI,16.5,8.4,2nd quarter,3:11.0,Marc Gasol,MEM,True,2-pointer,8,47-48,'MEM',trails
506,506,506,201301280PHI,11.2,4.7,2nd quarter,1:08.0,Marc Gasol,MEM,True,2-pointer,13,53-52,'MEM',leads
510,510,510,201301280PHI,32.1,17.3,3rd quarter,9:57.0,Marc Gasol,MEM,True,2-pointer,15,62-56,'MEM',leads
515,515,515,201301280PHI,24.9,6.2,3rd quarter,5:50.0,Marc Gasol,MEM,False,2-pointer,2,65-67,'MEM',trails
517,517,517,201301280PHI,25.0,20.6,3rd quarter,4:26.0,Marc Gasol,MEM,True,2-pointer,16,67-71,'MEM',trails
525,525,525,201301280PHI,13.9,17.1,3rd quarter,0:56.9,Marc Gasol,MEM,True,2-pointer,16,79-77,'MEM',leads
533,533,533,201301280PHI,12.8,19.2,4th quarter,9:29.0,Marc Gasol,MEM,True,2-pointer,18,90-85,'MEM',leads
535,535,535,201301280PHI,25.3,30.2,4th quarter,7:43.0,Marc Gasol,MEM,True,3-pointer,25,93-90,'MEM',leads
540,540,540,201301280PHI,23.8,17.9,4th quarter,3:30.0,Marc Gasol,MEM,True,2-pointer,13,97-98,'MEM',trails
541,541,541,201301280PHI,24.6,17.4,4th quarter,1:33.0,Marc Gasol,MEM,False,2-pointer,12,97-100,'MEM',trails
174,174,174,201301310OKC,24.6,6.7,1st quarter,7:38.0,Marc Gasol,MEM,False,2-pointer,2,8-14,'OKC',trails
177,177,177,201301310OKC,23.0,14.6,1st quarter,6:32.0,Marc Gasol,MEM,True,2-pointer,10,12-16,'OKC',trails
180,180,180,201301310OKC,19.4,5.0,1st quarter,5:19.0,Marc Gasol,MEM,False,2-pointer,5,12-18,'OKC',trails
184,184,184,201301310OKC,18.0,7.5,1st quarter,0:52.9,Marc Gasol,MEM,False,2-pointer,7,20-29,'OKC',trails
202,202,202,201301310OKC,15.8,16.2,2nd quarter,5:22.0,Marc Gasol,MEM,True,2-pointer,14,26-43,'OKC',trails
204,204,204,201301310OKC,9.4,9.5,2nd quarter,4:35.0,Marc Gasol,MEM,False,2-pointer,15,26-45,'OKC',trails
219,219,219,201301310OKC,15.8,20.1,3rd quarter,9:09.0,Marc Gasol,MEM,False,2-pointer,17,40-65,'OKC',trails
220,220,220,201301310OKC,17.8,20.3,3rd quarter,8:40.0,Marc Gasol,MEM,True,2-pointer,17,42-65,'OKC',trails
221,221,221,201301310OKC,17.3,8.6,3rd quarter,8:16.0,Marc Gasol,MEM,False,2-pointer,8,42-65,'OKC',trails
237,237,237,201301310OKC,23.0,4.4,3rd quarter,0:33.9,Marc Gasol,MEM,True,2-pointer,1,67-77,'OKC',trails
239,239,239,201301310OKC,24.7,8.6,4th quarter,11:45.0,Marc Gasol,MEM,False,2-pointer,4,67-79,'OKC',trails
246,246,246,201301310OKC,14.3,4.8,4th quarter,9:02.0,Marc Gasol,MEM,True,2-pointer,10,71-86,'OKC',trails
247,247,247,201301310OKC,16.5,21.0,4th quarter,8:22.0,Marc Gasol,MEM,False,2-pointer,18,71-86,'OKC',trails
249,249,249,201301310OKC,18.4,13.0,4th quarter,6:09.0,Marc Gasol,MEM,True,2-pointer,10,77-89,'OKC',trails
878,878,878,201302010MEM,24.2,8.0,1st quarter,11:45.0,Marc Gasol,MEM,False,2-pointer,3,0-0,'MEM',tied
886,886,886,201302010MEM,12.1,8.6,1st quarter,7:58.0,Marc Gasol,MEM,True,2-pointer,12,6-6,'MEM',tied
897,897,897,201302010MEM,23.8,8.4,1st quarter,2:03.0,Marc Gasol,MEM,False,2-pointer,3,19-23,'MEM',trails
899,899,899,201302010MEM,31.3,18.4,1st quarter,1:42.0,Marc Gasol,MEM,True,2-pointer,15,21-23,'MEM',trails
901,901,901,201302010MEM,24.9,29.6,1st quarter,0:00.1,Marc Gasol,MEM,False,3-pointer,25,23-30,'MEM',trails
918,918,918,201302010MEM,25.1,5.3,2nd quarter,0:32.9,Marc Gasol,MEM,False,2-pointer,1,37-40,'MEM',trails
920,920,920,201302010MEM,23.3,5.1,2nd quarter,0:30.6,Marc Gasol,MEM,True,2-pointer,1,39-40,'MEM',trails
922,922,922,201302010MEM,26.8,22.2,3rd quarter,11:02.0,Marc Gasol,MEM,False,2-pointer,17,39-42,'MEM',trails
925,925,925,201302010MEM,29.9,8.6,3rd quarter,9:55.0,Marc Gasol,MEM,False,2-pointer,7,41-44,'MEM',trails
927,927,927,201302010MEM,26.0,4.8,3rd quarter,9:31.0,Marc Gasol,MEM,True,2-pointer,2,43-44,'MEM',trails
928,928,928,201302010MEM,26.9,23.9,3rd quarter,7:31.0,Marc Gasol,MEM,False,2-pointer,19,44-48,'MEM',trails
936,936,936,201302010MEM,23.3,11.7,3rd quarter,2:36.0,Marc Gasol,MEM,False,2-pointer,7,57-54,'MEM',leads
951,951,951,201302010MEM,17.5,5.0,4th quarter,3:31.0,Marc Gasol,MEM,True,2-pointer,7,78-72,'MEM',leads
767,767,767,201302050MEM,26.0,14.3,1st quarter,9:19.0,Marc Gasol,MEM,False,2-pointer,10,4-6,'PHO',trails
772,772,772,201302050MEM,25.8,6.7,1st quarter,6:02.0,Marc Gasol,MEM,False,2-pointer,2,10-14,'PHO',trails
781,781,781,201302050MEM,26.0,6.1,1st quarter,1:15.0,Marc Gasol,MEM,True,2-pointer,2,27-25,'PHO',leads
784,784,784,201302050MEM,30.7,13.8,2nd quarter,9:54.0,Marc Gasol,MEM,False,2-pointer,11,27-34,'PHO',trails
788,788,788,201302050MEM,27.7,12.1,2nd quarter,7:52.0,Marc Gasol,MEM,False,2-pointer,8,32-39,'PHO',trails
808,808,808,201302050MEM,29.6,12.5,3rd quarter,10:38.0,Marc Gasol,MEM,True,2-pointer,9,54-50,'PHO',leads
831,831,831,201302050MEM,26.9,12.2,4th quarter,10:48.0,Marc Gasol,MEM,False,2-pointer,8,71-67,'PHO',leads
835,835,835,201302050MEM,13.1,11.3,4th quarter,7:45.0,Marc Gasol,MEM,False,2-pointer,13,77-72,'PHO',leads
0,0,0,201302060ATL,33.5,14.6,1st quarter,11:37.0,Marc Gasol,MEM,False,2-pointer,14,0-0,'MEM',tied
2,2,2,201302060ATL,26.3,13.5,1st quarter,10:12.0,Marc Gasol,MEM,False,2-pointer,9,2-4,'MEM',trails
4,4,4,201302060ATL,25.2,13.8,1st quarter,9:12.0,Marc Gasol,MEM,False,2-pointer,9,5-4,'MEM',leads
12,12,12,201302060ATL,25.2,5.6,1st quarter,5:05.0,Marc Gasol,MEM,True,2-pointer,1,12-12,'MEM',tied
15,15,15,201302060ATL,23.2,5.4,1st quarter,3:10.0,Marc Gasol,MEM,True,2-pointer,1,18-19,'MEM',trails
20,20,20,201302060ATL,25.5,5.7,1st quarter,0:26.8,Marc Gasol,MEM,False,2-pointer,2,22-26,'MEM',trails
21,21,21,201302060ATL,24.4,6.2,1st quarter,0:24.9,Marc Gasol,MEM,False,2-pointer,1,22-26,'MEM',trails
22,22,22,201302060ATL,24.7,5.6,1st quarter,0:22.9,Marc Gasol,MEM,False,2-pointer,1,22-26,'MEM',trails
29,29,29,201302060ATL,24.0,5.1,2nd quarter,9:36.0,Marc Gasol,MEM,True,2-pointer,0,28-32,'MEM',trails
46,46,46,201302060ATL,15.3,22.2,3rd quarter,10:54.0,Marc Gasol,MEM,False,2-pointer,19,48-60,'MEM',trails
47,47,47,201302060ATL,25.7,8.6,3rd quarter,9:36.0,Marc Gasol,MEM,False,2-pointer,4,48-63,'MEM',trails
48,48,48,201302060ATL,24.1,5.1,3rd quarter,9:35.0,Marc Gasol,MEM,False,2-pointer,0,48-63,'MEM',trails
76,76,76,201302060ATL,36.4,21.2,4th quarter,5:32.0,Marc Gasol,MEM,True,2-pointer,20,78-92,'MEM',trails
1089,1089,1089,201302080MEM,17.3,5.0,1st quarter,5:54.0,Marc Gasol,MEM,True,2-pointer,7,16-8,'MEM',leads
1091,1091,1091,201302080MEM,14.8,15.4,1st quarter,4:35.0,Marc Gasol,MEM,False,2-pointer,14,16-10,'MEM',leads
1111,1111,1111,201302080MEM,23.3,5.0,2nd quarter,3:34.0,Marc Gasol,MEM,True,2-pointer,1,54-43,'MEM',leads
1116,1116,1116,201302080MEM,17.5,4.7,2nd quarter,0:59.8,Marc Gasol,MEM,True,2-pointer,7,58-49,'MEM',leads
1119,1119,1119,201302080MEM,24.7,4.8,2nd quarter,0:08.8,Marc Gasol,MEM,True,2-pointer,1,63-54,'MEM',leads
1123,1123,1123,201302080MEM,25.2,16.3,3rd quarter,9:51.0,Marc Gasol,MEM,True,2-pointer,11,65-62,'MEM',leads
1131,1131,1131,201302080MEM,17.6,7.5,3rd quarter,2:42.0,Marc Gasol,MEM,False,2-pointer,7,73-73,'MEM',tied
1133,1133,1133,201302080MEM,25.0,23.9,3rd quarter,1:31.0,Marc Gasol,MEM,True,2-pointer,19,75-73,'MEM',leads
1134,1134,1134,201302080MEM,27.7,10.3,3rd quarter,0:43.9,Marc Gasol,MEM,False,2-pointer,6,75-76,'MEM',trails
1145,1145,1145,201302080MEM,18.0,17.6,4th quarter,6:51.0,Marc Gasol,MEM,False,2-pointer,14,85-86,'MEM',trails
1149,1149,1149,201302080MEM,24.7,9.1,4th quarter,4:40.0,Marc Gasol,MEM,True,2-pointer,4,90-86,'MEM',leads
1150,1150,1150,201302080MEM,14.0,13.2,4th quarter,3:51.0,Marc Gasol,MEM,False,2-pointer,13,90-86,'MEM',leads
1152,1152,1152,201302080MEM,24.0,19.3,4th quarter,3:04.0,Marc Gasol,MEM,True,2-pointer,14,94-88,'MEM',leads
1155,1155,1155,201302080MEM,27.7,24.7,4th quarter,0:33.5,Marc Gasol,MEM,True,2-pointer,20,98-90,'MEM',leads
436,436,436,201302100MEM,28.7,12.2,1st quarter,11:07.0,Marc Gasol,MEM,False,2-pointer,9,2-0,'MEM',leads
444,444,444,201302100MEM,17.3,11.7,1st quarter,5:51.0,Marc Gasol,MEM,False,2-pointer,9,7-11,'MEM',trails
451,451,451,201302100MEM,27.4,20.1,1st quarter,2:34.0,Marc Gasol,MEM,False,2-pointer,15,15-17,'MEM',trails
453,453,453,201302100MEM,14.0,5.4,1st quarter,1:29.0,Marc Gasol,MEM,False,2-pointer,10,19-18,'MEM',leads
483,483,483,201302100MEM,24.0,5.9,3rd quarter,8:43.0,Marc Gasol,MEM,False,2-pointer,1,58-41,'MEM',leads
492,492,492,201302100MEM,24.2,20.6,3rd quarter,0:43.3,Marc Gasol,MEM,True,2-pointer,16,74-56,'MEM',leads
512,512,512,201302100MEM,29.4,14.1,4th quarter,1:14.0,Marc Gasol,MEM,True,2-pointer,11,101-83,'MEM',leads
446,446,446,201302120MEM,24.2,22.6,2nd quarter,11:36.0,Marc Gasol,MEM,False,2-pointer,18,26-25,'SAC',leads
453,453,453,201302120MEM,25.0,9.2,2nd quarter,7:32.0,Marc Gasol,MEM,True,2-pointer,4,34-36,'SAC',trails
457,457,457,201302120MEM,20.6,24.5,2nd quarter,4:38.0,Marc Gasol,MEM,True,2-pointer,20,44-41,'SAC',leads
458,458,458,201302120MEM,23.0,5.0,2nd quarter,2:57.0,Marc Gasol,MEM,True,2-pointer,1,48-43,'SAC',leads
461,461,461,201302120MEM,14.5,22.0,2nd quarter,1:13.0,Marc Gasol,MEM,True,2-pointer,19,52-47,'SAC',leads
465,465,465,201302120MEM,33.9,15.5,3rd quarter,11:03.0,Marc Gasol,MEM,True,2-pointer,14,60-55,'SAC',leads
471,471,471,201302120MEM,37.3,10.2,3rd quarter,7:46.0,Marc Gasol,MEM,False,2-pointer,14,66-59,'SAC',leads
474,474,474,201302120MEM,18.1,4.5,3rd quarter,5:55.0,Marc Gasol,MEM,False,2-pointer,6,68-65,'SAC',leads
475,475,475,201302120MEM,30.5,4.7,3rd quarter,5:31.0,Marc Gasol,MEM,False,2-pointer,7,68-67,'SAC',leads
489,489,489,201302120MEM,12.6,6.9,4th quarter,8:05.0,Marc Gasol,MEM,True,2-pointer,12,92-80,'SAC',leads
494,494,494,201302120MEM,20.8,17.3,4th quarter,5:14.0,Marc Gasol,MEM,True,2-pointer,13,96-87,'SAC',leads
496,496,496,201302120MEM,33.4,7.0,4th quarter,3:34.0,Marc Gasol,MEM,True,2-pointer,10,103-93,'SAC',leads
499,499,499,201302120MEM,21.6,25.5,4th quarter,1:12.0,Marc Gasol,MEM,False,2-pointer,21,105-96,'SAC',leads
342,342,342,201302190DET,15.8,17.9,1st quarter,11:28.0,Marc Gasol,MEM,False,2-pointer,15,0-2,'DET',trails
345,345,345,201302190DET,24.2,5.0,1st quarter,9:36.0,Marc Gasol,MEM,True,2-pointer,0,2-7,'DET',trails
349,349,349,201302190DET,9.0,8.1,1st quarter,7:25.0,Marc Gasol,MEM,False,2-pointer,15,6-11,'DET',trails
376,376,376,201302190DET,24.6,9.1,2nd quarter,4:37.0,Marc Gasol,MEM,True,2-pointer,4,41-39,'DET',leads
377,377,377,201302190DET,20.5,7.0,2nd quarter,3:54.0,Marc Gasol,MEM,False,2-pointer,4,41-42,'DET',trails
388,388,388,201302190DET,39.1,14.9,3rd quarter,9:57.0,Marc Gasol,MEM,False,2-pointer,18,57-45,'DET',leads
390,390,390,201302190DET,14.3,6.2,3rd quarter,9:15.0,Marc Gasol,MEM,False,2-pointer,10,59-47,'DET',leads
1637,1637,1637,201302200TOR,33.2,8.0,1st quarter,10:02.0,Marc Gasol,MEM,False,2-pointer,10,0-0,'TOR',tied
1640,1640,1640,201302200TOR,18.0,5.0,1st quarter,8:37.0,Marc Gasol,MEM,False,2-pointer,6,0-2,'TOR',trails
1661,1661,1661,201302200TOR,25.5,11.1,2nd quarter,7:32.0,Marc Gasol,MEM,True,2-pointer,6,30-20,'TOR',leads
1662,1662,1662,201302200TOR,10.6,17.7,2nd quarter,6:26.0,Marc Gasol,MEM,False,2-pointer,18,32-20,'TOR',leads
1663,1663,1663,201302200TOR,26.0,8.9,2nd quarter,6:06.0,Marc Gasol,MEM,False,2-pointer,4,32-20,'TOR',leads
1667,1667,1667,201302200TOR,27.9,13.6,2nd quarter,3:37.0,Marc Gasol,MEM,False,2-pointer,9,35-23,'TOR',leads
1679,1679,1679,201302200TOR,11.3,7.8,3rd quarter,8:29.0,Marc Gasol,MEM,True,2-pointer,13,49-38,'TOR',leads
1684,1684,1684,201302200TOR,24.4,19.0,3rd quarter,4:30.0,Marc Gasol,MEM,False,2-pointer,14,55-46,'TOR',leads
1686,1686,1686,201302200TOR,32.1,8.6,3rd quarter,3:46.0,Marc Gasol,MEM,False,2-pointer,9,56-48,'TOR',leads
1691,1691,1691,201302200TOR,7.1,12.1,3rd quarter,1:26.0,Marc Gasol,MEM,False,2-pointer,18,61-55,'TOR',leads
1709,1709,1709,201302200TOR,22.9,6.9,4th quarter,4:24.0,Marc Gasol,MEM,False,2-pointer,2,77-75,'TOR',leads
1710,1710,1710,201302200TOR,19.1,5.7,4th quarter,3:45.0,Marc Gasol,MEM,False,2-pointer,5,77-77,'TOR',tied
1111,1111,1111,201302220MEM,19.9,10.5,1st quarter,9:53.0,Marc Gasol,MEM,True,2-pointer,7,2-4,'ORL',trails
1113,1113,1113,201302220MEM,33.4,10.0,1st quarter,8:04.0,Marc Gasol,MEM,True,2-pointer,11,4-7,'ORL',trails
1117,1117,1117,201302220MEM,30.1,10.3,1st quarter,5:46.0,Marc Gasol,MEM,False,2-pointer,8,11-9,'ORL',leads
1121,1121,1121,201302220MEM,29.1,15.5,1st quarter,4:33.0,Marc Gasol,MEM,True,2-pointer,12,13-12,'ORL',leads
1123,1123,1123,201302220MEM,29.1,15.7,1st quarter,2:41.0,Marc Gasol,MEM,False,2-pointer,12,15-14,'ORL',leads
1126,1126,1126,201302220MEM,24.0,5.6,1st quarter,0:26.8,Marc Gasol,MEM,True,2-pointer,1,22-21,'ORL',leads
1143,1143,1143,201302220MEM,29.0,17.6,2nd quarter,2:48.0,Marc Gasol,MEM,True,2-pointer,14,37-38,'ORL',trails
1149,1149,1149,201302220MEM,16.7,6.7,2nd quarter,1:02.0,Marc Gasol,MEM,False,2-pointer,8,39-38,'ORL',leads
1159,1159,1159,201302220MEM,9.3,5.0,3rd quarter,6:26.0,Marc Gasol,MEM,True,2-pointer,15,53-41,'ORL',leads
1166,1166,1166,201302220MEM,25.5,5.7,3rd quarter,1:10.0,Marc Gasol,MEM,True,2-pointer,2,62-51,'ORL',leads
1182,1182,1182,201302220MEM,35.6,20.7,4th quarter,2:10.0,Marc Gasol,MEM,True,2-pointer,20,80-71,'ORL',leads
0,0,0,201302240BRK,38.4,15.5,1st quarter,11:20.0,Marc Gasol,MEM,True,2-pointer,18,2-0,'MEM',leads
1,1,1,201302240BRK,25.5,25.0,1st quarter,10:49.0,Marc Gasol,MEM,True,2-pointer,20,4-0,'MEM',leads
3,3,3,201302240BRK,11.8,9.4,1st quarter,9:01.0,Marc Gasol,MEM,True,2-pointer,13,8-2,'MEM',leads
13,13,13,201302240BRK,7.9,4.4,1st quarter,3:05.0,Marc Gasol,MEM,False,2-pointer,16,16-11,'MEM',leads
30,30,30,201302240BRK,38.9,9.5,2nd quarter,5:44.0,Marc Gasol,MEM,False,2-pointer,16,29-28,'MEM',leads
31,31,31,201302240BRK,24.0,5.9,2nd quarter,5:05.0,Marc Gasol,MEM,True,2-pointer,1,31-30,'MEM',leads
34,34,34,201302240BRK,26.4,20.9,2nd quarter,2:56.0,Marc Gasol,MEM,True,2-pointer,16,37-32,'MEM',leads
45,45,45,201302240BRK,24.0,12.2,3rd quarter,8:02.0,Marc Gasol,MEM,True,2-pointer,7,47-43,'MEM',leads
47,47,47,201302240BRK,12.6,19.8,3rd quarter,6:01.0,Marc Gasol,MEM,False,2-pointer,19,49-46,'MEM',leads
50,50,50,201302240BRK,23.5,13.9,3rd quarter,2:52.0,Marc Gasol,MEM,False,2-pointer,9,51-46,'MEM',leads
416,416,416,201302270MEM,18.1,7.5,1st quarter,7:50.0,Marc Gasol,MEM,False,2-pointer,6,2-12,'DAL',trails
417,417,417,201302270MEM,24.6,12.8,1st quarter,7:15.0,Marc Gasol,MEM,False,2-pointer,8,2-14,'DAL',trails
420,420,420,201302270MEM,14.7,8.1,1st quarter,6:13.0,Marc Gasol,MEM,True,2-pointer,10,6-18,'DAL',trails
421,421,421,201302270MEM,25.3,5.1,1st quarter,5:44.0,Marc Gasol,MEM,False,2-pointer,1,6-20,'DAL',trails
422,422,422,201302270MEM,29.9,21.5,1st quarter,5:35.0,Marc Gasol,MEM,False,2-pointer,18,6-20,'DAL',trails
436,436,436,201302270MEM,24.0,17.9,2nd quarter,11:45.0,Marc Gasol,MEM,False,2-pointer,13,19-38,'DAL',trails
443,443,443,201302270MEM,24.0,5.1,2nd quarter,6:51.0,Marc Gasol,MEM,True,2-pointer,0,24-47,'DAL',trails
447,447,447,201302270MEM,23.3,6.2,2nd quarter,2:13.0,Marc Gasol,MEM,True,2-pointer,1,31-53,'DAL',trails
448,448,448,201302270MEM,24.1,5.1,2nd quarter,2:00.0,Marc Gasol,MEM,True,2-pointer,0,34-53,'DAL',trails
458,458,458,201302270MEM,13.5,10.6,3rd quarter,10:10.0,Marc Gasol,MEM,True,2-pointer,12,46-55,'DAL',trails
459,459,459,201302270MEM,28.8,22.6,3rd quarter,9:35.0,Marc Gasol,MEM,True,2-pointer,18,48-55,'DAL',trails
477,477,477,201302270MEM,23.5,5.4,4th quarter,9:23.0,Marc Gasol,MEM,False,2-pointer,1,73-65,'DAL',leads
478,478,478,201302270MEM,14.0,9.4,4th quarter,8:56.0,Marc Gasol,MEM,False,2-pointer,11,73-67,'DAL',leads
481,481,481,201302270MEM,18.8,14.3,4th quarter,7:11.0,Marc Gasol,MEM,False,2-pointer,11,78-72,'DAL',leads
661,661,661,201303010MIA,12.4,9.2,1st quarter,11:09.0,Marc Gasol,MEM,False,2-pointer,12,0-0,'MIA',tied
669,669,669,201303010MIA,22.2,5.3,1st quarter,6:36.0,Marc Gasol,MEM,False,2-pointer,2,9-5,'MIA',leads
688,688,688,201303010MIA,27.2,18.4,2nd quarter,4:53.0,Marc Gasol,MEM,True,2-pointer,14,31-31,'MIA',tied
689,689,689,201303010MIA,24.9,6.1,2nd quarter,4:11.0,Marc Gasol,MEM,True,2-pointer,1,33-31,'MIA',leads
692,692,692,201303010MIA,24.4,5.9,2nd quarter,3:08.0,Marc Gasol,MEM,False,2-pointer,1,33-33,'MIA',tied
695,695,695,201303010MIA,21.3,19.3,2nd quarter,1:06.0,Marc Gasol,MEM,True,2-pointer,15,39-39,'MIA',tied
696,696,696,201303010MIA,1.6,17.9,2nd quarter,0:23.9,Marc Gasol,MEM,False,3-pointer,26,39-40,'MIA',trails
699,699,699,201303010MIA,25.2,17.7,3rd quarter,10:05.0,Marc Gasol,MEM,True,2-pointer,13,47-47,'MIA',tied
700,700,700,201303010MIA,24.1,5.1,3rd quarter,9:43.0,Marc Gasol,MEM,True,2-pointer,0,49-47,'MIA',leads
704,704,704,201303010MIA,24.6,5.4,3rd quarter,6:49.0,Marc Gasol,MEM,True,2-pointer,1,58-55,'MIA',leads
709,709,709,201303010MIA,10.4,5.4,3rd quarter,3:13.0,Marc Gasol,MEM,True,2-pointer,14,60-62,'MIA',trails
712,712,712,201303010MIA,16.4,22.6,3rd quarter,2:20.0,Marc Gasol,MEM,False,2-pointer,19,60-64,'MIA',trails
731,731,731,201303010MIA,24.0,6.1,4th quarter,0:42.5,Marc Gasol,MEM,True,2-pointer,1,89-90,'MIA',trails
807,807,807,201303030ORL,24.6,6.9,2nd quarter,10:57.0,Marc Gasol,MEM,True,2-pointer,2,31-21,'ORL',leads
824,824,824,201303030ORL,12.9,8.6,2nd quarter,2:36.0,Marc Gasol,MEM,True,2-pointer,12,51-29,'ORL',leads
836,836,836,201303030ORL,16.1,16.2,3rd quarter,6:21.0,Marc Gasol,MEM,False,2-pointer,14,66-44,'ORL',leads
839,839,839,201303030ORL,23.8,5.6,3rd quarter,4:35.0,Marc Gasol,MEM,True,2-pointer,1,70-45,'ORL',leads
844,844,844,201303030ORL,24.2,7.0,3rd quarter,2:21.0,Marc Gasol,MEM,True,2-pointer,2,74-52,'ORL',leads
853,853,853,201303030ORL,36.9,21.2,4th quarter,10:19.0,Marc Gasol,MEM,True,2-pointer,21,88-57,'ORL',leads
1371,1371,1371,201303060MEM,26.9,5.7,1st quarter,11:32.0,Marc Gasol,MEM,False,2-pointer,3,0-0,'POR',tied
1383,1383,1383,201303060MEM,15.1,7.8,1st quarter,6:33.0,Marc Gasol,MEM,True,2-pointer,9,13-13,'POR',tied
1385,1385,1385,201303060MEM,30.1,15.8,1st quarter,5:21.0,Marc Gasol,MEM,False,2-pointer,12,13-13,'POR',tied
1391,1391,1391,201303060MEM,19.1,9.1,1st quarter,1:55.0,Marc Gasol,MEM,False,2-pointer,6,14-19,'POR',trails
1402,1402,1402,201303060MEM,23.5,6.1,2nd quarter,7:36.0,Marc Gasol,MEM,True,2-pointer,1,26-36,'POR',trails
1406,1406,1406,201303060MEM,37.5,5.1,2nd quarter,5:21.0,Marc Gasol,MEM,True,2-pointer,14,30-39,'POR',trails
1407,1407,1407,201303060MEM,22.5,12.2,2nd quarter,3:52.0,Marc Gasol,MEM,True,2-pointer,7,32-41,'POR',trails
1408,1408,1408,201303060MEM,35.1,12.1,2nd quarter,3:24.0,Marc Gasol,MEM,True,2-pointer,13,34-43,'POR',trails
1412,1412,1412,201303060MEM,14.5,8.4,2nd quarter,1:14.0,Marc Gasol,MEM,False,2-pointer,10,38-47,'POR',trails
1418,1418,1418,201303060MEM,21.1,10.6,3rd quarter,9:11.0,Marc Gasol,MEM,True,2-pointer,6,42-54,'POR',trails
1422,1422,1422,201303060MEM,31.0,10.5,3rd quarter,6:51.0,Marc Gasol,MEM,False,2-pointer,9,46-61,'POR',trails
1424,1424,1424,201303060MEM,15.0,12.1,3rd quarter,5:24.0,Marc Gasol,MEM,True,2-pointer,11,49-63,'POR',trails
1429,1429,1429,201303060MEM,26.1,9.2,3rd quarter,2:29.0,Marc Gasol,MEM,True,2-pointer,5,57-67,'POR',trails
1436,1436,1436,201303060MEM,26.1,8.9,4th quarter,11:44.0,Marc Gasol,MEM,False,2-pointer,4,65-67,'POR',trails
1449,1449,1449,201303060MEM,33.1,10.3,4th quarter,5:07.0,Marc Gasol,MEM,True,2-pointer,11,81-82,'POR',trails
1453,1453,1453,201303060MEM,18.6,21.2,4th quarter,2:56.0,Marc Gasol,MEM,False,2-pointer,17,83-82,'POR',leads
1455,1455,1455,201303060MEM,30.7,8.3,4th quarter,1:57.0,Marc Gasol,MEM,True,2-pointer,7,85-82,'POR',leads
666,666,666,201303080CLE,21.0,14.1,1st quarter,9:51.0,Marc Gasol,MEM,True,2-pointer,10,4-2,'CLE',leads
671,671,671,201303080CLE,13.7,17.3,1st quarter,6:18.0,Marc Gasol,MEM,True,2-pointer,16,13-6,'CLE',leads
676,676,676,201303080CLE,7.7,7.0,1st quarter,2:58.0,Marc Gasol,MEM,True,2-pointer,16,15-10,'CLE',leads
683,683,683,201303080CLE,14.7,11.4,2nd quarter,11:44.0,Marc Gasol,MEM,False,2-pointer,11,23-19,'CLE',leads
699,699,699,201303080CLE,28.3,20.4,2nd quarter,3:37.0,Marc Gasol,MEM,False,2-pointer,16,39-41,'CLE',trails
701,701,701,201303080CLE,25.2,10.8,2nd quarter,2:37.0,Marc Gasol,MEM,False,2-pointer,6,41-45,'CLE',trails
703,703,703,201303080CLE,35.0,6.4,2nd quarter,1:35.0,Marc Gasol,MEM,True,2-pointer,11,45-47,'CLE',trails
712,712,712,201303080CLE,26.1,24.5,3rd quarter,9:54.0,Marc Gasol,MEM,True,2-pointer,20,54-51,'CLE',leads
717,717,717,201303080CLE,19.7,22.6,3rd quarter,8:02.0,Marc Gasol,MEM,True,2-pointer,18,60-53,'CLE',leads
720,720,720,201303080CLE,28.0,18.7,3rd quarter,5:47.0,Marc Gasol,MEM,True,2-pointer,14,66-59,'CLE',leads
726,726,726,201303080CLE,23.0,5.9,3rd quarter,2:27.0,Marc Gasol,MEM,False,2-pointer,1,72-63,'CLE',leads
727,727,727,201303080CLE,23.6,4.5,3rd quarter,2:26.0,Marc Gasol,MEM,True,2-pointer,1,74-63,'CLE',leads
728,728,728,201303080CLE,9.0,15.7,3rd quarter,1:49.0,Marc Gasol,MEM,True,2-pointer,18,76-65,'CLE',leads
732,732,732,201303080CLE,30.5,21.2,4th quarter,10:01.0,Marc Gasol,MEM,True,2-pointer,17,84-76,'CLE',leads
742,742,742,201303080CLE,27.1,20.6,4th quarter,2:52.0,Marc Gasol,MEM,False,2-pointer,16,95-88,'CLE',leads
746,746,746,201303080CLE,24.6,5.3,4th quarter,1:08.0,Marc Gasol,MEM,True,2-pointer,1,99-90,'CLE',leads
563,563,563,201303090MEM,7.9,17.4,1st quarter,10:31.0,Marc Gasol,MEM,True,2-pointer,20,4-2,'NOH',leads
564,564,564,201303090MEM,35.4,10.2,1st quarter,9:41.0,Marc Gasol,MEM,False,2-pointer,13,4-2,'NOH',leads
571,571,571,201303090MEM,9.3,6.4,1st quarter,6:00.0,Marc Gasol,MEM,True,2-pointer,15,14-9,'NOH',leads
575,575,575,201303090MEM,8.5,6.1,1st quarter,3:23.0,Marc Gasol,MEM,True,2-pointer,16,20-13,'NOH',leads
596,596,596,201303090MEM,17.5,16.5,2nd quarter,3:32.0,Marc Gasol,MEM,False,2-pointer,13,33-35,'NOH',trails
598,598,598,201303090MEM,24.7,14.3,2nd quarter,2:10.0,Marc Gasol,MEM,True,2-pointer,9,37-39,'NOH',trails
602,602,602,201303090MEM,18.9,6.9,2nd quarter,0:01.9,Marc Gasol,MEM,True,2-pointer,5,47-41,'NOH',leads
603,603,603,201303090MEM,38.0,10.0,3rd quarter,11:31.0,Marc Gasol,MEM,False,2-pointer,15,47-43,'NOH',leads
606,606,606,201303090MEM,24.1,4.5,3rd quarter,10:20.0,Marc Gasol,MEM,False,2-pointer,1,47-47,'NOH',tied
610,610,610,201303090MEM,29.9,11.1,3rd quarter,8:50.0,Marc Gasol,MEM,False,2-pointer,8,51-47,'NOH',leads
636,636,636,201303090MEM,13.5,8.3,4th quarter,2:43.0,Marc Gasol,MEM,False,2-pointer,11,90-79,'NOH',leads
1119,1119,1119,201303120POR,29.3,24.7,1st quarter,11:45.0,Marc Gasol,MEM,False,2-pointer,20,0-0,'POR',tied
1124,1124,1124,201303120POR,32.0,7.2,1st quarter,7:58.0,Marc Gasol,MEM,True,2-pointer,8,8-6,'POR',leads
1125,1125,1125,201303120POR,16.4,11.3,1st quarter,7:22.0,Marc Gasol,MEM,False,2-pointer,10,8-8,'POR',tied
1132,1132,1132,201303120POR,29.4,7.6,1st quarter,3:36.0,Marc Gasol,MEM,True,2-pointer,6,16-14,'POR',leads
1138,1138,1138,201303120POR,24.1,25.6,2nd quarter,11:22.0,Marc Gasol,MEM,False,2-pointer,21,21-23,'POR',trails
1140,1140,1140,201303120POR,24.0,5.3,2nd quarter,10:43.0,Marc Gasol,MEM,True,2-pointer,0,23-25,'POR',trails
1155,1155,1155,201303120POR,18.8,19.8,2nd quarter,1:09.0,Marc Gasol,MEM,True,2-pointer,16,48-40,'POR',leads
1159,1159,1159,201303120POR,24.6,26.3,3rd quarter,10:13.0,Marc Gasol,MEM,True,2-pointer,21,51-44,'POR',leads
1164,1164,1164,201303120POR,13.1,21.4,3rd quarter,7:01.0,Marc Gasol,MEM,True,2-pointer,20,57-47,'POR',leads
1169,1169,1169,201303120POR,12.4,20.3,3rd quarter,3:35.0,Marc Gasol,MEM,True,2-pointer,19,64-51,'POR',leads
1186,1186,1186,201303120POR,23.5,25.6,4th quarter,5:09.0,Marc Gasol,MEM,False,2-pointer,21,81-74,'POR',leads
1187,1187,1187,201303120POR,24.0,4.8,4th quarter,4:42.0,Marc Gasol,MEM,True,2-pointer,0,83-74,'POR',leads
1190,1190,1190,201303120POR,26.0,16.5,4th quarter,2:44.0,Marc Gasol,MEM,False,2-pointer,12,86-78,'POR',leads
969,969,969,201303130LAC,26.0,18.4,1st quarter,9:57.0,Marc Gasol,MEM,False,2-pointer,14,2-3,'MEM',trails
978,978,978,201303130LAC,26.9,16.6,1st quarter,4:58.0,Marc Gasol,MEM,True,2-pointer,12,16-18,'MEM',trails
981,981,981,201303130LAC,33.9,23.4,1st quarter,2:50.0,Marc Gasol,MEM,True,2-pointer,21,18-22,'MEM',trails
984,984,984,201303130LAC,12.8,19.8,1st quarter,1:09.0,Marc Gasol,MEM,True,2-pointer,19,24-24,'MEM',tied
986,986,986,201303130LAC,20.5,15.2,2nd quarter,11:46.0,Marc Gasol,MEM,True,2-pointer,11,26-24,'MEM',leads
995,995,995,201303130LAC,24.7,8.9,2nd quarter,4:44.0,Marc Gasol,MEM,False,2-pointer,4,39-36,'MEM',leads
999,999,999,201303130LAC,23.5,8.3,2nd quarter,2:15.0,Marc Gasol,MEM,True,2-pointer,3,48-43,'MEM',leads
1001,1001,1001,201303130LAC,23.8,8.4,3rd quarter,11:01.0,Marc Gasol,MEM,True,2-pointer,3,56-54,'MEM',leads
1008,1008,1008,201303130LAC,33.4,22.5,3rd quarter,6:59.0,Marc Gasol,MEM,True,2-pointer,20,65-58,'MEM',leads
1009,1009,1009,201303130LAC,12.1,15.2,3rd quarter,5:58.0,Marc Gasol,MEM,True,2-pointer,16,67-58,'MEM',leads
1011,1011,1011,201303130LAC,35.6,20.6,3rd quarter,4:25.0,Marc Gasol,MEM,True,2-pointer,19,69-60,'MEM',leads
1012,1012,1012,201303130LAC,25.8,7.5,3rd quarter,3:33.0,Marc Gasol,MEM,True,2-pointer,3,71-61,'MEM',leads
1016,1016,1016,201303130LAC,25.8,20.1,3rd quarter,1:22.0,Marc Gasol,MEM,False,2-pointer,15,75-67,'MEM',leads
1035,1035,1035,201303130LAC,29.1,14.6,4th quarter,1:00.0,Marc Gasol,MEM,False,2-pointer,11,94-83,'MEM',leads
326,326,326,201303150DEN,12.3,18.2,1st quarter,9:44.0,Marc Gasol,MEM,True,2-pointer,18,4-4,'DEN',tied
334,334,334,201303150DEN,24.0,20.9,1st quarter,6:31.0,Marc Gasol,MEM,True,2-pointer,16,10-14,'DEN',trails
341,341,341,201303150DEN,12.9,5.9,1st quarter,3:58.0,Marc Gasol,MEM,False,2-pointer,11,14-17,'DEN',trails
349,349,349,201303150DEN,25.8,5.9,1st quarter,0:01.1,Marc Gasol,MEM,False,2-pointer,2,18-23,'DEN',trails
350,350,350,201303150DEN,28.5,22.2,2nd quarter,11:16.0,Marc Gasol,MEM,True,2-pointer,18,20-25,'DEN',trails
351,351,351,201303150DEN,21.3,11.6,2nd quarter,10:32.0,Marc Gasol,MEM,False,2-pointer,7,20-25,'DEN',trails
363,363,363,201303150DEN,27.2,9.1,2nd quarter,3:21.0,Marc Gasol,MEM,True,2-pointer,5,37-42,'DEN',trails
364,364,364,201303150DEN,26.8,14.1,2nd quarter,2:37.0,Marc Gasol,MEM,False,2-pointer,10,37-44,'DEN',trails
365,365,365,201303150DEN,20.0,21.5,2nd quarter,1:30.0,Marc Gasol,MEM,True,2-pointer,17,41-46,'DEN',trails
382,382,382,201303150DEN,10.9,17.6,3rd quarter,4:15.0,Marc Gasol,MEM,True,2-pointer,18,60-50,'DEN',leads
383,383,383,201303150DEN,12.6,9.8,3rd quarter,2:58.0,Marc Gasol,MEM,False,2-pointer,12,60-52,'DEN',leads
391,391,391,201303150DEN,8.7,10.8,4th quarter,11:06.0,Marc Gasol,MEM,False,2-pointer,16,66-60,'DEN',leads
404,404,404,201303150DEN,9.1,8.9,4th quarter,2:29.0,Marc Gasol,MEM,False,2-pointer,15,78-78,'DEN',tied
646,646,646,201303160UTA,24.4,23.6,1st quarter,11:13.0,Marc Gasol,MEM,False,2-pointer,19,0-0,'UTA',tied
655,655,655,201303160UTA,33.5,5.4,1st quarter,7:28.0,Marc Gasol,MEM,True,2-pointer,10,11-3,'UTA',leads
656,656,656,201303160UTA,22.4,22.8,1st quarter,6:54.0,Marc Gasol,MEM,False,2-pointer,18,11-5,'UTA',leads
659,659,659,201303160UTA,28.5,22.2,1st quarter,5:31.0,Marc Gasol,MEM,True,2-pointer,18,13-7,'UTA',leads
667,667,667,201303160UTA,17.2,13.2,2nd quarter,11:49.0,Marc Gasol,MEM,False,2-pointer,11,21-22,'UTA',trails
668,668,668,201303160UTA,25.8,10.3,2nd quarter,11:17.0,Marc Gasol,MEM,False,2-pointer,6,21-22,'UTA',trails
675,675,675,201303160UTA,27.9,9.4,2nd quarter,8:20.0,Marc Gasol,MEM,False,2-pointer,6,27-28,'UTA',trails
678,678,678,201303160UTA,17.0,22.8,2nd quarter,6:55.0,Marc Gasol,MEM,False,2-pointer,19,29-30,'UTA',trails
691,691,691,201303160UTA,23.8,12.7,3rd quarter,10:21.0,Marc Gasol,MEM,False,2-pointer,8,50-49,'UTA',leads
692,692,692,201303160UTA,8.8,14.1,3rd quarter,9:36.0,Marc Gasol,MEM,False,2-pointer,18,51-51,'UTA',tied
709,709,709,201303160UTA,19.5,9.5,4th quarter,9:24.0,Marc Gasol,MEM,True,2-pointer,6,67-71,'UTA',trails
714,714,714,201303160UTA,24.6,9.8,4th quarter,5:50.0,Marc Gasol,MEM,True,2-pointer,5,73-75,'UTA',trails
716,716,716,201303160UTA,26.3,5.1,4th quarter,4:24.0,Marc Gasol,MEM,True,2-pointer,2,75-79,'UTA',trails
717,717,717,201303160UTA,25.7,6.2,4th quarter,3:17.0,Marc Gasol,MEM,False,2-pointer,2,76-84,'UTA',trails
1101,1101,1101,201303180MEM,17.6,23.1,1st quarter,11:24.0,Marc Gasol,MEM,False,2-pointer,19,0-2,'MEM',trails
1106,1106,1106,201303180MEM,25.8,13.2,1st quarter,8:08.0,Marc Gasol,MEM,False,2-pointer,8,4-7,'MEM',trails
1114,1114,1114,201303180MEM,17.6,18.1,1st quarter,4:53.0,Marc Gasol,MEM,False,2-pointer,15,8-16,'MEM',trails
1115,1115,1115,201303180MEM,17.5,10.0,1st quarter,4:35.0,Marc Gasol,MEM,True,2-pointer,8,10-16,'MEM',trails
1122,1122,1122,201303180MEM,26.4,24.5,1st quarter,0:51.8,Marc Gasol,MEM,False,2-pointer,20,18-20,'MEM',trails
1123,1123,1123,201303180MEM,13.7,9.8,1st quarter,0:32.0,Marc Gasol,MEM,True,2-pointer,11,20-20,'MEM',tied
1142,1142,1142,201303180MEM,25.2,7.0,2nd quarter,3:06.0,Marc Gasol,MEM,True,2-pointer,2,37-34,'MEM',leads
1143,1143,1143,201303180MEM,29.9,23.3,2nd quarter,1:55.0,Marc Gasol,MEM,True,2-pointer,19,41-34,'MEM',leads
1152,1152,1152,201303180MEM,9.3,16.6,3rd quarter,8:13.0,Marc Gasol,MEM,True,2-pointer,19,58-41,'MEM',leads
1164,1164,1164,201303180MEM,14.2,22.6,3rd quarter,0:31.0,Marc Gasol,MEM,True,2-pointer,20,74-50,'MEM',leads
1168,1168,1168,201303180MEM,26.6,12.7,4th quarter,10:12.0,Marc Gasol,MEM,False,2-pointer,8,79-60,'MEM',leads
1176,1176,1176,201303180MEM,26.0,22.6,4th quarter,4:51.0,Marc Gasol,MEM,False,2-pointer,18,85-69,'MEM',leads
1179,1179,1179,201303180MEM,17.8,15.1,4th quarter,2:43.0,Marc Gasol,MEM,False,2-pointer,12,89-73,'MEM',leads
1072,1072,1072,201303200MEM,14.0,7.8,2nd quarter,11:43.0,Marc Gasol,MEM,False,2-pointer,10,21-15,'OKC',leads
1073,1073,1073,201303200MEM,28.0,10.6,2nd quarter,10:57.0,Marc Gasol,MEM,True,2-pointer,7,23-17,'OKC',leads
1083,1083,1083,201303200MEM,18.4,16.2,2nd quarter,3:58.0,Marc Gasol,MEM,True,2-pointer,13,39-29,'OKC',leads
1084,1084,1084,201303200MEM,23.3,5.9,2nd quarter,3:27.0,Marc Gasol,MEM,True,2-pointer,1,41-31,'OKC',leads
1087,1087,1087,201303200MEM,36.2,4.7,2nd quarter,1:33.0,Marc Gasol,MEM,False,2-pointer,12,41-34,'OKC',leads
1091,1091,1091,201303200MEM,18.1,9.4,3rd quarter,11:47.0,Marc Gasol,MEM,False,2-pointer,7,44-38,'OKC',leads
1101,1101,1101,201303200MEM,24.9,25.1,3rd quarter,7:32.0,Marc Gasol,MEM,False,2-pointer,20,48-38,'OKC',leads
1102,1102,1102,201303200MEM,14.3,9.7,3rd quarter,7:18.0,Marc Gasol,MEM,False,2-pointer,11,48-38,'OKC',leads
1108,1108,1108,201303200MEM,12.9,21.4,3rd quarter,2:14.0,Marc Gasol,MEM,False,2-pointer,20,54-48,'OKC',leads
1133,1133,1133,201303200MEM,29.1,10.2,1st overtime,1:37.0,Marc Gasol,MEM,True,2-pointer,7,88-85,'OKC',leads
1135,1135,1135,201303200MEM,34.2,15.8,1st overtime,0:32.9,Marc Gasol,MEM,False,2-pointer,15,88-87,'OKC',leads
1137,1137,1137,201303200MEM,22.5,5.9,1st overtime,0:00.9,Marc Gasol,MEM,True,2-pointer,2,90-89,'OKC',leads
988,988,988,201303220NOH,36.9,5.6,1st quarter,11:26.0,Marc Gasol,MEM,False,2-pointer,13,0-0,'NOH',tied
990,990,990,201303220NOH,34.6,19.0,1st quarter,10:08.0,Marc Gasol,MEM,True,2-pointer,18,4-4,'NOH',tied
992,992,992,201303220NOH,16.1,14.1,1st quarter,8:44.0,Marc Gasol,MEM,False,2-pointer,12,6-6,'NOH',tied
994,994,994,201303220NOH,25.8,13.9,1st quarter,7:56.0,Marc Gasol,MEM,True,2-pointer,9,9-6,'NOH',leads
1000,1000,1000,201303220NOH,27.2,8.9,1st quarter,3:38.0,Marc Gasol,MEM,True,2-pointer,5,15-10,'NOH',leads
1003,1003,1003,201303220NOH,32.1,24.2,1st quarter,1:10.0,Marc Gasol,MEM,False,2-pointer,21,21-12,'NOH',leads
1010,1010,1010,201303220NOH,28.7,11.4,2nd quarter,6:11.0,Marc Gasol,MEM,True,2-pointer,8,29-27,'NOH',leads
1017,1017,1017,201303220NOH,24.0,15.2,2nd quarter,2:00.0,Marc Gasol,MEM,True,2-pointer,10,41-38,'NOH',leads
1023,1023,1023,201303220NOH,23.3,5.0,3rd quarter,9:28.0,Marc Gasol,MEM,True,2-pointer,1,45-52,'NOH',trails
1032,1032,1032,201303220NOH,11.7,10.6,3rd quarter,5:45.0,Marc Gasol,MEM,False,2-pointer,14,55-58,'NOH',trails
1037,1037,1037,201303220NOH,22.4,9.7,3rd quarter,2:43.0,Marc Gasol,MEM,False,2-pointer,5,56-64,'NOH',trails
1049,1049,1049,201303220NOH,25.7,5.0,4th quarter,6:50.0,Marc Gasol,MEM,True,2-pointer,2,68-78,'NOH',trails
1055,1055,1055,201303220NOH,18.1,7.0,4th quarter,1:38.0,Marc Gasol,MEM,False,2-pointer,6,81-86,'NOH',trails
1161,1161,1161,201303270NYK,21.4,23.7,1st quarter,8:28.0,Marc Gasol,MEM,True,2-pointer,19,7-7,'NYK',tied
1167,1167,1167,201303270NYK,30.5,18.4,1st quarter,6:03.0,Marc Gasol,MEM,False,2-pointer,15,9-17,'NYK',trails
1188,1188,1188,201303270NYK,25.3,11.3,2nd quarter,2:26.0,Marc Gasol,MEM,False,2-pointer,6,37-61,'NYK',trails
1193,1193,1193,201303270NYK,23.8,5.4,3rd quarter,9:34.0,Marc Gasol,MEM,True,2-pointer,0,47-71,'NYK',trails
1197,1197,1197,201303270NYK,19.9,12.5,3rd quarter,3:46.0,Marc Gasol,MEM,False,2-pointer,9,60-80,'NYK',trails
1213,1213,1213,201303270NYK,24.7,18.7,4th quarter,5:30.0,Marc Gasol,MEM,True,2-pointer,14,84-94,'NYK',trails
1215,1215,1215,201303270NYK,18.9,10.0,4th quarter,4:00.0,Marc Gasol,MEM,True,2-pointer,7,86-98,'NYK',trails
737,737,737,201303290MEM,19.2,9.7,1st quarter,9:53.0,Marc Gasol,MEM,True,2-pointer,7,7-3,'HOU',leads
744,744,744,201303290MEM,24.0,5.6,1st quarter,5:58.0,Marc Gasol,MEM,True,2-pointer,1,19-12,'HOU',leads
766,766,766,201303290MEM,24.6,5.0,2nd quarter,4:09.0,Marc Gasol,MEM,True,2-pointer,1,48-45,'HOU',leads
771,771,771,201303290MEM,21.1,13.8,2nd quarter,0:45.9,Marc Gasol,MEM,False,2-pointer,9,58-51,'HOU',leads
772,772,772,201303290MEM,24.6,5.7,2nd quarter,0:16.9,Marc Gasol,MEM,True,2-pointer,1,60-53,'HOU',leads
774,774,774,201303290MEM,10.1,18.5,3rd quarter,10:52.0,Marc Gasol,MEM,True,2-pointer,19,65-55,'HOU',leads
776,776,776,201303290MEM,25.5,16.5,3rd quarter,8:55.0,Marc Gasol,MEM,True,2-pointer,12,69-58,'HOU',leads
777,777,777,201303290MEM,16.7,25.1,3rd quarter,8:17.0,Marc Gasol,MEM,False,2-pointer,21,69-58,'HOU',leads
798,798,798,201303290MEM,15.8,7.0,4th quarter,8:59.0,Marc Gasol,MEM,False,2-pointer,8,86-77,'HOU',leads
803,803,803,201303290MEM,24.9,24.8,4th quarter,5:03.0,Marc Gasol,MEM,False,2-pointer,20,93-81,'HOU',leads
804,804,804,201303290MEM,24.1,5.0,4th quarter,4:09.0,Marc Gasol,MEM,True,2-pointer,0,97-83,'HOU',leads
809,809,809,201303290MEM,20.3,17.7,4th quarter,1:16.0,Marc Gasol,MEM,True,2-pointer,13,103-90,'HOU',leads
837,837,837,201303300MIN,11.3,9.2,1st quarter,6:35.0,Marc Gasol,MEM,True,2-pointer,13,12-11,'MIN',leads
839,839,839,201303300MIN,21.9,12.1,1st quarter,3:29.0,Marc Gasol,MEM,False,2-pointer,7,17-20,'MIN',trails
850,850,850,201303300MIN,24.0,8.7,2nd quarter,7:39.0,Marc Gasol,MEM,True,2-pointer,4,30-38,'MIN',trails
853,853,853,201303300MIN,37.0,17.7,2nd quarter,5:21.0,Marc Gasol,MEM,True,2-pointer,18,34-38,'MIN',trails
860,860,860,201303300MIN,34.2,11.0,2nd quarter,0:33.9,Marc Gasol,MEM,True,2-pointer,12,45-46,'MIN',trails
861,861,861,201303300MIN,31.7,13.0,3rd quarter,10:54.0,Marc Gasol,MEM,False,2-pointer,11,45-50,'MIN',trails
866,866,866,201303300MIN,20.0,22.9,3rd quarter,7:09.0,Marc Gasol,MEM,True,2-pointer,18,51-50,'MIN',leads
867,867,867,201303300MIN,14.3,22.0,3rd quarter,5:39.0,Marc Gasol,MEM,False,2-pointer,20,53-52,'MIN',leads
870,870,870,201303300MIN,25.7,5.9,3rd quarter,3:30.0,Marc Gasol,MEM,True,2-pointer,2,57-58,'MIN',trails
872,872,872,201303300MIN,16.9,21.0,3rd quarter,2:20.0,Marc Gasol,MEM,False,2-pointer,18,60-63,'MIN',trails
873,873,873,201303300MIN,26.8,4.4,3rd quarter,1:44.0,Marc Gasol,MEM,True,2-pointer,3,62-63,'MIN',trails
898,898,898,201303300MIN,24.6,25.5,4th quarter,1:12.0,Marc Gasol,MEM,True,2-pointer,21,95-83,'MIN',leads
582,582,582,201304010MEM,24.4,5.7,1st quarter,9:18.0,Marc Gasol,MEM,True,2-pointer,1,6-0,'SAS',leads
591,591,591,201304010MEM,21.9,24.4,1st quarter,4:08.0,Marc Gasol,MEM,True,2-pointer,20,16-7,'SAS',leads
594,594,594,201304010MEM,26.0,8.6,1st quarter,2:01.0,Marc Gasol,MEM,False,2-pointer,4,16-14,'SAS',leads
613,613,613,201304010MEM,17.6,10.3,2nd quarter,2:35.0,Marc Gasol,MEM,False,2-pointer,8,33-38,'SAS',trails
614,614,614,201304010MEM,19.1,14.9,2nd quarter,2:02.0,Marc Gasol,MEM,False,2-pointer,11,33-40,'SAS',trails
617,617,617,201304010MEM,20.5,23.1,2nd quarter,0:49.9,Marc Gasol,MEM,False,2-pointer,18,35-44,'SAS',trails
621,621,621,201304010MEM,14.2,17.4,3rd quarter,9:31.0,Marc Gasol,MEM,False,2-pointer,16,39-50,'SAS',trails
624,624,624,201304010MEM,17.3,6.2,3rd quarter,7:59.0,Marc Gasol,MEM,True,2-pointer,7,45-50,'SAS',trails
625,625,625,201304010MEM,23.0,5.6,3rd quarter,6:32.0,Marc Gasol,MEM,True,2-pointer,1,49-54,'SAS',trails
630,630,630,201304010MEM,24.1,20.9,3rd quarter,4:08.0,Marc Gasol,MEM,False,2-pointer,16,51-59,'SAS',trails
634,634,634,201304010MEM,24.4,9.5,3rd quarter,2:16.0,Marc Gasol,MEM,False,2-pointer,5,55-61,'SAS',trails
637,637,637,201304010MEM,17.2,6.2,3rd quarter,0:44.1,Marc Gasol,MEM,True,2-pointer,7,61-65,'SAS',trails
644,644,644,201304010MEM,22.4,12.8,4th quarter,6:34.0,Marc Gasol,MEM,False,2-pointer,8,72-74,'SAS',trails
654,654,654,201304010MEM,29.6,10.2,4th quarter,1:01.0,Marc Gasol,MEM,True,2-pointer,8,87-88,'SAS',trails
1165,1165,1165,201304030POR,31.2,10.6,1st quarter,5:48.0,Marc Gasol,MEM,True,2-pointer,9,17-13,'POR',leads
1166,1166,1166,201304030POR,24.2,26.1,1st quarter,5:12.0,Marc Gasol,MEM,True,2-pointer,21,19-13,'POR',leads
1191,1191,1191,201304030POR,12.8,19.0,2nd quarter,0:49.1,Marc Gasol,MEM,True,2-pointer,18,55-42,'POR',leads
1198,1198,1198,201304030POR,24.9,22.5,3rd quarter,7:19.0,Marc Gasol,MEM,False,2-pointer,18,62-52,'POR',leads
1199,1199,1199,201304030POR,18.3,15.4,3rd quarter,6:35.0,Marc Gasol,MEM,False,2-pointer,12,63-54,'POR',leads
807,807,807,201304050LAL,15.4,21.5,1st quarter,5:12.0,Marc Gasol,MEM,False,2-pointer,19,12-14,'LAL',trails
819,819,819,201304050LAL,23.5,10.6,2nd quarter,10:09.0,Marc Gasol,MEM,True,2-pointer,6,20-28,'LAL',trails
820,820,820,201304050LAL,13.9,21.2,2nd quarter,9:23.0,Marc Gasol,MEM,False,2-pointer,19,20-30,'LAL',trails
836,836,836,201304050LAL,9.1,5.0,2nd quarter,0:47.0,Marc Gasol,MEM,True,2-pointer,15,36-41,'LAL',trails
843,843,843,201304050LAL,22.9,23.7,3rd quarter,9:40.0,Marc Gasol,MEM,False,2-pointer,19,45-46,'LAL',trails
856,856,856,201304050LAL,17.5,23.1,3rd quarter,3:26.0,Marc Gasol,MEM,True,2-pointer,19,58-57,'LAL',leads
863,863,863,201304050LAL,20.5,20.9,4th quarter,11:12.0,Marc Gasol,MEM,True,2-pointer,16,64-68,'LAL',trails
865,865,865,201304050LAL,22.2,21.7,4th quarter,10:07.0,Marc Gasol,MEM,True,2-pointer,17,66-70,'LAL',trails
1313,1313,1313,201304070SAC,9.9,18.4,1st quarter,8:10.0,Marc Gasol,MEM,False,2-pointer,19,8-6,'SAC',leads
1315,1315,1315,201304070SAC,24.1,34.0,1st quarter,6:52.0,Marc Gasol,MEM,False,3-pointer,29,8-6,'SAC',leads
1325,1325,1325,201304070SAC,23.5,4.7,1st quarter,0:48.8,Marc Gasol,MEM,False,2-pointer,1,21-16,'SAC',leads
1345,1345,1345,201304070SAC,18.1,5.6,2nd quarter,1:23.0,Marc Gasol,MEM,True,2-pointer,6,42-40,'SAC',leads
1348,1348,1348,201304070SAC,31.0,23.1,3rd quarter,10:33.0,Marc Gasol,MEM,True,2-pointer,19,47-47,'SAC',tied
1353,1353,1353,201304070SAC,24.4,23.6,3rd quarter,7:45.0,Marc Gasol,MEM,False,2-pointer,19,51-51,'SAC',tied
1354,1354,1354,201304070SAC,23.2,6.7,3rd quarter,6:28.0,Marc Gasol,MEM,True,2-pointer,2,53-54,'SAC',trails
1358,1358,1358,201304070SAC,21.1,24.5,3rd quarter,4:23.0,Marc Gasol,MEM,False,2-pointer,20,57-56,'SAC',leads
1359,1359,1359,201304070SAC,12.1,5.4,3rd quarter,4:00.0,Marc Gasol,MEM,False,2-pointer,12,57-56,'SAC',leads
1361,1361,1361,201304070SAC,19.2,7.6,3rd quarter,3:12.0,Marc Gasol,MEM,True,2-pointer,5,59-58,'SAC',leads
1083,1083,1083,201304090MEM,18.4,17.3,1st quarter,11:43.0,Marc Gasol,MEM,False,2-pointer,14,0-0,'CHA',tied
1090,1090,1090,201304090MEM,21.3,20.9,1st quarter,7:01.0,Marc Gasol,MEM,True,2-pointer,16,10-7,'CHA',leads
1092,1092,1092,201304090MEM,24.4,7.3,1st quarter,5:40.0,Marc Gasol,MEM,False,2-pointer,2,12-11,'CHA',leads
1098,1098,1098,201304090MEM,27.4,10.2,1st quarter,2:00.0,Marc Gasol,MEM,True,2-pointer,6,21-17,'CHA',leads
1099,1099,1099,201304090MEM,20.0,14.3,1st quarter,1:11.0,Marc Gasol,MEM,True,2-pointer,10,23-19,'CHA',leads
1101,1101,1101,201304090MEM,12.1,8.4,1st quarter,0:27.4,Marc Gasol,MEM,True,2-pointer,12,25-19,'CHA',leads
1115,1115,1115,201304090MEM,15.3,23.6,2nd quarter,4:49.0,Marc Gasol,MEM,False,2-pointer,21,38-35,'CHA',leads
1118,1118,1118,201304090MEM,17.8,11.3,2nd quarter,2:50.0,Marc Gasol,MEM,False,2-pointer,9,42-37,'CHA',leads
1121,1121,1121,201304090MEM,25.0,10.3,2nd quarter,0:56.9,Marc Gasol,MEM,False,2-pointer,5,47-40,'CHA',leads
1128,1128,1128,201304090MEM,23.8,11.3,3rd quarter,8:33.0,Marc Gasol,MEM,False,2-pointer,6,51-44,'CHA',leads
1140,1140,1140,201304090MEM,20.5,23.3,3rd quarter,1:27.0,Marc Gasol,MEM,False,2-pointer,19,59-55,'CHA',leads
681,681,681,201304120HOU,24.0,16.5,1st quarter,11:37.0,Marc Gasol,MEM,False,2-pointer,12,0-0,'HOU',tied
683,683,683,201304120HOU,24.0,16.5,1st quarter,10:51.0,Marc Gasol,MEM,False,2-pointer,12,0-0,'HOU',tied
691,691,691,201304120HOU,19.1,22.5,1st quarter,8:02.0,Marc Gasol,MEM,False,2-pointer,18,4-4,'HOU',tied
698,698,698,201304120HOU,34.2,19.2,1st quarter,4:23.0,Marc Gasol,MEM,True,2-pointer,17,15-9,'HOU',leads
719,719,719,201304120HOU,16.5,17.9,2nd quarter,3:15.0,Marc Gasol,MEM,True,2-pointer,15,41-29,'HOU',leads
729,729,729,201304120HOU,11.7,11.6,3rd quarter,10:01.0,Marc Gasol,MEM,False,2-pointer,14,51-38,'HOU',leads
731,731,731,201304120HOU,15.8,18.5,3rd quarter,9:35.0,Marc Gasol,MEM,True,2-pointer,16,53-38,'HOU',leads
733,733,733,201304120HOU,24.0,23.9,3rd quarter,7:24.0,Marc Gasol,MEM,False,2-pointer,19,55-43,'HOU',leads
739,739,739,201304120HOU,13.9,7.0,3rd quarter,4:44.0,Marc Gasol,MEM,True,2-pointer,10,62-50,'HOU',leads
741,741,741,201304120HOU,32.4,19.6,3rd quarter,3:32.0,Marc Gasol,MEM,False,2-pointer,17,62-52,'HOU',leads
754,754,754,201304120HOU,10.6,9.2,4th quarter,7:13.0,Marc Gasol,MEM,True,2-pointer,14,70-66,'HOU',leads
761,761,761,201304120HOU,2.3,17.1,4th quarter,2:44.0,Marc Gasol,MEM,False,3-pointer,25,76-71,'HOU',leads
762,762,762,201304120HOU,23.6,11.3,4th quarter,0:49.7,Marc Gasol,MEM,False,2-pointer,6,79-78,'HOU',leads
253,253,253,201304130MEM,26.3,23.1,1st quarter,7:01.0,Marc Gasol,MEM,True,2-pointer,18,6-6,'MEM',tied
267,267,267,201304130MEM,31.2,17.7,2nd quarter,10:48.0,Marc Gasol,MEM,True,2-pointer,15,26-28,'MEM',trails
272,272,272,201304130MEM,29.0,12.7,2nd quarter,8:34.0,Marc Gasol,MEM,True,2-pointer,9,31-34,'MEM',trails
273,273,273,201304130MEM,16.2,25.1,2nd quarter,7:17.0,Marc Gasol,MEM,False,2-pointer,22,33-36,'MEM',trails
274,274,274,201304130MEM,13.5,22.3,2nd quarter,6:47.0,Marc Gasol,MEM,False,2-pointer,20,33-36,'MEM',trails
280,280,280,201304130MEM,18.9,6.1,2nd quarter,3:19.0,Marc Gasol,MEM,False,2-pointer,5,40-42,'MEM',trails
281,281,281,201304130MEM,37.6,17.6,2nd quarter,3:04.0,Marc Gasol,MEM,False,2-pointer,19,40-42,'MEM',trails
289,289,289,201304130MEM,10.6,8.6,3rd quarter,10:02.0,Marc Gasol,MEM,False,2-pointer,14,53-55,'MEM',trails
293,293,293,201304130MEM,17.6,8.6,3rd quarter,8:45.0,Marc Gasol,MEM,True,2-pointer,7,59-55,'MEM',leads
297,297,297,201304130MEM,30.4,15.7,3rd quarter,5:30.0,Marc Gasol,MEM,False,2-pointer,12,64-63,'MEM',leads
299,299,299,201304130MEM,31.0,8.6,3rd quarter,3:55.0,Marc Gasol,MEM,True,2-pointer,8,66-65,'MEM',leads
300,300,300,201304130MEM,31.2,16.9,3rd quarter,3:13.0,Marc Gasol,MEM,False,2-pointer,14,66-65,'MEM',leads
303,303,303,201304130MEM,24.1,10.6,3rd quarter,1:53.0,Marc Gasol,MEM,True,2-pointer,6,68-68,'MEM',tied
309,309,309,201304130MEM,20.6,9.7,4th quarter,10:28.0,Marc Gasol,MEM,True,2-pointer,6,75-70,'MEM',leads
474,474,474,201304150DAL,26.3,8.6,1st quarter,9:42.0,Marc Gasol,MEM,True,2-pointer,4,4-6,'DAL',trails
503,503,503,201304150DAL,24.7,6.1,2nd quarter,2:42.0,Marc Gasol,MEM,True,2-pointer,1,34-46,'DAL',trails
1251,1251,1251,201304170MEM,25.5,6.2,1st quarter,11:09.0,Marc Gasol,MEM,False,2-pointer,2,0-0,'UTA',tied
1256,1256,1256,201304170MEM,13.1,14.9,1st quarter,9:10.0,Marc Gasol,MEM,False,2-pointer,15,2-6,'UTA',trails
1258,1258,1258,201304170MEM,24.2,9.8,1st quarter,8:29.0,Marc Gasol,MEM,False,2-pointer,5,4-6,'UTA',trails
1266,1266,1266,201304170MEM,15.0,12.5,1st quarter,3:34.0,Marc Gasol,MEM,True,2-pointer,12,12-11,'UTA',leads
1268,1268,1268,201304170MEM,12.3,6.9,1st quarter,2:12.0,Marc Gasol,MEM,False,2-pointer,12,15-11,'UTA',leads
1270,1270,1270,201304170MEM,15.6,22.9,1st quarter,0:47.9,Marc Gasol,MEM,False,2-pointer,20,15-15,'UTA',tied
1289,1289,1289,201304170MEM,24.9,11.7,2nd quarter,2:05.0,Marc Gasol,MEM,True,2-pointer,7,38-31,'UTA',leads
332,332,332,201304200LAC,25.0,12.1,1st quarter,8:15.0,Marc Gasol,MEM,False,2-pointer,7,4-6,'MEM',trails
336,336,336,201304200LAC,20.3,10.0,1st quarter,6:04.0,Marc Gasol,MEM,False,2-pointer,6,10-12,'MEM',trails
356,356,356,201304200LAC,29.6,26.1,2nd quarter,7:08.0,Marc Gasol,MEM,True,2-pointer,22,35-40,'MEM',trails
357,357,357,201304200LAC,13.9,12.1,2nd quarter,6:34.0,Marc Gasol,MEM,False,2-pointer,12,35-40,'MEM',trails
363,363,363,201304200LAC,19.9,10.2,2nd quarter,1:51.0,Marc Gasol,MEM,True,2-pointer,7,47-51,'MEM',trails
364,364,364,201304200LAC,21.0,11.0,2nd quarter,1:24.0,Marc Gasol,MEM,True,2-pointer,7,49-51,'MEM',trails
370,370,370,201304200LAC,35.9,21.8,3rd quarter,7:39.0,Marc Gasol,MEM,False,2-pointer,21,57-66,'MEM',trails
378,378,378,201304200LAC,28.2,19.9,3rd quarter,2:47.0,Marc Gasol,MEM,False,2-pointer,15,64-74,'MEM',trails
384,384,384,201304200LAC,9.3,4.5,4th quarter,8:46.0,Marc Gasol,MEM,False,2-pointer,15,76-81,'MEM',trails
388,388,388,201304200LAC,18.4,9.4,4th quarter,6:23.0,Marc Gasol,MEM,True,2-pointer,7,79-86,'MEM',trails
390,390,390,201304200LAC,31.3,17.9,4th quarter,5:02.0,Marc Gasol,MEM,False,2-pointer,15,79-90,'MEM',trails
394,394,394,201304200LAC,31.0,23.7,4th quarter,2:42.0,Marc Gasol,MEM,False,2-pointer,20,87-99,'MEM',trails
159,159,159,201304220LAC,13.2,12.5,1st quarter,11:33.0,Marc Gasol,MEM,False,2-pointer,13,0-0,'MEM',tied
164,164,164,201304220LAC,23.6,23.3,1st quarter,8:26.0,Marc Gasol,MEM,True,2-pointer,18,10-7,'MEM',leads
171,171,171,201304220LAC,35.1,5.6,1st quarter,4:36.0,Marc Gasol,MEM,False,2-pointer,11,19-16,'MEM',leads
172,172,172,201304220LAC,24.2,8.3,1st quarter,2:55.0,Marc Gasol,MEM,True,2-pointer,3,23-18,'MEM',leads
175,175,175,201304220LAC,30.5,15.5,1st quarter,0:39.8,Marc Gasol,MEM,False,2-pointer,12,25-23,'MEM',leads
192,192,192,201304220LAC,24.0,13.9,3rd quarter,11:39.0,Marc Gasol,MEM,False,2-pointer,9,44-50,'MEM',trails
196,196,196,201304220LAC,24.2,11.7,3rd quarter,10:01.0,Marc Gasol,MEM,True,2-pointer,7,50-55,'MEM',trails
203,203,203,201304220LAC,15.6,20.9,3rd quarter,7:32.0,Marc Gasol,MEM,True,2-pointer,18,56-57,'MEM',trails
204,204,204,201304220LAC,31.7,24.4,3rd quarter,6:59.0,Marc Gasol,MEM,True,2-pointer,21,58-57,'MEM',leads
205,205,205,201304220LAC,25.0,9.8,3rd quarter,5:54.0,Marc Gasol,MEM,False,2-pointer,5,59-59,'MEM',tied
210,210,210,201304220LAC,9.6,12.5,3rd quarter,2:33.0,Marc Gasol,MEM,False,2-pointer,16,64-68,'MEM',trails
212,212,212,201304220LAC,24.9,7.3,3rd quarter,2:07.0,Marc Gasol,MEM,False,2-pointer,2,64-70,'MEM',trails
230,230,230,201304220LAC,26.9,13.2,4th quarter,0:57.9,Marc Gasol,MEM,False,2-pointer,9,89-91,'MEM',trails
231,231,231,201304220LAC,25.2,7.3,4th quarter,0:13.9,Marc Gasol,MEM,True,2-pointer,3,91-91,'MEM',tied
226,226,226,201304250MEM,14.7,7.2,1st quarter,11:29.0,Marc Gasol,MEM,False,2-pointer,10,0-2,'MEM',trails
233,233,233,201304250MEM,21.6,23.7,1st quarter,6:45.0,Marc Gasol,MEM,True,2-pointer,19,6-7,'MEM',trails
237,237,237,201304250MEM,17.5,11.1,1st quarter,4:00.0,Marc Gasol,MEM,True,2-pointer,9,15-10,'MEM',leads
241,241,241,201304250MEM,12.9,9.5,1st quarter,1:47.0,Marc Gasol,MEM,False,2-pointer,12,21-14,'MEM',leads
257,257,257,201304250MEM,10.6,19.6,2nd quarter,4:37.0,Marc Gasol,MEM,True,2-pointer,20,39-31,'MEM',leads
258,258,258,201304250MEM,14.2,11.0,2nd quarter,3:33.0,Marc Gasol,MEM,True,2-pointer,11,43-31,'MEM',leads
259,259,259,201304250MEM,32.4,10.8,2nd quarter,2:41.0,Marc Gasol,MEM,False,2-pointer,10,43-33,'MEM',leads
261,261,261,201304250MEM,12.0,7.8,2nd quarter,1:36.0,Marc Gasol,MEM,False,2-pointer,12,43-33,'MEM',leads
273,273,273,201304250MEM,24.7,25.0,3rd quarter,6:44.0,Marc Gasol,MEM,False,2-pointer,20,57-47,'MEM',leads
275,275,275,201304250MEM,29.9,23.6,3rd quarter,5:54.0,Marc Gasol,MEM,True,2-pointer,20,61-47,'MEM',leads
276,276,276,201304250MEM,19.5,13.0,3rd quarter,5:16.0,Marc Gasol,MEM,False,2-pointer,9,61-49,'MEM',leads
292,292,292,201304250MEM,28.2,12.7,4th quarter,8:08.0,Marc Gasol,MEM,True,2-pointer,9,76-69,'MEM',leads
303,303,303,201304250MEM,8.8,18.1,4th quarter,0:38.9,Marc Gasol,MEM,False,2-pointer,20,91-79,'MEM',leads
617,617,617,201304270MEM,25.8,5.0,1st quarter,11:00.0,Marc Gasol,MEM,False,2-pointer,2,2-0,'MEM',leads
633,633,633,201304270MEM,24.0,6.5,1st quarter,3:49.0,Marc Gasol,MEM,True,2-pointer,2,24-13,'MEM',leads
635,635,635,201304270MEM,22.9,22.3,1st quarter,1:56.0,Marc Gasol,MEM,False,2-pointer,17,28-20,'MEM',leads
647,647,647,201304270MEM,33.7,5.3,2nd quarter,5:47.0,Marc Gasol,MEM,False,2-pointer,10,40-36,'MEM',leads
656,656,656,201304270MEM,23.3,8.9,2nd quarter,0:56.4,Marc Gasol,MEM,True,2-pointer,4,46-45,'MEM',leads
658,658,658,201304270MEM,25.0,22.0,3rd quarter,10:33.0,Marc Gasol,MEM,True,2-pointer,17,48-47,'MEM',leads
661,661,661,201304270MEM,17.6,13.3,3rd quarter,9:04.0,Marc Gasol,MEM,True,2-pointer,10,52-52,'MEM',tied
662,662,662,201304270MEM,14.2,6.2,3rd quarter,8:33.0,Marc Gasol,MEM,True,2-pointer,10,54-52,'MEM',leads
663,663,663,201304270MEM,11.7,6.1,3rd quarter,8:01.0,Marc Gasol,MEM,False,2-pointer,12,54-52,'MEM',leads
669,669,669,201304270MEM,34.0,25.9,3rd quarter,4:35.0,Marc Gasol,MEM,True,2-pointer,23,60-60,'MEM',tied
674,674,674,201304270MEM,17.6,22.6,3rd quarter,1:23.0,Marc Gasol,MEM,False,2-pointer,19,67-62,'MEM',leads
676,676,676,201304270MEM,11.5,5.9,3rd quarter,0:00.2,Marc Gasol,MEM,True,2-pointer,13,71-67,'MEM',leads
680,680,680,201304270MEM,27.2,23.3,4th quarter,9:16.0,Marc Gasol,MEM,True,2-pointer,19,78-69,'MEM',leads
681,681,681,201304270MEM,18.4,12.5,4th quarter,8:27.0,Marc Gasol,MEM,True,2-pointer,9,80-72,'MEM',leads
170,170,170,201304300LAC,8.2,8.7,1st quarter,10:27.0,Marc Gasol,MEM,False,2-pointer,16,2-2,'MEM',tied
178,178,178,201304300LAC,25.3,5.6,1st quarter,6:48.0,Marc Gasol,MEM,True,2-pointer,1,12-11,'MEM',leads
185,185,185,201304300LAC,15.9,7.8,1st quarter,2:46.0,Marc Gasol,MEM,False,2-pointer,9,22-20,'MEM',leads
202,202,202,201304300LAC,18.4,7.0,2nd quarter,7:45.0,Marc Gasol,MEM,False,2-pointer,6,34-34,'MEM',tied
203,203,203,201304300LAC,18.6,8.1,2nd quarter,7:07.0,Marc Gasol,MEM,False,2-pointer,6,34-34,'MEM',tied
207,207,207,201304300LAC,22.7,10.8,2nd quarter,3:22.0,Marc Gasol,MEM,False,2-pointer,6,41-40,'MEM',leads
208,208,208,201304300LAC,23.5,5.0,2nd quarter,2:35.0,Marc Gasol,MEM,True,2-pointer,1,45-40,'MEM',leads
215,215,215,201304300LAC,26.3,5.3,3rd quarter,9:34.0,Marc Gasol,MEM,True,2-pointer,2,56-52,'MEM',leads
216,216,216,201304300LAC,25.7,5.6,3rd quarter,9:00.0,Marc Gasol,MEM,True,2-pointer,2,58-52,'MEM',leads
220,220,220,201304300LAC,11.8,7.8,3rd quarter,7:14.0,Marc Gasol,MEM,True,2-pointer,13,62-52,'MEM',leads
223,223,223,201304300LAC,22.2,5.6,3rd quarter,5:54.0,Marc Gasol,MEM,False,2-pointer,2,65-54,'MEM',leads
232,232,232,201304300LAC,16.7,26.6,3rd quarter,1:26.0,Marc Gasol,MEM,False,2-pointer,23,71-62,'MEM',leads
251,251,251,201304300LAC,4.9,9.8,4th quarter,2:03.0,Marc Gasol,MEM,False,2-pointer,20,91-84,'MEM',leads
253,253,253,201304300LAC,20.3,9.7,4th quarter,0:48.8,Marc Gasol,MEM,True,2-pointer,6,96-88,'MEM',leads
547,547,547,201305030MEM,9.9,20.3,2nd quarter,9:27.0,Marc Gasol,MEM,False,2-pointer,21,34-34,'MEM',tied
562,562,562,201305030MEM,24.2,9.2,3rd quarter,11:46.0,Marc Gasol,MEM,False,2-pointer,4,58-53,'MEM',leads
563,563,563,201305030MEM,24.4,4.5,3rd quarter,11:08.0,Marc Gasol,MEM,True,2-pointer,1,60-53,'MEM',leads
569,569,569,201305030MEM,23.0,13.6,3rd quarter,7:59.0,Marc Gasol,MEM,True,2-pointer,9,69-59,'MEM',leads
575,575,575,201305030MEM,17.5,7.6,3rd quarter,3:16.0,Marc Gasol,MEM,True,2-pointer,7,82-72,'MEM',leads
578,578,578,201305030MEM,13.5,17.1,3rd quarter,1:03.0,Marc Gasol,MEM,False,2-pointer,16,85-78,'MEM',leads
580,580,580,201305030MEM,18.3,16.9,3rd quarter,0:08.4,Marc Gasol,MEM,True,2-pointer,13,90-79,'MEM',leads
591,591,591,201305030MEM,26.3,9.5,4th quarter,4:57.0,Marc Gasol,MEM,False,2-pointer,5,103-97,'MEM',leads
168,168,168,201305050OKC,8.8,8.6,1st quarter,4:58.0,Marc Gasol,MEM,False,2-pointer,16,7-6,'OKC',leads
169,169,169,201305050OKC,28.0,23.6,1st quarter,4:30.0,Marc Gasol,MEM,False,2-pointer,19,7-6,'OKC',leads
170,170,170,201305050OKC,20.0,13.2,1st quarter,4:07.0,Marc Gasol,MEM,True,2-pointer,9,9-6,'OKC',leads
190,190,190,201305050OKC,24.4,11.0,2nd quarter,4:28.0,Marc Gasol,MEM,True,2-pointer,6,33-33,'OKC',tied
193,193,193,201305050OKC,10.2,11.9,2nd quarter,2:20.0,Marc Gasol,MEM,True,2-pointer,15,39-41,'OKC',trails
194,194,194,201305050OKC,23.5,24.7,2nd quarter,1:25.0,Marc Gasol,MEM,True,2-pointer,20,43-43,'OKC',tied
198,198,198,201305050OKC,29.0,18.4,3rd quarter,11:47.0,Marc Gasol,MEM,True,2-pointer,14,48-47,'OKC',leads
204,204,204,201305050OKC,24.4,24.4,3rd quarter,9:01.0,Marc Gasol,MEM,True,2-pointer,19,56-51,'OKC',leads
205,205,205,201305050OKC,20.8,7.3,3rd quarter,8:16.0,Marc Gasol,MEM,False,2-pointer,4,56-53,'OKC',leads
210,210,210,201305050OKC,25.0,23.9,3rd quarter,6:12.0,Marc Gasol,MEM,False,2-pointer,19,61-53,'OKC',leads
228,228,228,201305050OKC,17.8,17.6,4th quarter,6:25.0,Marc Gasol,MEM,True,2-pointer,14,84-77,'OKC',leads
230,230,230,201305050OKC,31.5,18.2,4th quarter,5:25.0,Marc Gasol,MEM,False,2-pointer,15,84-79,'OKC',leads
231,231,231,201305050OKC,26.0,5.4,4th quarter,4:54.0,Marc Gasol,MEM,False,2-pointer,2,84-79,'OKC',leads
237,237,237,201305050OKC,31.2,5.0,4th quarter,1:08.0,Marc Gasol,MEM,True,2-pointer,7,90-87,'OKC',leads
156,156,156,201305070OKC,25.5,5.0,1st quarter,9:34.0,Marc Gasol,MEM,True,2-pointer,2,2-2,'OKC',tied
158,158,158,201305070OKC,31.0,22.8,1st quarter,8:25.0,Marc Gasol,MEM,True,2-pointer,19,6-5,'OKC',leads
164,164,164,201305070OKC,19.5,22.2,1st quarter,5:09.0,Marc Gasol,MEM,True,2-pointer,18,11-11,'OKC',tied
169,169,169,201305070OKC,24.1,24.2,1st quarter,2:01.0,Marc Gasol,MEM,True,2-pointer,19,19-15,'OKC',leads
180,180,180,201305070OKC,29.9,13.2,2nd quarter,6:37.0,Marc Gasol,MEM,False,2-pointer,10,35-36,'OKC',trails
182,182,182,201305070OKC,25.8,7.6,2nd quarter,5:56.0,Marc Gasol,MEM,True,2-pointer,3,37-39,'OKC',trails
185,185,185,201305070OKC,22.7,5.0,2nd quarter,4:20.0,Marc Gasol,MEM,True,2-pointer,1,42-45,'OKC',trails
187,187,187,201305070OKC,30.7,22.6,2nd quarter,2:36.0,Marc Gasol,MEM,False,2-pointer,19,45-47,'OKC',trails
213,213,213,201305070OKC,23.2,23.3,3rd quarter,1:46.0,Marc Gasol,MEM,True,2-pointer,18,67-67,'OKC',tied
215,215,215,201305070OKC,18.8,20.1,3rd quarter,0:38.9,Marc Gasol,MEM,False,2-pointer,16,67-69,'OKC',trails
224,224,224,201305070OKC,18.4,24.4,4th quarter,7:00.0,Marc Gasol,MEM,False,2-pointer,20,84-83,'OKC',leads
228,228,228,201305070OKC,9.6,4.2,4th quarter,3:37.0,Marc Gasol,MEM,False,2-pointer,14,86-85,'OKC',leads
230,230,230,201305070OKC,23.8,6.5,4th quarter,3:03.0,Marc Gasol,MEM,True,2-pointer,2,88-88,'OKC',tied
241,241,241,201305110MEM,9.1,10.5,1st quarter,8:51.0,Marc Gasol,MEM,False,2-pointer,16,4-4,'OKC',tied
243,243,243,201305110MEM,30.9,11.0,1st quarter,6:19.0,Marc Gasol,MEM,True,2-pointer,9,8-7,'OKC',leads
246,246,246,201305110MEM,30.9,17.6,1st quarter,4:09.0,Marc Gasol,MEM,True,2-pointer,14,12-11,'OKC',leads
250,250,250,201305110MEM,19.7,15.1,1st quarter,1:24.0,Marc Gasol,MEM,False,2-pointer,11,16-16,'OKC',tied
274,274,274,201305110MEM,23.5,24.7,3rd quarter,11:01.0,Marc Gasol,MEM,False,2-pointer,20,44-45,'OKC',trails
275,275,275,201305110MEM,14.7,7.3,3rd quarter,9:25.0,Marc Gasol,MEM,True,2-pointer,10,48-47,'OKC',leads
276,276,276,201305110MEM,11.7,11.7,3rd quarter,8:55.0,Marc Gasol,MEM,True,2-pointer,14,50-47,'OKC',leads
282,282,282,201305110MEM,15.3,8.1,3rd quarter,5:26.0,Marc Gasol,MEM,False,2-pointer,9,57-50,'OKC',leads
283,283,283,201305110MEM,35.0,8.3,3rd quarter,5:02.0,Marc Gasol,MEM,False,2-pointer,11,57-50,'OKC',leads
291,291,291,201305110MEM,10.1,8.7,3rd quarter,0:35.7,Marc Gasol,MEM,True,2-pointer,14,66-57,'OKC',leads
292,292,292,201305110MEM,5.3,8.6,3rd quarter,0:04.9,Marc Gasol,MEM,False,2-pointer,19,66-60,'OKC',leads
293,293,293,201305110MEM,24.1,10.6,4th quarter,11:40.0,Marc Gasol,MEM,False,2-pointer,6,66-60,'OKC',leads
296,296,296,201305110MEM,24.9,23.9,4th quarter,10:03.0,Marc Gasol,MEM,False,2-pointer,19,71-62,'OKC',leads
307,307,307,201305110MEM,24.6,10.8,4th quarter,2:47.0,Marc Gasol,MEM,True,2-pointer,6,81-77,'OKC',leads
222,222,222,201305130MEM,23.3,4.7,1st quarter,11:06.0,Marc Gasol,MEM,False,2-pointer,1,0-0,'OKC',tied
226,226,226,201305130MEM,12.8,15.5,1st quarter,8:57.0,Marc Gasol,MEM,False,2-pointer,15,0-5,'OKC',trails
232,232,232,201305130MEM,24.0,10.3,1st quarter,5:39.0,Marc Gasol,MEM,False,2-pointer,5,9-10,'OKC',trails
235,235,235,201305130MEM,24.0,5.3,1st quarter,3:57.0,Marc Gasol,MEM,True,2-pointer,0,14-15,'OKC',trails
236,236,236,201305130MEM,15.8,9.4,1st quarter,3:22.0,Marc Gasol,MEM,False,2-pointer,9,14-18,'OKC',trails
238,238,238,201305130MEM,17.6,7.3,1st quarter,2:17.0,Marc Gasol,MEM,True,2-pointer,7,18-22,'OKC',trails
253,253,253,201305130MEM,23.2,5.0,2nd quarter,5:57.0,Marc Gasol,MEM,False,2-pointer,1,27-39,'OKC',trails
258,258,258,201305130MEM,18.9,6.4,2nd quarter,2:44.0,Marc Gasol,MEM,True,2-pointer,5,37-50,'OKC',trails
265,265,265,201305130MEM,14.8,13.5,3rd quarter,10:34.0,Marc Gasol,MEM,True,2-pointer,13,52-56,'OKC',trails
273,273,273,201305130MEM,17.3,15.4,3rd quarter,5:27.0,Marc Gasol,MEM,True,2-pointer,12,61-68,'OKC',trails
275,275,275,201305130MEM,23.6,5.4,3rd quarter,4:22.0,Marc Gasol,MEM,True,2-pointer,1,65-72,'OKC',trails
276,276,276,201305130MEM,14.3,9.2,3rd quarter,3:43.0,Marc Gasol,MEM,False,2-pointer,11,65-72,'OKC',trails
278,278,278,201305130MEM,24.6,24.8,3rd quarter,2:59.0,Marc Gasol,MEM,True,2-pointer,20,70-72,'OKC',trails
280,280,280,201305130MEM,12.8,19.6,3rd quarter,1:22.0,Marc Gasol,MEM,False,2-pointer,18,72-74,'OKC',trails
291,291,291,201305130MEM,15.9,10.2,4th quarter,6:40.0,Marc Gasol,MEM,False,2-pointer,10,84-83,'OKC',leads
297,297,297,201305130MEM,27.1,22.9,4th quarter,1:31.0,Marc Gasol,MEM,False,2-pointer,18,92-92,'OKC',tied
302,302,302,201305130MEM,13.1,22.8,1st overtime,3:03.0,Marc Gasol,MEM,False,2-pointer,21,96-94,'OKC',leads
307,307,307,201305130MEM,27.2,19.6,1st overtime,0:22.8,Marc Gasol,MEM,True,2-pointer,15,100-97,'OKC',leads
147,147,147,201305150OKC,14.5,4.8,1st quarter,10:32.0,Marc Gasol,MEM,False,2-pointer,10,0-3,'OKC',trails
151,151,151,201305150OKC,23.0,6.4,1st quarter,7:50.0,Marc Gasol,MEM,True,2-pointer,2,7-9,'OKC',trails
160,160,160,201305150OKC,25.2,17.9,1st quarter,3:52.0,Marc Gasol,MEM,False,2-pointer,13,11-11,'OKC',tied
162,162,162,201305150OKC,14.8,7.2,1st quarter,2:39.0,Marc Gasol,MEM,False,2-pointer,9,14-15,'OKC',trails
165,165,165,201305150OKC,16.5,19.5,1st quarter,0:52.9,Marc Gasol,MEM,False,2-pointer,16,18-19,'OKC',trails
186,186,186,201305150OKC,20.5,19.0,2nd quarter,2:32.0,Marc Gasol,MEM,False,2-pointer,14,42-37,'OKC',leads
191,191,191,201305150OKC,24.4,9.4,3rd quarter,10:27.0,Marc Gasol,MEM,True,2-pointer,4,54-42,'OKC',leads
211,211,211,201305150OKC,20.5,10.2,4th quarter,7:28.0,Marc Gasol,MEM,False,2-pointer,6,71-64,'OKC',leads
212,212,212,201305150OKC,17.2,10.0,4th quarter,7:00.0,Marc Gasol,MEM,False,2-pointer,8,71-64,'OKC',leads
216,216,216,201305150OKC,24.0,19.0,4th quarter,5:05.0,Marc Gasol,MEM,True,2-pointer,14,78-66,'OKC',leads
217,217,217,201305150OKC,23.8,17.6,4th quarter,4:13.0,Marc Gasol,MEM,True,2-pointer,13,80-68,'OKC',leads
219,219,219,201305150OKC,17.3,20.7,4th quarter,2:59.0,Marc Gasol,MEM,False,2-pointer,17,80-68,'OKC',leads
224,224,224,201305150OKC,32.9,21.5,4th quarter,0:27.1,Marc Gasol,MEM,True,2-pointer,19,85-79,'OKC',leads
0,0,0,201305190SAS,24.7,5.6,1st quarter,11:39.0,Marc Gasol,MEM,True,2-pointer,1,2-0,'SAS',leads
3,3,3,201305190SAS,25.8,15.1,1st quarter,9:30.0,Marc Gasol,MEM,True,2-pointer,10,4-9,'SAS',trails
6,6,6,201305190SAS,12.0,5.1,1st quarter,7:34.0,Marc Gasol,MEM,False,2-pointer,12,6-16,'SAS',trails
8,8,8,201305190SAS,17.0,23.3,1st quarter,5:49.0,Marc Gasol,MEM,True,2-pointer,20,8-18,'SAS',trails
9,9,9,201305190SAS,27.7,13.5,1st quarter,4:47.0,Marc Gasol,MEM,False,2-pointer,9,8-20,'SAS',trails
25,25,25,201305190SAS,11.8,8.9,2nd quarter,4:35.0,Marc Gasol,MEM,False,2-pointer,13,26-45,'SAS',trails
26,26,26,201305190SAS,24.0,22.9,2nd quarter,4:32.0,Marc Gasol,MEM,False,2-pointer,18,26-45,'SAS',trails
28,28,28,201305190SAS,24.9,4.5,2nd quarter,3:23.0,Marc Gasol,MEM,True,2-pointer,1,30-45,'SAS',trails
29,29,29,201305190SAS,26.6,12.2,2nd quarter,2:41.0,Marc Gasol,MEM,False,2-pointer,8,30-45,'SAS',trails
30,30,30,201305190SAS,22.5,13.3,2nd quarter,2:22.0,Marc Gasol,MEM,False,2-pointer,8,30-45,'SAS',trails
32,32,32,201305190SAS,34.6,17.3,2nd quarter,1:46.0,Marc Gasol,MEM,True,2-pointer,16,34-48,'SAS',trails
33,33,33,201305190SAS,24.1,23.7,2nd quarter,1:12.0,Marc Gasol,MEM,True,2-pointer,19,36-48,'SAS',trails
38,38,38,201305190SAS,25.0,3.9,3rd quarter,8:52.0,Marc Gasol,MEM,False,2-pointer,1,39-56,'SAS',trails
44,44,44,201305190SAS,10.1,6.5,3rd quarter,5:43.0,Marc Gasol,MEM,False,2-pointer,14,46-62,'SAS',trails
62,62,62,201305190SAS,13.9,20.4,4th quarter,6:15.0,Marc Gasol,MEM,False,2-pointer,18,70-92,'SAS',trails
64,64,64,201305190SAS,30.9,7.5,4th quarter,5:40.0,Marc Gasol,MEM,True,2-pointer,7,72-92,'SAS',trails
1,1,1,201305210SAS,21.1,10.3,1st quarter,9:57.0,Marc Gasol,MEM,False,2-pointer,6,0-4,'SAS',trails
3,3,3,201305210SAS,13.1,21.2,1st quarter,9:08.0,Marc Gasol,MEM,False,2-pointer,20,0-6,'SAS',trails
4,4,4,201305210SAS,23.6,10.8,1st quarter,8:03.0,Marc Gasol,MEM,True,2-pointer,6,2-7,'SAS',trails
15,15,15,201305210SAS,25.0,5.0,1st quarter,0:40.9,Marc Gasol,MEM,False,2-pointer,1,11-15,'SAS',trails
16,16,16,201305210SAS,17.0,5.9,1st quarter,0:36.9,Marc Gasol,MEM,True,2-pointer,7,13-15,'SAS',trails
47,47,47,201305210SAS,29.8,4.2,3rd quarter,11:39.0,Marc Gasol,MEM,True,2-pointer,6,33-46,'SAS',trails
52,52,52,201305210SAS,24.6,25.3,3rd quarter,8:36.0,Marc Gasol,MEM,False,2-pointer,20,39-56,'SAS',trails
62,62,62,201305210SAS,22.4,3.9,3rd quarter,1:18.0,Marc Gasol,MEM,True,2-pointer,2,58-72,'SAS',trails
73,73,73,201305210SAS,10.2,12.1,4th quarter,6:18.0,Marc Gasol,MEM,False,2-pointer,16,73-83,'SAS',trails
82,82,82,201305210SAS,18.6,22.5,4th quarter,1:21.0,Marc Gasol,MEM,False,2-pointer,18,78-85,'SAS',trails
90,90,90,201305210SAS,22.7,5.4,1st overtime,1:33.0,Marc Gasol,MEM,False,2-pointer,1,87-89,'SAS',trails
92,92,92,201305210SAS,24.0,5.3,1st overtime,0:52.9,Marc Gasol,MEM,False,2-pointer,0,87-91,'SAS',trails
84,84,84,201305250MEM,12.1,5.4,1st quarter,10:54.0,Marc Gasol,MEM,False,2-pointer,12,0-0,'SAS',tied
100,100,100,201305250MEM,19.2,20.7,1st quarter,2:50.0,Marc Gasol,MEM,True,2-pointer,16,21-8,'SAS',leads
115,115,115,201305250MEM,19.7,21.7,2nd quarter,6:28.0,Marc Gasol,MEM,True,2-pointer,17,38-29,'SAS',leads
116,116,116,201305250MEM,14.8,18.1,2nd quarter,5:45.0,Marc Gasol,MEM,True,2-pointer,16,40-29,'SAS',leads
120,120,120,201305250MEM,23.2,12.7,2nd quarter,3:27.0,Marc Gasol,MEM,False,2-pointer,8,42-36,'SAS',leads
121,121,121,201305250MEM,24.0,22.9,2nd quarter,2:41.0,Marc Gasol,MEM,True,2-pointer,18,44-36,'SAS',leads
133,133,133,201305250MEM,23.8,5.3,3rd quarter,9:48.0,Marc Gasol,MEM,True,2-pointer,0,47-44,'SAS',leads
134,134,134,201305250MEM,20.6,23.7,3rd quarter,8:53.0,Marc Gasol,MEM,False,2-pointer,19,47-46,'SAS',leads
135,135,135,201305250MEM,24.1,6.4,3rd quarter,8:20.0,Marc Gasol,MEM,False,2-pointer,1,47-46,'SAS',leads
143,143,143,201305250MEM,18.0,9.5,3rd quarter,4:15.0,Marc Gasol,MEM,False,2-pointer,8,57-52,'SAS',leads
148,148,148,201305250MEM,22.1,12.5,3rd quarter,1:39.0,Marc Gasol,MEM,False,2-pointer,8,61-58,'SAS',leads
153,153,153,201305250MEM,12.1,14.3,4th quarter,10:13.0,Marc Gasol,MEM,False,2-pointer,15,69-72,'SAS',trails
161,161,161,201305250MEM,23.6,4.7,4th quarter,6:10.0,Marc Gasol,MEM,True,2-pointer,1,80-78,'SAS',leads
163,163,163,201305250MEM,22.4,6.2,4th quarter,5:35.0,Marc Gasol,MEM,False,2-pointer,2,80-80,'SAS',tied
169,169,169,201305250MEM,27.9,17.1,4th quarter,1:04.0,Marc Gasol,MEM,True,2-pointer,13,85-84,'SAS',leads
173,173,173,201305250MEM,12.3,7.0,1st overtime,3:53.0,Marc Gasol,MEM,False,2-pointer,12,88-91,'SAS',trails
174,174,174,201305250MEM,21.0,7.3,1st overtime,2:31.0,Marc Gasol,MEM,False,2-pointer,4,89-95,'SAS',trails
176,176,176,201305250MEM,28.8,17.7,1st overtime,1:28.0,Marc Gasol,MEM,False,2-pointer,14,91-97,'SAS',trails
76,76,76,201305270MEM,18.6,4.2,1st quarter,11:29.0,Marc Gasol,MEM,False,2-pointer,5,0-0,'SAS',tied
80,80,80,201305270MEM,24.0,9.5,1st quarter,8:53.0,Marc Gasol,MEM,True,2-pointer,5,6-2,'SAS',leads
84,84,84,201305270MEM,20.2,22.8,1st quarter,6:11.0,Marc Gasol,MEM,True,2-pointer,18,8-10,'SAS',trails
93,93,93,201305270MEM,30.1,6.5,1st quarter,1:44.0,Marc Gasol,MEM,False,2-pointer,6,12-21,'SAS',trails
95,95,95,201305270MEM,18.3,7.2,1st quarter,0:16.9,Marc Gasol,MEM,False,2-pointer,6,14-24,'SAS',trails
99,99,99,201305270MEM,17.5,19.8,2nd quarter,10:55.0,Marc Gasol,MEM,False,2-pointer,16,16-24,'SAS',trails
104,104,104,201305270MEM,21.9,7.6,2nd quarter,8:40.0,Marc Gasol,MEM,False,2-pointer,3,20-28,'SAS',trails
115,115,115,201305270MEM,12.0,7.2,3rd quarter,11:24.0,Marc Gasol,MEM,True,2-pointer,12,40-46,'SAS',trails
121,121,121,201305270MEM,13.2,12.5,3rd quarter,7:00.0,Marc Gasol,MEM,False,2-pointer,13,48-57,'SAS',trails
125,125,125,201305270MEM,22.1,5.0,3rd quarter,4:51.0,Marc Gasol,MEM,True,2-pointer,2,53-63,'SAS',trails
157,157,157,201305270MEM,20.0,6.1,4th quarter,1:15.0,Marc Gasol,MEM,False,2-pointer,4,83-89,'SAS',trails
158,158,158,201305270MEM,19.7,9.2,4th quarter,0:48.7,Marc Gasol,MEM,True,2-pointer,6,86-89,'SAS',trails
1800,1800,1800,201310300SAS,26.6,2.8,1st quarter,11:03.0,Marc Gasol,MEM,False,2-pointer,3,2-3,'SAS',trails
1802,1802,1802,201310300SAS,14.3,16.5,1st quarter,10:35.0,Marc Gasol,MEM,False,2-pointer,17,2-3,'SAS',trails
1809,1809,1809,201310300SAS,21.6,17.3,1st quarter,7:43.0,Marc Gasol,MEM,True,2-pointer,15,6-9,'SAS',trails
1818,1818,1818,201310300SAS,18.3,8.5,1st quarter,2:19.0,Marc Gasol,MEM,True,2-pointer,8,19-13,'SAS',leads
1829,1829,1829,201310300SAS,9.8,1.9,2nd quarter,6:30.0,Marc Gasol,MEM,False,2-pointer,14,22-37,'SAS',trails
1830,1830,1830,201310300SAS,36.5,1.9,2nd quarter,6:05.0,Marc Gasol,MEM,False,2-pointer,13,22-37,'SAS',trails
1836,1836,1836,201310300SAS,18.6,2.7,2nd quarter,2:43.0,Marc Gasol,MEM,True,2-pointer,5,27-42,'SAS',trails
1837,1837,1837,201310300SAS,20.0,13.8,2nd quarter,2:12.0,Marc Gasol,MEM,False,2-pointer,12,27-42,'SAS',trails
1844,1844,1844,201310300SAS,21.7,11.9,3rd quarter,10:14.0,Marc Gasol,MEM,True,2-pointer,9,33-50,'SAS',trails
1846,1846,1846,201310300SAS,16.1,4.1,3rd quarter,8:57.0,Marc Gasol,MEM,True,2-pointer,8,35-53,'SAS',trails
1852,1852,1852,201310300SAS,29.6,4.5,3rd quarter,5:42.0,Marc Gasol,MEM,False,2-pointer,6,39-57,'SAS',trails
1880,1880,1880,201310300SAS,23.6,20.0,4th quarter,4:18.0,Marc Gasol,MEM,False,2-pointer,17,82-89,'SAS',trails
1881,1881,1881,201310300SAS,26.8,4.4,4th quarter,4:09.0,Marc Gasol,MEM,True,2-pointer,3,84-90,'SAS',trails
1882,1882,1882,201310300SAS,32.1,7.8,4th quarter,3:14.0,Marc Gasol,MEM,False,2-pointer,9,84-94,'SAS',trails
1884,1884,1884,201310300SAS,26.4,7.5,4th quarter,2:38.0,Marc Gasol,MEM,True,2-pointer,5,86-96,'SAS',trails
1255,1255,1255,201311010MEM,14.0,7.2,1st quarter,8:29.0,Marc Gasol,MEM,True,2-pointer,11,4-3,'DET',leads
1289,1289,1289,201311010MEM,14.0,14.8,3rd quarter,9:43.0,Marc Gasol,MEM,True,2-pointer,15,51-44,'DET',leads
1299,1299,1299,201311010MEM,12.1,7.5,3rd quarter,4:07.0,Marc Gasol,MEM,False,2-pointer,13,63-59,'DET',leads
1314,1314,1314,201311010MEM,17.3,9.1,4th quarter,4:37.0,Marc Gasol,MEM,False,2-pointer,9,80-87,'DET',trails
1318,1318,1318,201311010MEM,19.1,7.8,4th quarter,0:42.0,Marc Gasol,MEM,True,2-pointer,7,92-95,'DET',trails
1319,1319,1319,201311010MEM,27.7,6.7,4th quarter,0:09.0,Marc Gasol,MEM,False,2-pointer,5,93-95,'DET',trails
1320,1320,1320,201311010MEM,27.7,6.7,4th quarter,0:08.0,Marc Gasol,MEM,True,2-pointer,5,95-95,'DET',tied
1327,1327,1327,201311010MEM,24.9,4.5,1st overtime,0:49.0,Marc Gasol,MEM,False,2-pointer,2,106-99,'DET',leads
0,0,0,201311020DAL,30.2,8.0,1st quarter,11:16.0,Marc Gasol,MEM,True,2-pointer,8,2-0,'DAL',leads
5,5,5,201311020DAL,24.4,22.0,1st quarter,7:29.0,Marc Gasol,MEM,False,2-pointer,19,6-8,'DAL',trails
22,22,22,201311020DAL,31.0,5.3,2nd quarter,8:28.0,Marc Gasol,MEM,False,2-pointer,7,20-39,'DAL',trails
29,29,29,201311020DAL,12.9,21.4,2nd quarter,6:03.0,Marc Gasol,MEM,True,2-pointer,21,26-44,'DAL',trails
32,32,32,201311020DAL,24.7,3.1,2nd quarter,4:29.0,Marc Gasol,MEM,True,2-pointer,1,30-48,'DAL',trails
33,33,33,201311020DAL,16.5,24.1,2nd quarter,4:00.0,Marc Gasol,MEM,False,2-pointer,22,30-48,'DAL',trails
41,41,41,201311020DAL,10.4,17.8,3rd quarter,11:36.0,Marc Gasol,MEM,False,2-pointer,20,43-49,'DAL',trails
45,45,45,201311020DAL,24.1,3.7,3rd quarter,9:34.0,Marc Gasol,MEM,True,2-pointer,1,49-53,'DAL',trails
65,65,65,201311020DAL,28.3,8.6,4th quarter,10:49.0,Marc Gasol,MEM,True,2-pointer,7,67-75,'DAL',trails
66,66,66,201311020DAL,24.0,22.5,4th quarter,10:23.0,Marc Gasol,MEM,True,2-pointer,20,69-76,'DAL',trails
70,70,70,201311020DAL,22.2,24.4,4th quarter,9:16.0,Marc Gasol,MEM,False,2-pointer,21,72-80,'DAL',trails
81,81,81,201311020DAL,24.7,3.3,4th quarter,3:21.0,Marc Gasol,MEM,True,2-pointer,1,89-99,'DAL',trails
82,82,82,201311020DAL,30.1,19.8,4th quarter,2:14.0,Marc Gasol,MEM,True,2-pointer,18,94-103,'DAL',trails
83,83,83,201311020DAL,10.4,23.1,4th quarter,1:42.0,Marc Gasol,MEM,False,3-pointer,24,94-103,'DAL',trails
423,423,423,201311040MEM,13.5,13.7,1st quarter,11:36.0,Marc Gasol,MEM,False,2-pointer,15,0-0,'BOS',tied
437,437,437,201311040MEM,26.0,7.1,1st quarter,3:57.0,Marc Gasol,MEM,False,2-pointer,5,22-14,'BOS',leads
464,464,464,201311040MEM,14.5,9.7,3rd quarter,11:09.0,Marc Gasol,MEM,True,2-pointer,12,48-52,'BOS',trails
465,465,465,201311040MEM,10.6,17.3,3rd quarter,10:42.0,Marc Gasol,MEM,True,2-pointer,20,50-52,'BOS',trails
469,469,469,201311040MEM,12.3,21.1,3rd quarter,8:12.0,Marc Gasol,MEM,True,2-pointer,22,56-54,'BOS',leads
471,471,471,201311040MEM,22.4,5.5,3rd quarter,6:17.0,Marc Gasol,MEM,True,2-pointer,3,60-55,'BOS',leads
473,473,473,201311040MEM,21.1,18.1,3rd quarter,5:41.0,Marc Gasol,MEM,True,2-pointer,15,62-55,'BOS',leads
476,476,476,201311040MEM,17.3,5.3,3rd quarter,3:46.0,Marc Gasol,MEM,False,2-pointer,7,66-57,'BOS',leads
478,478,478,201311040MEM,18.1,22.8,3rd quarter,2:03.0,Marc Gasol,MEM,False,2-pointer,21,66-64,'BOS',leads
495,495,495,201311040MEM,24.0,17.6,4th quarter,1:35.0,Marc Gasol,MEM,True,2-pointer,15,91-88,'BOS',leads
563,563,563,201311060MEM,22.1,4.7,1st quarter,7:07.0,Marc Gasol,MEM,True,2-pointer,3,10-10,'NOP',tied
564,564,564,201311060MEM,24.0,6.7,1st quarter,6:34.0,Marc Gasol,MEM,False,2-pointer,4,10-12,'NOP',trails
569,569,569,201311060MEM,31.3,4.1,1st quarter,1:53.0,Marc Gasol,MEM,False,2-pointer,7,16-31,'NOP',trails
570,570,570,201311060MEM,24.1,3.1,1st quarter,1:15.0,Marc Gasol,MEM,True,2-pointer,0,18-31,'NOP',trails
581,581,581,201311060MEM,19.5,3.6,2nd quarter,6:00.0,Marc Gasol,MEM,False,2-pointer,5,27-43,'NOP',trails
584,584,584,201311060MEM,20.0,18.1,2nd quarter,5:07.0,Marc Gasol,MEM,False,2-pointer,16,29-43,'NOP',trails
586,586,586,201311060MEM,24.7,6.4,2nd quarter,3:58.0,Marc Gasol,MEM,False,2-pointer,3,29-45,'NOP',trails
588,588,588,201311060MEM,23.8,3.9,2nd quarter,2:24.0,Marc Gasol,MEM,True,2-pointer,1,35-47,'NOP',trails
594,594,594,201311060MEM,30.9,22.2,3rd quarter,11:12.0,Marc Gasol,MEM,False,2-pointer,20,41-51,'NOP',trails
601,601,601,201311060MEM,21.7,22.7,3rd quarter,5:15.0,Marc Gasol,MEM,True,2-pointer,20,48-63,'NOP',trails
607,607,607,201311060MEM,13.4,16.4,3rd quarter,0:01.0,Marc Gasol,MEM,False,2-pointer,17,57-79,'NOP',trails
772,772,772,201311090MEM,27.9,21.7,1st quarter,11:17.0,Marc Gasol,MEM,False,2-pointer,19,2-0,'MEM',leads
776,776,776,201311090MEM,10.1,8.5,1st quarter,9:06.0,Marc Gasol,MEM,False,2-pointer,15,5-6,'MEM',trails
777,777,777,201311090MEM,20.6,8.3,1st quarter,8:11.0,Marc Gasol,MEM,False,2-pointer,6,6-8,'MEM',trails
780,780,780,201311090MEM,18.4,18.6,1st quarter,7:51.0,Marc Gasol,MEM,True,2-pointer,17,8-8,'MEM',tied
785,785,785,201311090MEM,33.5,20.5,1st quarter,5:28.0,Marc Gasol,MEM,False,2-pointer,20,14-16,'MEM',trails
797,797,797,201311090MEM,38.3,12.7,2nd quarter,10:40.0,Marc Gasol,MEM,True,2-pointer,17,36-32,'MEM',leads
800,800,800,201311090MEM,19.5,19.5,2nd quarter,9:12.0,Marc Gasol,MEM,True,2-pointer,17,40-32,'MEM',leads
802,802,802,201311090MEM,26.0,21.4,2nd quarter,8:05.0,Marc Gasol,MEM,False,2-pointer,19,42-34,'MEM',leads
812,812,812,201311090MEM,15.3,19.2,2nd quarter,0:08.0,Marc Gasol,MEM,False,2-pointer,18,54-50,'MEM',leads
814,814,814,201311090MEM,26.0,3.0,3rd quarter,10:44.0,Marc Gasol,MEM,True,2-pointer,2,58-55,'MEM',leads
821,821,821,201311090MEM,24.9,11.0,3rd quarter,6:09.0,Marc Gasol,MEM,True,2-pointer,8,74-69,'MEM',leads
832,832,832,201311090MEM,24.2,7.2,4th quarter,11:39.0,Marc Gasol,MEM,True,2-pointer,4,92-77,'MEM',leads
836,836,836,201311090MEM,15.8,17.9,4th quarter,9:15.0,Marc Gasol,MEM,False,2-pointer,17,92-80,'MEM',leads
840,840,840,201311090MEM,23.3,4.2,4th quarter,6:26.0,Marc Gasol,MEM,True,2-pointer,1,98-82,'MEM',leads
843,843,843,201311090MEM,26.4,15.1,4th quarter,5:03.0,Marc Gasol,MEM,True,2-pointer,12,104-82,'MEM',leads
686,686,686,201311110IND,36.5,18.1,1st quarter,10:24.0,Marc Gasol,MEM,False,2-pointer,20,3-5,'IND',trails
688,688,688,201311110IND,16.4,6.6,1st quarter,8:59.0,Marc Gasol,MEM,False,2-pointer,8,4-7,'IND',trails
693,693,693,201311110IND,15.9,6.0,1st quarter,6:50.0,Marc Gasol,MEM,True,2-pointer,9,8-11,'IND',trails
694,694,694,201311110IND,17.0,4.2,1st quarter,6:14.0,Marc Gasol,MEM,False,2-pointer,7,8-13,'IND',trails
698,698,698,201311110IND,19.5,3.7,1st quarter,3:53.0,Marc Gasol,MEM,False,2-pointer,5,12-15,'IND',trails
699,699,699,201311110IND,37.2,19.7,1st quarter,2:28.0,Marc Gasol,MEM,False,2-pointer,21,14-17,'IND',trails
700,700,700,201311110IND,25.5,3.4,1st quarter,2:07.0,Marc Gasol,MEM,True,2-pointer,2,16-17,'IND',trails
718,718,718,201311110IND,33.5,2.8,2nd quarter,3:49.0,Marc Gasol,MEM,False,2-pointer,10,32-40,'IND',trails
725,725,725,201311110IND,12.6,19.8,3rd quarter,11:01.0,Marc Gasol,MEM,False,2-pointer,20,39-49,'IND',trails
726,726,726,201311110IND,9.4,3.4,3rd quarter,10:23.0,Marc Gasol,MEM,True,2-pointer,15,41-49,'IND',trails
731,731,731,201311110IND,8.8,3.3,3rd quarter,7:21.0,Marc Gasol,MEM,True,2-pointer,15,46-57,'IND',trails
736,736,736,201311110IND,34.2,7.8,3rd quarter,3:24.0,Marc Gasol,MEM,True,2-pointer,11,50-63,'IND',trails
738,738,738,201311110IND,16.7,22.5,3rd quarter,2:23.0,Marc Gasol,MEM,False,2-pointer,21,52-65,'IND',trails
751,751,751,201311130MEM,24.7,3.7,1st quarter,7:24.0,Marc Gasol,MEM,True,2-pointer,1,8-9,'TOR',trails
752,752,752,201311130MEM,10.4,3.6,1st quarter,6:44.0,Marc Gasol,MEM,False,2-pointer,14,8-11,'TOR',trails
755,755,755,201311130MEM,26.8,12.6,1st quarter,5:10.0,Marc Gasol,MEM,False,2-pointer,10,12-14,'TOR',trails
768,768,768,201311130MEM,19.1,5.6,2nd quarter,8:52.0,Marc Gasol,MEM,False,2-pointer,6,23-30,'TOR',trails
770,770,770,201311130MEM,24.1,2.2,2nd quarter,8:19.0,Marc Gasol,MEM,False,2-pointer,1,23-32,'TOR',trails
771,771,771,201311130MEM,6.8,2.5,2nd quarter,8:14.0,Marc Gasol,MEM,True,2-pointer,17,25-32,'TOR',trails
780,780,780,201311130MEM,30.4,13.8,2nd quarter,3:47.0,Marc Gasol,MEM,True,2-pointer,13,35-44,'TOR',trails
781,781,781,201311130MEM,20.5,17.6,2nd quarter,3:12.0,Marc Gasol,MEM,True,2-pointer,15,37-46,'TOR',trails
794,794,794,201311130MEM,24.1,3.0,3rd quarter,8:36.0,Marc Gasol,MEM,True,2-pointer,0,58-61,'TOR',trails
798,798,798,201311130MEM,25.8,4.4,3rd quarter,5:47.0,Marc Gasol,MEM,True,2-pointer,2,64-68,'TOR',trails
799,799,799,201311130MEM,22.4,3.9,3rd quarter,5:07.0,Marc Gasol,MEM,False,2-pointer,2,64-70,'TOR',trails
800,800,800,201311130MEM,35.0,3.9,3rd quarter,4:16.0,Marc Gasol,MEM,False,2-pointer,11,66-70,'TOR',trails
805,805,805,201311130MEM,18.3,10.5,3rd quarter,3:02.0,Marc Gasol,MEM,False,2-pointer,9,70-70,'TOR',tied
810,810,810,201311130MEM,35.0,7.8,3rd quarter,0:44.0,Marc Gasol,MEM,False,2-pointer,12,71-76,'TOR',trails
850,850,850,201311150LAL,11.0,18.3,1st quarter,9:40.0,Marc Gasol,MEM,True,2-pointer,20,8-7,'LAL',leads
851,851,851,201311150LAL,33.9,9.9,1st quarter,9:15.0,Marc Gasol,MEM,False,2-pointer,12,8-9,'LAL',trails
868,868,868,201311150LAL,7.6,10.2,2nd quarter,10:06.0,Marc Gasol,MEM,True,2-pointer,18,28-20,'LAL',leads
870,870,870,201311150LAL,24.6,4.4,2nd quarter,9:07.0,Marc Gasol,MEM,False,2-pointer,2,28-22,'LAL',leads
874,874,874,201311150LAL,17.8,13.1,2nd quarter,7:06.0,Marc Gasol,MEM,False,2-pointer,12,34-26,'LAL',leads
878,878,878,201311150LAL,10.6,9.1,2nd quarter,5:27.0,Marc Gasol,MEM,False,2-pointer,15,36-32,'LAL',leads
888,888,888,201311150LAL,12.0,3.3,2nd quarter,0:30.0,Marc Gasol,MEM,False,2-pointer,12,40-38,'LAL',leads
890,890,890,201311150LAL,14.8,15.9,3rd quarter,11:18.0,Marc Gasol,MEM,False,2-pointer,16,40-40,'LAL',tied
905,905,905,201311150LAL,24.0,11.3,3rd quarter,1:12.0,Marc Gasol,MEM,False,2-pointer,8,61-62,'LAL',trails
907,907,907,201311150LAL,17.2,14.0,4th quarter,11:38.0,Marc Gasol,MEM,True,2-pointer,13,65-66,'LAL',trails
908,908,908,201311150LAL,23.3,17.8,4th quarter,11:01.0,Marc Gasol,MEM,False,2-pointer,15,65-66,'LAL',trails
909,909,909,201311150LAL,28.3,10.1,4th quarter,10:31.0,Marc Gasol,MEM,True,2-pointer,8,67-66,'LAL',leads
911,911,911,201311150LAL,15.3,21.1,4th quarter,9:26.0,Marc Gasol,MEM,True,2-pointer,20,69-69,'LAL',tied
925,925,925,201311150LAL,27.4,7.7,4th quarter,2:06.0,Marc Gasol,MEM,True,2-pointer,6,85-81,'LAL',leads
926,926,926,201311150LAL,34.5,21.6,4th quarter,1:39.0,Marc Gasol,MEM,False,2-pointer,21,85-81,'LAL',leads
178,178,178,201311170SAC,26.6,4.4,1st quarter,10:21.0,Marc Gasol,MEM,True,2-pointer,3,4-2,'SAC',leads
183,183,183,201311170SAC,24.2,6.0,1st quarter,7:34.0,Marc Gasol,MEM,True,2-pointer,3,10-7,'SAC',leads
184,184,184,201311170SAC,26.9,21.7,1st quarter,7:04.0,Marc Gasol,MEM,False,2-pointer,19,10-7,'SAC',leads
185,185,185,201311170SAC,23.6,11.5,1st quarter,6:17.0,Marc Gasol,MEM,False,2-pointer,9,10-10,'SAC',tied
191,191,191,201311170SAC,11.5,8.3,1st quarter,3:44.0,Marc Gasol,MEM,False,2-pointer,14,16-14,'SAC',leads
200,200,200,201311170SAC,22.9,9.9,2nd quarter,8:29.0,Marc Gasol,MEM,False,2-pointer,7,27-19,'SAC',leads
201,201,201,201311170SAC,21.3,8.6,2nd quarter,7:50.0,Marc Gasol,MEM,True,2-pointer,6,29-21,'SAC',leads
206,206,206,201311170SAC,25.7,22.0,2nd quarter,3:57.0,Marc Gasol,MEM,True,2-pointer,19,37-27,'SAC',leads
207,207,207,201311170SAC,23.3,7.5,2nd quarter,3:21.0,Marc Gasol,MEM,True,2-pointer,5,39-27,'SAC',leads
210,210,210,201311170SAC,20.8,21.6,2nd quarter,1:38.0,Marc Gasol,MEM,True,2-pointer,19,44-30,'SAC',leads
212,212,212,201311170SAC,23.0,23.3,2nd quarter,0:43.0,Marc Gasol,MEM,False,2-pointer,20,47-30,'SAC',leads
225,225,225,201311170SAC,13.9,13.4,3rd quarter,5:18.0,Marc Gasol,MEM,True,2-pointer,15,67-49,'SAC',leads
226,226,226,201311170SAC,38.6,10.2,3rd quarter,4:34.0,Marc Gasol,MEM,True,2-pointer,16,69-52,'SAC',leads
239,239,239,201311170SAC,15.3,18.4,4th quarter,3:33.0,Marc Gasol,MEM,False,2-pointer,18,89-80,'SAC',leads
508,508,508,201311180LAC,25.3,5.2,1st quarter,9:27.0,Marc Gasol,MEM,True,2-pointer,3,5-0,'MEM',leads
509,509,509,201311180LAC,17.0,22.0,1st quarter,9:06.0,Marc Gasol,MEM,False,2-pointer,20,5-2,'MEM',leads
510,510,510,201311180LAC,10.1,5.5,1st quarter,8:42.0,Marc Gasol,MEM,False,2-pointer,14,5-2,'MEM',leads
511,511,511,201311180LAC,18.9,21.1,1st quarter,8:17.0,Marc Gasol,MEM,False,2-pointer,19,5-4,'MEM',leads
516,516,516,201311180LAC,25.5,5.3,1st quarter,5:48.0,Marc Gasol,MEM,False,2-pointer,3,11-8,'MEM',leads
517,517,517,201311180LAC,25.5,5.3,1st quarter,5:47.0,Marc Gasol,MEM,True,2-pointer,3,13-8,'MEM',leads
527,527,527,201311180LAC,20.2,12.3,2nd quarter,11:15.0,Marc Gasol,MEM,False,2-pointer,10,29-20,'MEM',leads
531,531,531,201311180LAC,14.3,7.8,2nd quarter,8:17.0,Marc Gasol,MEM,False,2-pointer,11,37-28,'MEM',leads
536,536,536,201311180LAC,15.1,19.8,2nd quarter,4:52.0,Marc Gasol,MEM,False,2-pointer,19,41-39,'MEM',leads
546,546,546,201311180LAC,22.9,3.3,3rd quarter,9:35.0,Marc Gasol,MEM,True,2-pointer,1,58-54,'MEM',leads
547,547,547,201311180LAC,36.5,4.5,3rd quarter,8:51.0,Marc Gasol,MEM,True,2-pointer,13,60-56,'MEM',leads
548,548,548,201311180LAC,14.2,4.4,3rd quarter,8:22.0,Marc Gasol,MEM,False,2-pointer,10,60-56,'MEM',leads
552,552,552,201311180LAC,13.1,13.8,3rd quarter,6:30.0,Marc Gasol,MEM,True,2-pointer,15,64-60,'MEM',leads
553,553,553,201311180LAC,24.4,8.0,3rd quarter,6:02.0,Marc Gasol,MEM,True,2-pointer,5,66-63,'MEM',leads
564,564,564,201311180LAC,26.4,3.4,4th quarter,11:24.0,Marc Gasol,MEM,True,2-pointer,2,83-81,'MEM',leads
565,565,565,201311180LAC,11.8,5.2,4th quarter,10:47.0,Marc Gasol,MEM,False,2-pointer,12,83-81,'MEM',leads
568,568,568,201311180LAC,16.1,20.8,4th quarter,9:47.0,Marc Gasol,MEM,False,2-pointer,19,85-83,'MEM',leads
572,572,572,201311180LAC,16.9,17.5,4th quarter,6:34.0,Marc Gasol,MEM,False,2-pointer,16,90-84,'MEM',leads
573,573,573,201311180LAC,23.5,9.7,4th quarter,6:02.0,Marc Gasol,MEM,False,2-pointer,7,90-86,'MEM',leads
575,575,575,201311180LAC,24.4,17.8,4th quarter,4:52.0,Marc Gasol,MEM,False,2-pointer,15,93-88,'MEM',leads
579,579,579,201311180LAC,26.1,6.9,4th quarter,2:27.0,Marc Gasol,MEM,True,2-pointer,4,98-91,'MEM',leads
581,581,581,201311180LAC,16.2,20.9,4th quarter,1:19.0,Marc Gasol,MEM,False,2-pointer,20,101-93,'MEM',leads
618,618,618,201311200GSW,34.0,16.5,1st quarter,8:46.0,Marc Gasol,MEM,False,2-pointer,17,4-7,'GSW',trails
619,619,619,201311200GSW,22.7,14.5,1st quarter,8:04.0,Marc Gasol,MEM,False,2-pointer,12,4-9,'GSW',trails
625,625,625,201311200GSW,40.0,4.4,1st quarter,6:02.0,Marc Gasol,MEM,True,2-pointer,16,8-11,'GSW',trails
627,627,627,201311200GSW,25.3,4.1,1st quarter,4:43.0,Marc Gasol,MEM,True,2-pointer,2,10-16,'GSW',trails
628,628,628,201311200GSW,14.5,17.9,1st quarter,4:09.0,Marc Gasol,MEM,True,2-pointer,18,12-18,'GSW',trails
641,641,641,201311200GSW,17.5,11.6,2nd quarter,7:34.0,Marc Gasol,MEM,True,2-pointer,11,22-32,'GSW',trails
643,643,643,201311200GSW,33.5,19.2,2nd quarter,6:49.0,Marc Gasol,MEM,False,2-pointer,19,22-32,'GSW',trails
644,644,644,201311200GSW,13.9,16.7,2nd quarter,5:57.0,Marc Gasol,MEM,True,2-pointer,17,24-34,'GSW',trails
645,645,645,201311200GSW,33.5,14.2,2nd quarter,5:27.0,Marc Gasol,MEM,False,2-pointer,15,24-34,'GSW',trails
657,657,657,201311200GSW,23.6,4.7,3rd quarter,8:53.0,Marc Gasol,MEM,True,2-pointer,2,41-46,'GSW',trails
658,658,658,201311200GSW,22.1,21.9,3rd quarter,8:13.0,Marc Gasol,MEM,False,2-pointer,19,41-46,'GSW',trails
664,664,664,201311200GSW,25.0,11.8,3rd quarter,4:42.0,Marc Gasol,MEM,False,2-pointer,9,51-50,'GSW',leads
691,691,691,201311200GSW,16.9,11.3,4th quarter,0:11.0,Marc Gasol,MEM,False,2-pointer,11,75-75,'GSW',tied
694,694,694,201311200GSW,18.4,15.3,1st overtime,3:55.0,Marc Gasol,MEM,False,2-pointer,14,77-75,'GSW',leads
861,861,861,201311220MEM,17.8,2.5,1st quarter,10:37.0,Marc Gasol,MEM,True,2-pointer,6,2-2,'SAS',tied
871,871,871,201311220MEM,28.0,7.1,1st quarter,5:14.0,Marc Gasol,MEM,False,2-pointer,6,9-10,'SAS',trails
881,881,881,201311220MEM,19.2,17.6,2nd quarter,10:31.0,Marc Gasol,MEM,False,2-pointer,15,23-28,'SAS',trails
582,582,582,201401140MEM,14.3,6.6,1st quarter,10:59.0,Marc Gasol,MEM,False,2-pointer,10,0-0,'OKC',tied
612,612,612,201401140MEM,20.2,23.5,2nd quarter,7:34.0,Marc Gasol,MEM,True,2-pointer,21,27-27,'OKC',tied
616,616,616,201401140MEM,28.3,20.0,2nd quarter,5:03.0,Marc Gasol,MEM,False,2-pointer,18,34-33,'OKC',leads
631,631,631,201401140MEM,16.9,3.3,3rd quarter,8:19.0,Marc Gasol,MEM,True,2-pointer,7,52-53,'OKC',trails
656,656,656,201401140MEM,11.3,17.9,4th quarter,2:40.0,Marc Gasol,MEM,True,2-pointer,20,86-80,'OKC',leads
657,657,657,201401140MEM,17.8,20.5,4th quarter,2:08.0,Marc Gasol,MEM,False,2-pointer,19,86-82,'OKC',leads
659,659,659,201401140MEM,24.9,9.6,4th quarter,0:27.0,Marc Gasol,MEM,False,2-pointer,7,87-84,'OKC',leads
513,513,513,201401150MIL,11.2,15.4,1st quarter,11:45.0,Marc Gasol,MEM,False,2-pointer,18,0-0,'MIL',tied
518,518,518,201401150MIL,23.8,2.4,1st quarter,9:16.0,Marc Gasol,MEM,False,2-pointer,1,0-6,'MIL',trails
550,550,550,201401150MIL,22.7,8.8,3rd quarter,11:23.0,Marc Gasol,MEM,False,2-pointer,6,42-37,'MIL',leads
554,554,554,201401150MIL,24.7,6.0,3rd quarter,8:54.0,Marc Gasol,MEM,False,2-pointer,3,45-41,'MIL',leads
587,587,587,201401170MEM,10.6,4.4,1st quarter,11:46.0,Marc Gasol,MEM,False,2-pointer,13,0-0,'SAC',tied
592,592,592,201401170MEM,16.9,5.3,1st quarter,8:54.0,Marc Gasol,MEM,False,2-pointer,7,10-6,'SAC',leads
596,596,596,201401170MEM,34.5,4.2,1st quarter,6:43.0,Marc Gasol,MEM,False,2-pointer,11,12-8,'SAC',leads
599,599,599,201401170MEM,23.6,5.0,1st quarter,5:26.0,Marc Gasol,MEM,True,2-pointer,2,14-14,'SAC',tied
618,618,618,201401170MEM,24.0,20.9,2nd quarter,5:43.0,Marc Gasol,MEM,True,2-pointer,18,32-34,'SAC',trails
631,631,631,201401170MEM,17.2,9.6,3rd quarter,10:57.0,Marc Gasol,MEM,True,2-pointer,9,46-46,'SAC',tied
633,633,633,201401170MEM,24.9,3.4,3rd quarter,9:33.0,Marc Gasol,MEM,True,2-pointer,1,48-46,'SAC',leads
634,634,634,201401170MEM,9.8,9.0,3rd quarter,8:59.0,Marc Gasol,MEM,True,2-pointer,15,50-48,'SAC',leads
636,636,636,201401170MEM,31.3,5.8,3rd quarter,7:45.0,Marc Gasol,MEM,True,2-pointer,8,52-50,'SAC',leads
638,638,638,201401170MEM,21.4,5.2,3rd quarter,6:53.0,Marc Gasol,MEM,False,2-pointer,3,55-52,'SAC',leads
639,639,639,201401170MEM,40.3,4.7,3rd quarter,6:24.0,Marc Gasol,MEM,False,2-pointer,16,55-52,'SAC',leads
659,659,659,201401170MEM,32.8,3.4,4th quarter,4:22.0,Marc Gasol,MEM,True,2-pointer,9,81-86,'SAC',trails
664,664,664,201401170MEM,10.7,16.7,4th quarter,0:17.0,Marc Gasol,MEM,False,2-pointer,19,91-90,'SAC',leads
1262,1262,1262,201401200MEM,27.4,16.8,1st quarter,6:27.0,Marc Gasol,MEM,False,2-pointer,14,9-9,'NOP',tied
1265,1265,1265,201401200MEM,25.7,3.3,1st quarter,4:10.0,Marc Gasol,MEM,False,2-pointer,2,10-17,'NOP',trails
1274,1274,1274,201401200MEM,24.0,3.1,2nd quarter,9:47.0,Marc Gasol,MEM,True,2-pointer,0,22-29,'NOP',trails
1277,1277,1277,201401200MEM,13.7,6.0,2nd quarter,6:02.0,Marc Gasol,MEM,False,2-pointer,11,26-34,'NOP',trails
1291,1291,1291,201401200MEM,28.0,6.5,2nd quarter,0:01.0,Marc Gasol,MEM,False,2-pointer,5,40-41,'NOP',trails
1298,1298,1298,201401200MEM,19.4,7.4,3rd quarter,7:37.0,Marc Gasol,MEM,False,2-pointer,6,50-48,'NOP',leads
1305,1305,1305,201401200MEM,24.1,21.6,3rd quarter,4:12.0,Marc Gasol,MEM,True,2-pointer,19,60-58,'NOP',leads
1308,1308,1308,201401200MEM,20.8,20.2,3rd quarter,2:53.0,Marc Gasol,MEM,False,2-pointer,18,62-60,'NOP',leads
1321,1321,1321,201401200MEM,18.6,10.1,4th quarter,6:12.0,Marc Gasol,MEM,False,2-pointer,9,76-85,'NOP',trails
1324,1324,1324,201401200MEM,22.7,3.3,4th quarter,4:28.0,Marc Gasol,MEM,True,2-pointer,1,83-87,'NOP',trails
1325,1325,1325,201401200MEM,28.8,7.7,4th quarter,3:36.0,Marc Gasol,MEM,True,2-pointer,7,85-87,'NOP',trails
1326,1326,1326,201401200MEM,17.3,21.4,4th quarter,2:56.0,Marc Gasol,MEM,False,2-pointer,20,85-89,'NOP',trails
1142,1142,1142,201401240HOU,22.9,3.1,1st quarter,7:29.0,Marc Gasol,MEM,True,2-pointer,1,11-4,'HOU',leads
1143,1143,1143,201401240HOU,12.9,5.0,1st quarter,6:49.0,Marc Gasol,MEM,True,2-pointer,11,13-6,'HOU',leads
1148,1148,1148,201401240HOU,18.8,13.7,1st quarter,4:04.0,Marc Gasol,MEM,False,2-pointer,12,15-10,'HOU',leads
1150,1150,1150,201401240HOU,13.7,7.1,1st quarter,2:49.0,Marc Gasol,MEM,False,2-pointer,11,17-12,'HOU',leads
1153,1153,1153,201401240HOU,30.5,4.9,1st quarter,0:24.0,Marc Gasol,MEM,True,2-pointer,7,21-18,'HOU',leads
1174,1174,1174,201401240HOU,2.5,22.0,3rd quarter,10:40.0,Marc Gasol,MEM,False,3-pointer,29,44-40,'HOU',leads
1182,1182,1182,201401240HOU,12.6,13.1,3rd quarter,5:27.0,Marc Gasol,MEM,False,2-pointer,15,47-52,'HOU',trails
417,417,417,201401250MEM,20.6,15.4,1st quarter,10:45.0,Marc Gasol,MEM,False,2-pointer,13,0-4,'HOU',trails
426,426,426,201401250MEM,19.5,5.3,1st quarter,7:30.0,Marc Gasol,MEM,False,2-pointer,5,4-4,'HOU',tied
454,454,454,201401250MEM,12.9,12.3,2nd quarter,4:52.0,Marc Gasol,MEM,True,2-pointer,14,35-31,'HOU',leads
462,462,462,201401250MEM,12.6,16.4,3rd quarter,10:45.0,Marc Gasol,MEM,False,2-pointer,18,46-37,'HOU',leads
474,474,474,201401250MEM,17.5,19.8,3rd quarter,4:35.0,Marc Gasol,MEM,False,2-pointer,18,60-44,'HOU',leads
492,492,492,201401250MEM,15.0,12.3,4th quarter,7:45.0,Marc Gasol,MEM,True,2-pointer,13,80-60,'HOU',leads
1009,1009,1009,201401280POR,25.0,10.7,1st quarter,6:13.0,Marc Gasol,MEM,True,2-pointer,8,17-11,'POR',leads
1010,1010,1010,201401280POR,10.1,1.9,1st quarter,5:37.0,Marc Gasol,MEM,True,2-pointer,14,19-11,'POR',leads
1034,1034,1034,201401280POR,19.5,22.5,2nd quarter,4:19.0,Marc Gasol,MEM,True,2-pointer,20,54-37,'POR',leads
1036,1036,1036,201401280POR,15.4,2.2,2nd quarter,2:45.0,Marc Gasol,MEM,False,2-pointer,9,57-41,'POR',leads
1043,1043,1043,201401280POR,20.0,7.4,3rd quarter,11:29.0,Marc Gasol,MEM,False,2-pointer,6,61-48,'POR',leads
1046,1046,1046,201401280POR,24.9,13.1,3rd quarter,9:56.0,Marc Gasol,MEM,True,2-pointer,10,65-50,'POR',leads
1048,1048,1048,201401280POR,34.5,20.5,3rd quarter,8:59.0,Marc Gasol,MEM,False,2-pointer,20,65-50,'POR',leads
1057,1057,1057,201401280POR,25.0,19.7,3rd quarter,3:12.0,Marc Gasol,MEM,True,2-pointer,17,75-53,'POR',leads
1066,1066,1066,201401280POR,23.0,20.2,4th quarter,9:32.0,Marc Gasol,MEM,False,2-pointer,17,81-63,'POR',leads
1067,1067,1067,201401280POR,23.8,5.2,4th quarter,9:00.0,Marc Gasol,MEM,True,2-pointer,2,83-65,'POR',leads
1068,1068,1068,201401280POR,7.2,1.7,4th quarter,8:27.0,Marc Gasol,MEM,True,2-pointer,17,86-65,'POR',leads
1072,1072,1072,201401280POR,23.0,9.0,4th quarter,6:00.0,Marc Gasol,MEM,False,2-pointer,6,89-70,'POR',leads
1077,1077,1077,201401280POR,21.1,7.2,4th quarter,2:32.0,Marc Gasol,MEM,False,2-pointer,5,94-81,'POR',leads
1151,1151,1151,201401290SAC,27.1,14.6,1st quarter,11:41.0,Marc Gasol,MEM,False,2-pointer,12,0-0,'SAC',tied
1157,1157,1157,201401290SAC,24.4,7.6,1st quarter,8:51.0,Marc Gasol,MEM,False,2-pointer,5,4-7,'SAC',trails
1158,1158,1158,201401290SAC,26.0,19.8,1st quarter,7:54.0,Marc Gasol,MEM,True,2-pointer,17,6-9,'SAC',trails
1159,1159,1159,201401290SAC,23.6,3.7,1st quarter,7:10.0,Marc Gasol,MEM,True,2-pointer,1,8-11,'SAC',trails
1164,1164,1164,201401290SAC,9.6,11.6,1st quarter,2:32.0,Marc Gasol,MEM,True,2-pointer,17,20-20,'SAC',tied
1166,1166,1166,201401290SAC,28.0,12.9,1st quarter,1:21.0,Marc Gasol,MEM,True,2-pointer,11,25-22,'SAC',leads
1194,1194,1194,201401290SAC,19.2,10.8,3rd quarter,7:35.0,Marc Gasol,MEM,True,2-pointer,9,59-55,'SAC',leads
1195,1195,1195,201401290SAC,24.4,22.5,3rd quarter,6:40.0,Marc Gasol,MEM,False,2-pointer,20,59-57,'SAC',leads
1203,1203,1203,201401290SAC,18.8,11.3,3rd quarter,2:20.0,Marc Gasol,MEM,False,2-pointer,10,65-61,'SAC',leads
1219,1219,1219,201401290SAC,27.6,17.8,4th quarter,4:55.0,Marc Gasol,MEM,True,2-pointer,15,84-78,'SAC',leads
654,654,654,201401310MIN,24.0,3.4,1st quarter,11:08.0,Marc Gasol,MEM,True,2-pointer,0,4-2,'MIN',leads
659,659,659,201401310MIN,22.5,4.7,1st quarter,8:28.0,Marc Gasol,MEM,True,2-pointer,2,10-6,'MIN',leads
662,662,662,201401310MIN,15.4,16.4,1st quarter,7:00.0,Marc Gasol,MEM,True,2-pointer,16,15-10,'MIN',leads
670,670,670,201401310MIN,24.0,9.0,1st quarter,1:32.0,Marc Gasol,MEM,True,2-pointer,6,25-20,'MIN',leads
691,691,691,201401310MIN,24.6,18.9,2nd quarter,2:37.0,Marc Gasol,MEM,False,2-pointer,16,44-35,'MIN',leads
695,695,695,201401310MIN,10.1,6.0,2nd quarter,0:09.0,Marc Gasol,MEM,False,2-pointer,14,50-37,'MIN',leads
697,697,697,201401310MIN,10.9,5.6,3rd quarter,11:03.0,Marc Gasol,MEM,False,2-pointer,13,50-37,'MIN',leads
709,709,709,201401310MIN,24.9,8.5,3rd quarter,4:40.0,Marc Gasol,MEM,False,2-pointer,6,61-50,'MIN',leads
710,710,710,201401310MIN,24.4,9.0,3rd quarter,3:27.0,Marc Gasol,MEM,False,2-pointer,6,63-55,'MIN',leads
717,717,717,201401310MIN,18.9,13.5,4th quarter,10:05.0,Marc Gasol,MEM,False,2-pointer,12,68-71,'MIN',trails
905,905,905,201402010MEM,6.1,3.9,1st quarter,11:45.0,Marc Gasol,MEM,False,2-pointer,18,0-0,'MEM',tied
908,908,908,201402010MEM,22.4,8.0,1st quarter,9:06.0,Marc Gasol,MEM,False,2-pointer,5,1-8,'MEM',trails
912,912,912,201402010MEM,24.9,3.9,1st quarter,6:35.0,Marc Gasol,MEM,True,2-pointer,1,5-12,'MEM',trails
913,913,913,201402010MEM,23.8,3.3,1st quarter,6:17.0,Marc Gasol,MEM,True,2-pointer,0,7-12,'MEM',trails
914,914,914,201402010MEM,16.5,9.0,1st quarter,5:38.0,Marc Gasol,MEM,True,2-pointer,10,9-12,'MEM',trails
918,918,918,201402010MEM,18.9,19.4,1st quarter,3:37.0,Marc Gasol,MEM,False,2-pointer,17,13-12,'MEM',leads
935,935,935,201402010MEM,27.9,9.3,2nd quarter,6:40.0,Marc Gasol,MEM,False,2-pointer,7,26-38,'MEM',trails
936,936,936,201402010MEM,30.7,5.3,2nd quarter,6:03.0,Marc Gasol,MEM,True,2-pointer,7,28-38,'MEM',trails
938,938,938,201402010MEM,24.0,23.1,2nd quarter,4:35.0,Marc Gasol,MEM,True,2-pointer,20,33-38,'MEM',trails
942,942,942,201402010MEM,24.4,2.8,2nd quarter,2:19.0,Marc Gasol,MEM,False,2-pointer,0,33-45,'MEM',trails
948,948,948,201402010MEM,24.4,17.9,3rd quarter,11:29.0,Marc Gasol,MEM,True,2-pointer,15,45-51,'MEM',trails
953,953,953,201402010MEM,13.1,11.5,3rd quarter,8:46.0,Marc Gasol,MEM,True,2-pointer,14,47-53,'MEM',trails
955,955,955,201402010MEM,19.2,14.6,3rd quarter,7:44.0,Marc Gasol,MEM,True,2-pointer,13,49-53,'MEM',trails
957,957,957,201402010MEM,30.7,8.2,3rd quarter,5:27.0,Marc Gasol,MEM,True,2-pointer,8,53-55,'MEM',trails
958,958,958,201402010MEM,17.5,7.8,3rd quarter,3:51.0,Marc Gasol,MEM,False,2-pointer,8,53-60,'MEM',trails
1130,1130,1130,201402030OKC,21.6,15.1,1st quarter,9:21.0,Marc Gasol,MEM,False,2-pointer,12,2-2,'OKC',tied
1132,1132,1132,201402030OKC,20.6,20.5,1st quarter,8:29.0,Marc Gasol,MEM,False,2-pointer,18,2-4,'OKC',trails
1143,1143,1143,201402030OKC,16.1,5.3,1st quarter,2:18.0,Marc Gasol,MEM,True,2-pointer,8,14-14,'OKC',tied
1158,1158,1158,201402030OKC,15.1,2.5,2nd quarter,6:29.0,Marc Gasol,MEM,False,2-pointer,9,30-31,'OKC',trails
1165,1165,1165,201402030OKC,23.6,7.4,2nd quarter,3:31.0,Marc Gasol,MEM,False,2-pointer,4,33-40,'OKC',trails
1169,1169,1169,201402030OKC,16.2,2.5,3rd quarter,11:39.0,Marc Gasol,MEM,True,2-pointer,8,38-51,'OKC',trails
1172,1172,1172,201402030OKC,16.4,3.7,3rd quarter,9:30.0,Marc Gasol,MEM,True,2-pointer,8,45-53,'OKC',trails
1178,1178,1178,201402030OKC,13.5,20.9,3rd quarter,6:33.0,Marc Gasol,MEM,True,2-pointer,21,51-56,'OKC',trails
1181,1181,1181,201402030OKC,23.0,16.1,3rd quarter,4:38.0,Marc Gasol,MEM,False,2-pointer,13,53-60,'OKC',trails
1185,1185,1185,201402030OKC,24.9,3.7,3rd quarter,1:57.0,Marc Gasol,MEM,False,2-pointer,1,57-62,'OKC',trails
1199,1199,1199,201402030OKC,30.2,5.3,4th quarter,6:03.0,Marc Gasol,MEM,True,2-pointer,7,73-76,'OKC',trails
764,764,764,201402050MEM,28.7,18.1,1st quarter,9:21.0,Marc Gasol,MEM,False,2-pointer,16,6-4,'DAL',leads
765,765,765,201402050MEM,13.7,5.6,1st quarter,8:42.0,Marc Gasol,MEM,False,2-pointer,11,7-6,'DAL',leads
769,769,769,201402050MEM,23.6,3.3,1st quarter,6:07.0,Marc Gasol,MEM,True,2-pointer,1,16-8,'DAL',leads
786,786,786,201402050MEM,23.0,17.3,2nd quarter,8:22.0,Marc Gasol,MEM,True,2-pointer,14,34-27,'DAL',leads
802,802,802,201402050MEM,23.5,3.9,3rd quarter,6:56.0,Marc Gasol,MEM,False,2-pointer,1,61-61,'DAL',tied
816,816,816,201402050MEM,10.9,4.2,4th quarter,8:08.0,Marc Gasol,MEM,True,2-pointer,13,78-90,'DAL',trails
2,2,2,201402080ATL,25.8,12.6,1st quarter,10:58.0,Marc Gasol,MEM,False,2-pointer,10,0-2,'MEM',trails
4,4,4,201402080ATL,11.2,4.4,1st quarter,10:01.0,Marc Gasol,MEM,True,2-pointer,13,4-5,'MEM',trails
10,10,10,201402080ATL,22.9,14.8,1st quarter,6:36.0,Marc Gasol,MEM,True,2-pointer,12,10-17,'MEM',trails
12,12,12,201402080ATL,16.2,15.7,1st quarter,5:09.0,Marc Gasol,MEM,False,2-pointer,15,12-22,'MEM',trails
18,18,18,201402080ATL,9.6,9.7,1st quarter,2:35.0,Marc Gasol,MEM,False,2-pointer,16,18-26,'MEM',trails
27,27,27,201402080ATL,20.0,14.2,2nd quarter,11:37.0,Marc Gasol,MEM,False,2-pointer,12,27-29,'MEM',trails
29,29,29,201402080ATL,15.0,15.3,2nd quarter,10:54.0,Marc Gasol,MEM,False,2-pointer,15,29-29,'MEM',tied
34,34,34,201402080ATL,22.4,4.1,2nd quarter,8:04.0,Marc Gasol,MEM,False,2-pointer,2,31-31,'MEM',tied
47,47,47,201402080ATL,12.6,3.7,2nd quarter,0:59.0,Marc Gasol,MEM,False,2-pointer,11,35-41,'MEM',trails
64,64,64,201402080ATL,30.5,21.9,3rd quarter,2:35.0,Marc Gasol,MEM,False,2-pointer,20,52-52,'MEM',tied
70,70,70,201402080ATL,16.2,18.1,4th quarter,11:22.0,Marc Gasol,MEM,False,2-pointer,17,61-54,'MEM',leads
71,71,71,201402080ATL,25.2,3.6,4th quarter,11:14.0,Marc Gasol,MEM,True,2-pointer,1,63-54,'MEM',leads
81,81,81,201402080ATL,22.7,15.1,4th quarter,3:40.0,Marc Gasol,MEM,True,2-pointer,12,77-67,'MEM',leads
89,89,89,201402080ATL,20.8,14.2,4th quarter,0:16.0,Marc Gasol,MEM,False,2-pointer,12,79-76,'MEM',leads
325,325,325,201402090CLE,21.0,19.0,1st quarter,9:59.0,Marc Gasol,MEM,False,2-pointer,16,4-2,'CLE',leads
326,326,326,201402090CLE,28.0,4.1,1st quarter,9:23.0,Marc Gasol,MEM,True,2-pointer,4,6-4,'CLE',leads
331,331,331,201402090CLE,29.3,9.3,1st quarter,4:58.0,Marc Gasol,MEM,False,2-pointer,8,10-12,'CLE',trails
351,351,351,201402090CLE,24.4,9.0,2nd quarter,6:05.0,Marc Gasol,MEM,False,2-pointer,6,24-38,'CLE',trails
355,355,355,201402090CLE,23.5,17.9,2nd quarter,3:49.0,Marc Gasol,MEM,False,2-pointer,15,27-38,'CLE',trails
364,364,364,201402090CLE,10.1,4.7,3rd quarter,10:34.0,Marc Gasol,MEM,True,2-pointer,14,37-44,'CLE',trails
365,365,365,201402090CLE,14.5,17.6,3rd quarter,10:09.0,Marc Gasol,MEM,False,2-pointer,17,37-44,'CLE',trails
373,373,373,201402090CLE,20.0,19.4,3rd quarter,5:43.0,Marc Gasol,MEM,False,2-pointer,17,48-49,'CLE',trails
377,377,377,201402090CLE,7.6,11.9,3rd quarter,2:41.0,Marc Gasol,MEM,False,2-pointer,19,52-52,'CLE',tied
404,404,404,201402090CLE,13.4,2.8,1st overtime,1:04.0,Marc Gasol,MEM,False,2-pointer,11,81-85,'CLE',trails
406,406,406,201402090CLE,15.4,5.0,1st overtime,0:35.0,Marc Gasol,MEM,True,2-pointer,9,83-87,'CLE',trails
734,734,734,201402110MEM,14.2,16.7,1st quarter,8:01.0,Marc Gasol,MEM,True,2-pointer,17,10-8,'MEM',leads
737,737,737,201402110MEM,18.4,11.9,1st quarter,7:02.0,Marc Gasol,MEM,False,2-pointer,11,10-11,'MEM',trails
740,740,740,201402110MEM,29.1,6.9,1st quarter,5:01.0,Marc Gasol,MEM,False,2-pointer,6,12-13,'MEM',trails
744,744,744,201402110MEM,27.2,7.5,1st quarter,2:26.0,Marc Gasol,MEM,False,2-pointer,6,18-19,'MEM',trails
748,748,748,201402110MEM,26.1,7.4,1st quarter,1:12.0,Marc Gasol,MEM,True,2-pointer,5,24-19,'MEM',leads
764,764,764,201402110MEM,31.3,15.4,2nd quarter,2:20.0,Marc Gasol,MEM,True,2-pointer,14,46-35,'MEM',leads
767,767,767,201402110MEM,24.4,13.5,2nd quarter,0:06.0,Marc Gasol,MEM,True,2-pointer,11,52-39,'MEM',leads
768,768,768,201402110MEM,15.3,12.3,3rd quarter,11:10.0,Marc Gasol,MEM,True,2-pointer,13,54-42,'MEM',leads
771,771,771,201402110MEM,18.4,19.8,3rd quarter,9:41.0,Marc Gasol,MEM,True,2-pointer,18,59-46,'MEM',leads
783,783,783,201402110MEM,29.6,17.2,3rd quarter,2:30.0,Marc Gasol,MEM,False,2-pointer,15,70-64,'MEM',leads
799,799,799,201402110MEM,22.9,23.9,4th quarter,0:26.0,Marc Gasol,MEM,True,2-pointer,21,91-86,'MEM',leads
1650,1650,1650,201402120ORL,24.1,17.2,1st quarter,9:48.0,Marc Gasol,MEM,False,2-pointer,14,2-2,'ORL',tied
1654,1654,1654,201402120ORL,13.2,7.4,1st quarter,7:09.0,Marc Gasol,MEM,False,2-pointer,12,4-4,'ORL',tied
1682,1682,1682,201402120ORL,12.9,4.1,2nd quarter,1:59.0,Marc Gasol,MEM,True,2-pointer,11,40-32,'ORL',leads
1691,1691,1691,201402120ORL,9.1,17.6,3rd quarter,8:46.0,Marc Gasol,MEM,True,2-pointer,21,48-38,'ORL',leads
1692,1692,1692,201402120ORL,11.0,10.2,3rd quarter,8:17.0,Marc Gasol,MEM,False,2-pointer,15,48-40,'ORL',leads
938,938,938,201402180MEM,23.3,3.6,1st quarter,10:23.0,Marc Gasol,MEM,False,2-pointer,1,2-4,'NYK',trails
939,939,939,201402180MEM,18.3,11.6,1st quarter,10:19.0,Marc Gasol,MEM,False,2-pointer,10,2-4,'NYK',trails
945,945,945,201402180MEM,22.4,6.7,1st quarter,6:18.0,Marc Gasol,MEM,True,2-pointer,4,12-8,'NYK',leads
946,946,946,201402180MEM,14.7,8.0,1st quarter,5:16.0,Marc Gasol,MEM,False,2-pointer,11,12-8,'NYK',leads
965,965,965,201402180MEM,24.1,3.1,2nd quarter,7:16.0,Marc Gasol,MEM,True,2-pointer,0,36-25,'NYK',leads
972,972,972,201402180MEM,23.8,17.0,2nd quarter,2:12.0,Marc Gasol,MEM,True,2-pointer,14,47-33,'NYK',leads
987,987,987,201402180MEM,25.7,3.0,3rd quarter,5:09.0,Marc Gasol,MEM,True,2-pointer,2,58-53,'NYK',leads
769,769,769,201402210MEM,26.9,14.9,1st quarter,10:50.0,Marc Gasol,MEM,True,2-pointer,12,2-0,'MEM',leads
770,770,770,201402210MEM,15.3,18.3,1st quarter,10:07.0,Marc Gasol,MEM,False,2-pointer,18,2-2,'MEM',tied
773,773,773,201402210MEM,13.9,4.5,1st quarter,8:15.0,Marc Gasol,MEM,False,2-pointer,10,5-11,'MEM',trails
777,777,777,201402210MEM,14.5,4.5,1st quarter,6:09.0,Marc Gasol,MEM,False,2-pointer,10,9-13,'MEM',trails
781,781,781,201402210MEM,23.3,2.7,1st quarter,4:36.0,Marc Gasol,MEM,True,2-pointer,1,13-16,'MEM',trails
785,785,785,201402210MEM,24.1,5.6,1st quarter,2:33.0,Marc Gasol,MEM,False,2-pointer,3,17-20,'MEM',trails
787,787,787,201402210MEM,25.0,3.7,1st quarter,2:27.0,Marc Gasol,MEM,True,2-pointer,1,19-20,'MEM',trails
815,815,815,201402210MEM,18.4,7.7,3rd quarter,11:10.0,Marc Gasol,MEM,True,2-pointer,7,55-50,'MEM',leads
822,822,822,201402210MEM,12.0,15.3,3rd quarter,7:57.0,Marc Gasol,MEM,False,2-pointer,17,59-54,'MEM',leads
824,824,824,201402210MEM,22.5,3.6,3rd quarter,6:42.0,Marc Gasol,MEM,False,2-pointer,2,61-57,'MEM',leads
826,826,826,201402210MEM,15.6,4.4,3rd quarter,5:21.0,Marc Gasol,MEM,True,2-pointer,9,64-62,'MEM',leads
828,828,828,201402210MEM,29.3,14.5,3rd quarter,4:39.0,Marc Gasol,MEM,False,2-pointer,13,64-62,'MEM',leads
831,831,831,201402210MEM,19.4,22.5,3rd quarter,3:12.0,Marc Gasol,MEM,True,2-pointer,20,68-65,'MEM',leads
833,833,833,201402210MEM,18.3,11.0,3rd quarter,2:06.0,Marc Gasol,MEM,False,2-pointer,10,68-65,'MEM',leads
850,850,850,201402210MEM,33.2,6.9,4th quarter,1:27.0,Marc Gasol,MEM,False,2-pointer,10,96-92,'MEM',leads
851,851,851,201402210MEM,23.6,4.7,4th quarter,1:16.0,Marc Gasol,MEM,True,2-pointer,2,98-94,'MEM',leads
170,170,170,201402220CHA,21.6,19.7,1st quarter,6:53.0,Marc Gasol,MEM,False,2-pointer,17,6-10,'CHA',trails
173,173,173,201402220CHA,24.1,8.6,1st quarter,4:42.0,Marc Gasol,MEM,True,2-pointer,6,12-12,'CHA',tied
174,174,174,201402220CHA,26.4,8.6,1st quarter,4:10.0,Marc Gasol,MEM,False,2-pointer,6,13-14,'CHA',trails
175,175,175,201402220CHA,22.5,3.9,1st quarter,3:41.0,Marc Gasol,MEM,True,2-pointer,2,15-16,'CHA',trails
177,177,177,201402220CHA,31.3,20.2,1st quarter,2:43.0,Marc Gasol,MEM,False,2-pointer,19,17-18,'CHA',trails
190,190,190,201402220CHA,24.4,5.2,2nd quarter,4:14.0,Marc Gasol,MEM,True,2-pointer,2,40-40,'CHA',tied
192,192,192,201402220CHA,20.6,13.8,2nd quarter,3:23.0,Marc Gasol,MEM,True,2-pointer,11,43-40,'CHA',leads
194,194,194,201402220CHA,12.6,13.7,2nd quarter,1:53.0,Marc Gasol,MEM,False,2-pointer,16,46-42,'CHA',leads
197,197,197,201402220CHA,28.3,20.2,2nd quarter,0:53.0,Marc Gasol,MEM,False,2-pointer,18,48-42,'CHA',leads
202,202,202,201402220CHA,18.1,12.7,3rd quarter,10:54.0,Marc Gasol,MEM,False,2-pointer,11,48-44,'CHA',leads
205,205,205,201402220CHA,14.7,4.2,3rd quarter,8:41.0,Marc Gasol,MEM,False,2-pointer,9,48-50,'CHA',trails
214,214,214,201402220CHA,25.2,9.0,3rd quarter,2:00.0,Marc Gasol,MEM,False,2-pointer,6,59-61,'CHA',trails
225,225,225,201402220CHA,27.1,3.0,4th quarter,7:03.0,Marc Gasol,MEM,False,2-pointer,3,69-82,'CHA',trails
233,233,233,201402220CHA,18.1,13.2,4th quarter,3:26.0,Marc Gasol,MEM,False,2-pointer,12,80-84,'CHA',trails
239,239,239,201402220CHA,26.3,3.3,4th quarter,0:11.0,Marc Gasol,MEM,True,2-pointer,2,89-90,'CHA',trails
727,727,727,201402260MEM,11.0,17.3,1st quarter,11:19.0,Marc Gasol,MEM,False,2-pointer,19,0-0,'LAL',tied
756,756,756,201402260MEM,22.2,3.7,2nd quarter,7:57.0,Marc Gasol,MEM,True,2-pointer,2,41-30,'LAL',leads
757,757,757,201402260MEM,28.3,12.9,2nd quarter,7:31.0,Marc Gasol,MEM,True,2-pointer,11,43-30,'LAL',leads
760,760,760,201402260MEM,13.1,14.0,2nd quarter,6:08.0,Marc Gasol,MEM,True,2-pointer,15,47-34,'LAL',leads
767,767,767,201402260MEM,25.3,17.6,2nd quarter,3:16.0,Marc Gasol,MEM,False,2-pointer,15,58-43,'LAL',leads
770,770,770,201402260MEM,22.5,6.9,2nd quarter,2:14.0,Marc Gasol,MEM,True,2-pointer,4,61-43,'LAL',leads
777,777,777,201402260MEM,20.0,5.5,3rd quarter,10:47.0,Marc Gasol,MEM,True,2-pointer,5,67-48,'LAL',leads
783,783,783,201402260MEM,23.6,2.4,3rd quarter,7:42.0,Marc Gasol,MEM,True,2-pointer,1,72-54,'LAL',leads
785,785,785,201402260MEM,24.4,17.2,3rd quarter,6:33.0,Marc Gasol,MEM,False,2-pointer,14,74-54,'LAL',leads
814,814,814,201402260MEM,26.9,7.2,4th quarter,2:27.0,Marc Gasol,MEM,False,2-pointer,5,100-89,'LAL',leads
683,683,683,201402280OKC,24.4,6.9,1st quarter,11:16.0,Marc Gasol,MEM,True,2-pointer,4,2-0,'OKC',leads
686,686,686,201402280OKC,37.2,5.2,1st quarter,9:04.0,Marc Gasol,MEM,True,2-pointer,13,6-7,'OKC',trails
690,690,690,201402280OKC,24.4,13.4,1st quarter,6:40.0,Marc Gasol,MEM,True,2-pointer,10,10-12,'OKC',trails
698,698,698,201402280OKC,24.9,4.7,1st quarter,1:52.0,Marc Gasol,MEM,False,2-pointer,2,18-23,'OKC',trails
727,727,727,201402280OKC,24.0,3.1,3rd quarter,8:56.0,Marc Gasol,MEM,True,2-pointer,0,50-65,'OKC',trails
732,732,732,201402280OKC,21.3,21.1,3rd quarter,5:35.0,Marc Gasol,MEM,True,2-pointer,18,59-74,'OKC',trails
734,734,734,201402280OKC,28.7,14.2,3rd quarter,3:52.0,Marc Gasol,MEM,True,2-pointer,12,63-78,'OKC',trails
735,735,735,201402280OKC,15.9,7.4,3rd quarter,3:22.0,Marc Gasol,MEM,False,2-pointer,9,63-81,'OKC',trails
736,736,736,201402280OKC,27.4,3.4,3rd quarter,2:51.0,Marc Gasol,MEM,True,2-pointer,3,65-81,'OKC',trails
757,757,757,201402280OKC,30.7,4.5,4th quarter,1:39.0,Marc Gasol,MEM,False,2-pointer,7,102-105,'OKC',trails
590,590,590,201403010MEM,12.3,20.8,1st quarter,11:37.0,Marc Gasol,MEM,False,2-pointer,21,0-0,'MEM',tied
592,592,592,201403010MEM,29.3,14.2,1st quarter,10:32.0,Marc Gasol,MEM,True,2-pointer,12,4-2,'MEM',leads
595,595,595,201403010MEM,19.1,5.8,1st quarter,8:52.0,Marc Gasol,MEM,False,2-pointer,6,4-7,'MEM',trails
604,604,604,201403010MEM,25.7,2.8,1st quarter,4:34.0,Marc Gasol,MEM,True,2-pointer,2,15-20,'MEM',trails
620,620,620,201403010MEM,13.1,4.7,2nd quarter,5:56.0,Marc Gasol,MEM,True,2-pointer,11,38-50,'MEM',trails
626,626,626,201403010MEM,24.0,13.2,2nd quarter,2:14.0,Marc Gasol,MEM,True,2-pointer,10,49-58,'MEM',trails
628,628,628,201403010MEM,22.7,15.7,2nd quarter,1:00.0,Marc Gasol,MEM,True,2-pointer,13,51-63,'MEM',trails
637,637,637,201403010MEM,28.2,17.9,3rd quarter,8:09.0,Marc Gasol,MEM,False,2-pointer,15,67-73,'MEM',trails
646,646,646,201403010MEM,24.9,23.3,3rd quarter,4:26.0,Marc Gasol,MEM,False,2-pointer,20,75-73,'MEM',leads
654,654,654,201403010MEM,24.1,11.0,4th quarter,10:13.0,Marc Gasol,MEM,False,2-pointer,8,89-83,'MEM',leads
659,659,659,201403010MEM,13.2,14.9,4th quarter,7:00.0,Marc Gasol,MEM,True,2-pointer,16,93-87,'MEM',leads
660,660,660,201403010MEM,12.4,8.3,4th quarter,6:10.0,Marc Gasol,MEM,False,2-pointer,13,93-87,'MEM',leads
667,667,667,201403010MEM,24.1,6.4,4th quarter,1:13.0,Marc Gasol,MEM,True,2-pointer,3,104-94,'MEM',leads
1126,1126,1126,201403030WAS,24.4,6.7,1st quarter,11:39.0,Marc Gasol,MEM,False,2-pointer,4,0-0,'WAS',tied
1135,1135,1135,201403030WAS,13.2,5.3,1st quarter,6:24.0,Marc Gasol,MEM,False,2-pointer,11,8-7,'WAS',leads
1136,1136,1136,201403030WAS,13.5,13.5,1st quarter,6:15.0,Marc Gasol,MEM,False,2-pointer,15,8-7,'WAS',leads
1141,1141,1141,201403030WAS,24.6,3.6,1st quarter,3:32.0,Marc Gasol,MEM,True,2-pointer,1,14-13,'WAS',leads
1144,1144,1144,201403030WAS,21.3,11.9,1st quarter,2:01.0,Marc Gasol,MEM,False,2-pointer,9,18-16,'WAS',leads
1166,1166,1166,201403030WAS,24.2,12.6,2nd quarter,1:39.0,Marc Gasol,MEM,True,2-pointer,10,46-37,'WAS',leads
1170,1170,1170,201403030WAS,13.9,6.9,3rd quarter,9:26.0,Marc Gasol,MEM,True,2-pointer,11,52-49,'WAS',leads
1178,1178,1178,201403030WAS,16.5,15.7,3rd quarter,4:35.0,Marc Gasol,MEM,False,2-pointer,15,60-58,'WAS',leads
1193,1193,1193,201403030WAS,14.0,8.8,4th quarter,8:06.0,Marc Gasol,MEM,False,2-pointer,12,88-71,'WAS',leads
1197,1197,1197,201403030WAS,23.6,3.6,4th quarter,5:41.0,Marc Gasol,MEM,True,2-pointer,1,94-77,'WAS',leads
176,176,176,201403050BRK,31.3,4.1,1st quarter,10:13.0,Marc Gasol,MEM,False,2-pointer,7,0-5,'MEM',trails
179,179,179,201403050BRK,14.8,16.8,1st quarter,8:23.0,Marc Gasol,MEM,False,2-pointer,17,2-8,'MEM',trails
186,186,186,201403050BRK,22.4,4.1,1st quarter,3:47.0,Marc Gasol,MEM,False,2-pointer,2,4-23,'MEM',trails
190,190,190,201403050BRK,22.1,3.4,1st quarter,2:19.0,Marc Gasol,MEM,True,2-pointer,2,9-26,'MEM',trails
192,192,192,201403050BRK,22.7,2.8,1st quarter,1:45.0,Marc Gasol,MEM,False,2-pointer,1,10-28,'MEM',trails
193,193,193,201403050BRK,25.7,3.6,1st quarter,1:42.0,Marc Gasol,MEM,True,2-pointer,2,12-28,'MEM',trails
195,195,195,201403050BRK,25.0,4.7,1st quarter,1:09.0,Marc Gasol,MEM,False,2-pointer,2,12-28,'MEM',trails
196,196,196,201403050BRK,22.2,3.4,1st quarter,1:06.0,Marc Gasol,MEM,False,2-pointer,2,12-28,'MEM',trails
198,198,198,201403050BRK,25.0,5.6,1st quarter,0:33.0,Marc Gasol,MEM,True,2-pointer,3,16-30,'MEM',trails
215,215,215,201403050BRK,15.6,19.5,2nd quarter,5:11.0,Marc Gasol,MEM,True,2-pointer,19,35-40,'MEM',trails
216,216,216,201403050BRK,39.1,3.7,2nd quarter,3:56.0,Marc Gasol,MEM,True,2-pointer,15,37-45,'MEM',trails
217,217,217,201403050BRK,9.1,3.4,2nd quarter,3:08.0,Marc Gasol,MEM,True,2-pointer,15,39-45,'MEM',trails
222,222,222,201403050BRK,8.5,3.4,3rd quarter,9:37.0,Marc Gasol,MEM,False,2-pointer,16,44-61,'MEM',trails
227,227,227,201403050BRK,25.5,6.1,3rd quarter,5:41.0,Marc Gasol,MEM,True,2-pointer,3,52-71,'MEM',trails
324,324,324,201403070CHI,14.7,11.6,1st quarter,4:41.0,Marc Gasol,MEM,True,2-pointer,13,8-10,'CHI',trails
341,341,341,201403070CHI,23.3,9.9,2nd quarter,4:26.0,Marc Gasol,MEM,False,2-pointer,7,28-26,'CHI',leads
343,343,343,201403070CHI,19.5,3.1,2nd quarter,2:45.0,Marc Gasol,MEM,False,2-pointer,5,29-30,'CHI',trails
346,346,346,201403070CHI,10.7,19.7,2nd quarter,1:09.0,Marc Gasol,MEM,True,2-pointer,21,31-35,'CHI',trails
347,347,347,201403070CHI,13.5,19.5,2nd quarter,0:39.0,Marc Gasol,MEM,True,2-pointer,20,33-37,'CHI',trails
348,348,348,201403070CHI,25.8,3.9,2nd quarter,0:06.0,Marc Gasol,MEM,True,2-pointer,2,35-39,'CHI',trails
354,354,354,201403070CHI,12.9,6.6,3rd quarter,8:06.0,Marc Gasol,MEM,True,2-pointer,12,46-50,'CHI',trails
360,360,360,201403070CHI,18.3,19.5,3rd quarter,4:07.0,Marc Gasol,MEM,False,2-pointer,17,52-59,'CHI',trails
362,362,362,201403070CHI,11.2,14.5,3rd quarter,3:21.0,Marc Gasol,MEM,False,2-pointer,17,54-61,'CHI',trails
367,367,367,201403070CHI,13.4,3.9,3rd quarter,0:56.0,Marc Gasol,MEM,False,2-pointer,11,59-61,'CHI',trails
378,378,378,201403070CHI,24.7,23.6,4th quarter,6:56.0,Marc Gasol,MEM,True,2-pointer,21,75-71,'CHI',leads
379,379,379,201403070CHI,14.2,17.6,4th quarter,6:16.0,Marc Gasol,MEM,True,2-pointer,18,77-73,'CHI',leads
383,383,383,201403070CHI,31.2,20.5,4th quarter,3:36.0,Marc Gasol,MEM,False,2-pointer,19,81-75,'CHI',leads
384,384,384,201403070CHI,22.5,18.4,4th quarter,2:55.0,Marc Gasol,MEM,False,2-pointer,15,81-77,'CHI',leads
388,388,388,201403070CHI,26.8,3.4,4th quarter,0:55.0,Marc Gasol,MEM,False,2-pointer,3,83-77,'CHI',leads
390,390,390,201403070CHI,22.7,3.0,4th quarter,0:22.0,Marc Gasol,MEM,True,2-pointer,1,85-77,'CHI',leads
425,425,425,201403080MEM,24.0,3.3,1st quarter,9:58.0,Marc Gasol,MEM,True,2-pointer,0,8-2,'CHA',leads
426,426,426,201403080MEM,11.8,6.6,1st quarter,9:32.0,Marc Gasol,MEM,False,2-pointer,13,8-5,'CHA',leads
434,434,434,201403080MEM,24.4,3.0,1st quarter,4:49.0,Marc Gasol,MEM,True,2-pointer,0,14-17,'CHA',trails
454,454,454,201403080MEM,23.8,20.2,2nd quarter,4:55.0,Marc Gasol,MEM,False,2-pointer,17,40-35,'CHA',leads
456,456,456,201403080MEM,28.3,11.3,2nd quarter,3:09.0,Marc Gasol,MEM,True,2-pointer,9,44-37,'CHA',leads
460,460,460,201403080MEM,19.9,11.9,2nd quarter,1:05.0,Marc Gasol,MEM,False,2-pointer,10,51-42,'CHA',leads
461,461,461,201403080MEM,25.2,3.0,2nd quarter,0:05.0,Marc Gasol,MEM,False,2-pointer,1,51-44,'CHA',leads
464,464,464,201403080MEM,29.6,7.7,3rd quarter,10:20.0,Marc Gasol,MEM,True,2-pointer,7,56-48,'CHA',leads
465,465,465,201403080MEM,26.9,21.9,3rd quarter,9:45.0,Marc Gasol,MEM,False,2-pointer,19,56-48,'CHA',leads
470,470,470,201403080MEM,19.7,11.2,3rd quarter,6:52.0,Marc Gasol,MEM,False,2-pointer,9,62-56,'CHA',leads
475,475,475,201403080MEM,23.0,10.4,3rd quarter,3:47.0,Marc Gasol,MEM,False,2-pointer,7,71-56,'CHA',leads
477,477,477,201403080MEM,19.5,8.0,3rd quarter,2:30.0,Marc Gasol,MEM,True,2-pointer,7,73-58,'CHA',leads
736,736,736,201403110MEM,23.0,9.7,1st quarter,10:21.0,Marc Gasol,MEM,True,2-pointer,7,2-2,'POR',tied
748,748,748,201403110MEM,25.5,2.2,1st quarter,4:02.0,Marc Gasol,MEM,True,2-pointer,2,14-15,'POR',trails
749,749,749,201403110MEM,24.0,6.7,1st quarter,3:25.0,Marc Gasol,MEM,True,2-pointer,4,16-17,'POR',trails
751,751,751,201403110MEM,18.4,6.7,1st quarter,1:39.0,Marc Gasol,MEM,False,2-pointer,7,18-19,'POR',trails
752,752,752,201403110MEM,12.6,20.2,1st quarter,1:10.0,Marc Gasol,MEM,False,2-pointer,21,18-19,'POR',trails
754,754,754,201403110MEM,24.6,2.5,1st quarter,0:32.0,Marc Gasol,MEM,True,2-pointer,1,20-21,'POR',trails
755,755,755,201403110MEM,26.3,15.6,1st quarter,0:01.0,Marc Gasol,MEM,True,2-pointer,13,22-23,'POR',trails
773,773,773,201403110MEM,17.8,13.8,2nd quarter,0:13.0,Marc Gasol,MEM,False,2-pointer,12,54-45,'POR',leads
800,800,800,201403110MEM,17.2,7.5,4th quarter,8:21.0,Marc Gasol,MEM,True,2-pointer,8,87-72,'POR',leads
801,801,801,201403110MEM,25.8,21.1,4th quarter,7:52.0,Marc Gasol,MEM,True,2-pointer,18,89-75,'POR',leads
802,802,802,201403110MEM,12.4,18.9,4th quarter,7:12.0,Marc Gasol,MEM,False,2-pointer,20,89-77,'POR',leads
807,807,807,201403110MEM,22.9,21.3,4th quarter,4:38.0,Marc Gasol,MEM,True,2-pointer,18,98-85,'POR',leads
811,811,811,201403110MEM,22.5,17.6,4th quarter,2:15.0,Marc Gasol,MEM,False,2-pointer,15,104-92,'POR',leads
481,481,481,201403120NOP,8.5,2.7,1st quarter,8:41.0,Marc Gasol,MEM,False,2-pointer,16,4-5,'NOP',trails
499,499,499,201403120NOP,23.6,3.0,2nd quarter,6:56.0,Marc Gasol,MEM,True,2-pointer,0,39-40,'NOP',trails
500,500,500,201403120NOP,36.4,5.5,2nd quarter,5:22.0,Marc Gasol,MEM,False,2-pointer,13,39-40,'NOP',trails
510,510,510,201403120NOP,33.2,15.6,3rd quarter,11:14.0,Marc Gasol,MEM,False,2-pointer,16,48-57,'NOP',trails
513,513,513,201403120NOP,23.6,9.6,3rd quarter,9:18.0,Marc Gasol,MEM,True,2-pointer,7,51-57,'NOP',trails
514,514,514,201403120NOP,18.1,21.1,3rd quarter,8:47.0,Marc Gasol,MEM,True,2-pointer,19,53-58,'NOP',trails
532,532,532,201403120NOP,23.5,5.5,4th quarter,8:13.0,Marc Gasol,MEM,True,2-pointer,3,73-79,'NOP',trails
535,535,535,201403120NOP,32.8,10.5,4th quarter,6:34.0,Marc Gasol,MEM,False,2-pointer,12,78-79,'NOP',trails
541,541,541,201403120NOP,18.4,9.6,4th quarter,3:50.0,Marc Gasol,MEM,False,2-pointer,9,80-86,'NOP',trails
543,543,543,201403120NOP,24.7,17.2,4th quarter,2:48.0,Marc Gasol,MEM,True,2-pointer,14,84-88,'NOP',trails
546,546,546,201403120NOP,26.0,4.9,4th quarter,0:37.0,Marc Gasol,MEM,False,2-pointer,3,88-88,'NOP',tied
1373,1373,1373,201403140TOR,19.4,6.3,1st quarter,7:50.0,Marc Gasol,MEM,True,2-pointer,6,6-8,'TOR',trails
1377,1377,1377,201403140TOR,16.9,4.5,1st quarter,5:30.0,Marc Gasol,MEM,False,2-pointer,7,10-10,'TOR',tied
1402,1402,1402,201403140TOR,25.0,6.0,2nd quarter,5:01.0,Marc Gasol,MEM,False,2-pointer,3,38-30,'TOR',leads
1404,1404,1404,201403140TOR,24.0,3.1,2nd quarter,3:17.0,Marc Gasol,MEM,True,2-pointer,0,40-35,'TOR',leads
1405,1405,1405,201403140TOR,24.0,9.3,2nd quarter,2:40.0,Marc Gasol,MEM,False,2-pointer,6,40-38,'TOR',leads
1407,1407,1407,201403140TOR,30.2,9.1,2nd quarter,1:32.0,Marc Gasol,MEM,False,2-pointer,9,42-40,'TOR',leads
1419,1419,1419,201403140TOR,6.6,10.4,3rd quarter,4:27.0,Marc Gasol,MEM,False,2-pointer,19,57-61,'TOR',trails
1431,1431,1431,201403140TOR,37.3,8.5,4th quarter,8:17.0,Marc Gasol,MEM,True,2-pointer,14,77-78,'TOR',trails
676,676,676,201403150PHI,12.3,10.7,1st quarter,11:01.0,Marc Gasol,MEM,True,2-pointer,14,2-3,'MEM',trails
679,679,679,201403150PHI,7.2,13.5,1st quarter,9:35.0,Marc Gasol,MEM,False,2-pointer,20,4-3,'MEM',leads
685,685,685,201403150PHI,23.5,13.8,1st quarter,4:38.0,Marc Gasol,MEM,True,2-pointer,11,16-13,'MEM',leads
688,688,688,201403150PHI,15.1,5.0,1st quarter,1:49.0,Marc Gasol,MEM,False,2-pointer,9,17-19,'MEM',trails
711,711,711,201403150PHI,26.3,2.7,2nd quarter,1:16.0,Marc Gasol,MEM,True,2-pointer,2,41-35,'MEM',leads
725,725,725,201403150PHI,39.2,9.4,3rd quarter,1:24.0,Marc Gasol,MEM,False,2-pointer,16,72-53,'MEM',leads
959,959,959,201403190MEM,10.7,18.4,1st quarter,9:22.0,Marc Gasol,MEM,True,2-pointer,20,4-0,'UTA',leads
960,960,960,201403190MEM,14.8,8.5,1st quarter,8:48.0,Marc Gasol,MEM,True,2-pointer,11,6-2,'UTA',leads
986,986,986,201403190MEM,14.8,9.9,2nd quarter,7:52.0,Marc Gasol,MEM,False,2-pointer,12,37-26,'UTA',leads
989,989,989,201403190MEM,24.6,3.3,2nd quarter,6:44.0,Marc Gasol,MEM,False,2-pointer,1,39-28,'UTA',leads
992,992,992,201403190MEM,17.3,7.4,2nd quarter,4:37.0,Marc Gasol,MEM,True,2-pointer,8,41-28,'UTA',leads
995,995,995,201403190MEM,18.1,6.6,2nd quarter,2:30.0,Marc Gasol,MEM,False,2-pointer,7,43-30,'UTA',leads
999,999,999,201403190MEM,24.2,3.4,3rd quarter,11:15.0,Marc Gasol,MEM,True,2-pointer,0,50-35,'UTA',leads
1005,1005,1005,201403190MEM,18.8,6.1,3rd quarter,6:45.0,Marc Gasol,MEM,True,2-pointer,6,54-48,'UTA',leads
1006,1006,1006,201403190MEM,12.3,18.3,3rd quarter,6:14.0,Marc Gasol,MEM,False,2-pointer,19,54-49,'UTA',leads
1012,1012,1012,201403190MEM,15.6,3.6,3rd quarter,1:05.0,Marc Gasol,MEM,False,2-pointer,8,69-61,'UTA',leads
1022,1022,1022,201403190MEM,31.0,15.7,4th quarter,9:11.0,Marc Gasol,MEM,False,2-pointer,15,80-72,'UTA',leads
1024,1024,1024,201403190MEM,23.6,3.4,4th quarter,8:40.0,Marc Gasol,MEM,True,2-pointer,1,82-74,'UTA',leads
1025,1025,1025,201403190MEM,32.9,13.2,4th quarter,7:21.0,Marc Gasol,MEM,False,2-pointer,14,84-78,'UTA',leads
1032,1032,1032,201403190MEM,12.9,14.8,4th quarter,2:07.0,Marc Gasol,MEM,False,2-pointer,16,92-86,'UTA',leads
821,821,821,201403210MIA,11.2,18.1,1st quarter,9:35.0,Marc Gasol,MEM,False,2-pointer,20,0-2,'MIA',trails
823,823,823,201403210MIA,24.0,3.9,1st quarter,9:12.0,Marc Gasol,MEM,True,2-pointer,1,4-2,'MIA',leads
827,827,827,201403210MIA,26.9,16.8,1st quarter,7:27.0,Marc Gasol,MEM,False,2-pointer,14,7-7,'MIA',tied
833,833,833,201403210MIA,19.7,13.8,1st quarter,3:25.0,Marc Gasol,MEM,True,2-pointer,12,18-13,'MIA',leads
846,846,846,201403210MIA,22.7,6.9,2nd quarter,6:36.0,Marc Gasol,MEM,True,2-pointer,4,33-29,'MIA',leads
848,848,848,201403210MIA,24.6,16.7,2nd quarter,4:37.0,Marc Gasol,MEM,True,2-pointer,14,36-31,'MIA',leads
853,853,853,201403210MIA,24.1,4.2,3rd quarter,10:52.0,Marc Gasol,MEM,False,2-pointer,1,46-47,'MIA',trails
854,854,854,201403210MIA,12.0,5.6,3rd quarter,10:40.0,Marc Gasol,MEM,True,2-pointer,12,48-47,'MIA',leads
856,856,856,201403210MIA,13.2,5.0,3rd quarter,9:35.0,Marc Gasol,MEM,True,2-pointer,11,50-47,'MIA',leads
858,858,858,201403210MIA,15.3,4.4,3rd quarter,8:38.0,Marc Gasol,MEM,False,2-pointer,9,50-47,'MIA',leads
920,920,920,201403220MEM,9.1,14.6,1st quarter,10:20.0,Marc Gasol,MEM,False,2-pointer,19,2-3,'IND',trails
938,938,938,201403220MEM,14.2,7.5,2nd quarter,8:57.0,Marc Gasol,MEM,False,2-pointer,11,25-21,'IND',leads
948,948,948,201403220MEM,23.5,2.5,2nd quarter,2:45.0,Marc Gasol,MEM,True,2-pointer,1,41-30,'IND',leads
951,951,951,201403220MEM,17.2,3.7,2nd quarter,1:47.0,Marc Gasol,MEM,True,2-pointer,7,43-30,'IND',leads
955,955,955,201403220MEM,20.2,19.4,3rd quarter,11:41.0,Marc Gasol,MEM,False,2-pointer,17,43-30,'IND',leads
964,964,964,201403220MEM,24.6,3.0,3rd quarter,7:22.0,Marc Gasol,MEM,True,2-pointer,1,51-36,'IND',leads
965,965,965,201403220MEM,12.9,7.1,3rd quarter,6:47.0,Marc Gasol,MEM,False,2-pointer,12,51-36,'IND',leads
969,969,969,201403220MEM,27.1,7.2,3rd quarter,5:21.0,Marc Gasol,MEM,True,2-pointer,5,55-41,'IND',leads
984,984,984,201403220MEM,17.8,6.3,4th quarter,9:03.0,Marc Gasol,MEM,False,2-pointer,7,66-56,'IND',leads
986,986,986,201403220MEM,31.7,18.6,4th quarter,7:44.0,Marc Gasol,MEM,False,2-pointer,17,68-56,'IND',leads
991,991,991,201403220MEM,27.9,8.0,4th quarter,1:58.0,Marc Gasol,MEM,False,2-pointer,6,79-64,'IND',leads
724,724,724,201403240MEM,23.2,7.5,1st quarter,10:11.0,Marc Gasol,MEM,False,2-pointer,5,0-0,'MEM',tied
729,729,729,201403240MEM,23.2,4.2,1st quarter,8:27.0,Marc Gasol,MEM,False,2-pointer,1,4-2,'MEM',leads
731,731,731,201403240MEM,22.9,7.1,1st quarter,8:04.0,Marc Gasol,MEM,False,2-pointer,4,6-4,'MEM',leads
732,732,732,201403240MEM,23.2,7.1,1st quarter,8:01.0,Marc Gasol,MEM,False,2-pointer,4,6-4,'MEM',leads
733,733,733,201403240MEM,23.3,6.4,1st quarter,7:59.0,Marc Gasol,MEM,False,2-pointer,3,6-4,'MEM',leads
736,736,736,201403240MEM,23.2,9.1,1st quarter,6:55.0,Marc Gasol,MEM,False,2-pointer,6,10-4,'MEM',leads
737,737,737,201403240MEM,21.6,3.7,1st quarter,6:31.0,Marc Gasol,MEM,True,2-pointer,3,12-4,'MEM',leads
766,766,766,201403240MEM,24.6,6.7,2nd quarter,2:59.0,Marc Gasol,MEM,True,2-pointer,4,47-35,'MEM',leads
770,770,770,201403240MEM,24.0,3.1,2nd quarter,0:23.0,Marc Gasol,MEM,True,2-pointer,0,56-37,'MEM',leads
774,774,774,201403240MEM,23.5,6.9,3rd quarter,10:14.0,Marc Gasol,MEM,True,2-pointer,4,59-45,'MEM',leads
780,780,780,201403240MEM,28.7,21.3,3rd quarter,6:12.0,Marc Gasol,MEM,True,2-pointer,19,72-53,'MEM',leads
784,784,784,201403240MEM,10.4,12.6,3rd quarter,3:16.0,Marc Gasol,MEM,True,2-pointer,17,79-57,'MEM',leads
1297,1297,1297,201403260UTA,15.3,6.7,1st quarter,7:47.0,Marc Gasol,MEM,False,2-pointer,9,6-4,'UTA',leads
1299,1299,1299,201403260UTA,20.5,9.4,1st quarter,6:12.0,Marc Gasol,MEM,True,2-pointer,7,9-8,'UTA',leads
1321,1321,1321,201403260UTA,22.2,3.3,2nd quarter,7:19.0,Marc Gasol,MEM,True,2-pointer,2,27-33,'UTA',trails
1322,1322,1322,201403260UTA,20.6,10.5,2nd quarter,6:28.0,Marc Gasol,MEM,False,2-pointer,8,29-33,'UTA',trails
1327,1327,1327,201403260UTA,21.3,9.0,2nd quarter,2:06.0,Marc Gasol,MEM,False,2-pointer,7,36-44,'UTA',trails
1332,1332,1332,201403260UTA,13.2,19.0,3rd quarter,11:31.0,Marc Gasol,MEM,True,2-pointer,19,42-50,'UTA',trails
1334,1334,1334,201403260UTA,15.9,12.3,3rd quarter,10:24.0,Marc Gasol,MEM,False,2-pointer,12,45-54,'UTA',trails
1339,1339,1339,201403260UTA,7.2,13.2,3rd quarter,8:08.0,Marc Gasol,MEM,True,2-pointer,20,47-58,'UTA',trails
1340,1340,1340,201403260UTA,26.3,3.6,3rd quarter,7:27.0,Marc Gasol,MEM,True,2-pointer,2,49-60,'UTA',trails
1348,1348,1348,201403260UTA,17.2,18.3,3rd quarter,1:41.0,Marc Gasol,MEM,False,2-pointer,17,57-69,'UTA',trails
1351,1351,1351,201403260UTA,23.5,5.5,3rd quarter,0:15.0,Marc Gasol,MEM,True,2-pointer,3,61-71,'UTA',trails
1368,1368,1368,201403260UTA,22.5,3.7,4th quarter,1:00.0,Marc Gasol,MEM,True,2-pointer,2,89-84,'UTA',leads
666,666,666,201403280GSW,26.8,11.9,1st quarter,10:40.0,Marc Gasol,MEM,False,2-pointer,9,2-2,'GSW',tied
667,667,667,201403280GSW,24.6,7.2,1st quarter,10:11.0,Marc Gasol,MEM,False,2-pointer,4,2-4,'GSW',trails
668,668,668,201403280GSW,24.6,7.2,1st quarter,10:10.0,Marc Gasol,MEM,True,2-pointer,4,4-4,'GSW',tied
671,671,671,201403280GSW,22.7,4.9,1st quarter,8:48.0,Marc Gasol,MEM,True,2-pointer,2,6-8,'GSW',trails
672,672,672,201403280GSW,14.8,16.8,1st quarter,8:13.0,Marc Gasol,MEM,False,2-pointer,17,6-11,'GSW',trails
676,676,676,201403280GSW,16.6,7.2,1st quarter,6:22.0,Marc Gasol,MEM,False,2-pointer,9,12-17,'GSW',trails
683,683,683,201403280GSW,7.7,22.2,1st quarter,3:37.0,Marc Gasol,MEM,False,3-pointer,25,20-19,'GSW',leads
699,699,699,201403280GSW,30.9,9.4,2nd quarter,5:35.0,Marc Gasol,MEM,True,2-pointer,9,39-41,'GSW',trails
705,705,705,201403280GSW,25.2,11.9,3rd quarter,11:27.0,Marc Gasol,MEM,True,2-pointer,9,54-54,'GSW',tied
707,707,707,201403280GSW,26.3,20.0,3rd quarter,9:58.0,Marc Gasol,MEM,True,2-pointer,17,59-58,'GSW',leads
711,711,711,201403280GSW,14.3,15.6,3rd quarter,7:15.0,Marc Gasol,MEM,False,2-pointer,16,66-60,'GSW',leads
718,718,718,201403280GSW,24.2,4.4,3rd quarter,4:23.0,Marc Gasol,MEM,True,2-pointer,1,72-70,'GSW',leads
719,719,719,201403280GSW,20.3,22.2,3rd quarter,3:56.0,Marc Gasol,MEM,False,2-pointer,20,72-70,'GSW',leads
721,721,721,201403280GSW,24.0,4.1,3rd quarter,3:11.0,Marc Gasol,MEM,True,2-pointer,1,74-73,'GSW',leads
728,728,728,201403280GSW,25.3,22.8,4th quarter,8:04.0,Marc Gasol,MEM,False,2-pointer,20,81-79,'GSW',leads
729,729,729,201403280GSW,22.1,11.9,4th quarter,7:29.0,Marc Gasol,MEM,False,2-pointer,9,81-81,'GSW',tied
1113,1113,1113,201403300POR,17.2,14.0,1st quarter,8:43.0,Marc Gasol,MEM,True,2-pointer,13,10-6,'POR',leads
1129,1129,1129,201403300POR,23.5,7.4,2nd quarter,11:01.0,Marc Gasol,MEM,False,2-pointer,4,25-28,'POR',trails
1135,1135,1135,201403300POR,24.1,7.1,2nd quarter,9:13.0,Marc Gasol,MEM,False,2-pointer,4,27-33,'POR',trails
1136,1136,1136,201403300POR,26.6,20.5,2nd quarter,8:44.0,Marc Gasol,MEM,True,2-pointer,18,29-33,'POR',trails
1137,1137,1137,201403300POR,28.3,21.6,2nd quarter,8:19.0,Marc Gasol,MEM,False,2-pointer,19,29-33,'POR',trails
1138,1138,1138,201403300POR,24.9,1.7,2nd quarter,7:54.0,Marc Gasol,MEM,False,2-pointer,2,29-35,'POR',trails
1140,1140,1140,201403300POR,27.7,6.9,2nd quarter,6:39.0,Marc Gasol,MEM,False,2-pointer,5,29-37,'POR',trails
1142,1142,1142,201403300POR,23.8,11.2,2nd quarter,5:40.0,Marc Gasol,MEM,True,2-pointer,8,31-41,'POR',trails
1161,1161,1161,201403300POR,31.0,18.6,3rd quarter,6:57.0,Marc Gasol,MEM,True,2-pointer,17,58-70,'POR',trails
1162,1162,1162,201403300POR,14.3,17.0,3rd quarter,6:25.0,Marc Gasol,MEM,True,2-pointer,17,60-73,'POR',trails
1163,1163,1163,201403300POR,12.9,18.9,3rd quarter,5:55.0,Marc Gasol,MEM,False,2-pointer,19,60-75,'POR',trails
1166,1166,1166,201403300POR,22.7,5.3,3rd quarter,4:10.0,Marc Gasol,MEM,True,2-pointer,3,64-78,'POR',trails
1180,1180,1180,201403300POR,24.1,7.4,4th quarter,7:36.0,Marc Gasol,MEM,False,2-pointer,4,77-92,'POR',trails
1184,1184,1184,201403300POR,25.7,3.3,4th quarter,5:25.0,Marc Gasol,MEM,True,2-pointer,2,84-99,'POR',trails
1190,1190,1190,201403300POR,26.8,11.8,4th quarter,2:25.0,Marc Gasol,MEM,False,2-pointer,9,91-103,'POR',trails
1194,1194,1194,201403300POR,30.5,26.5,4th quarter,0:14.0,Marc Gasol,MEM,False,3-pointer,24,96-103,'POR',trails
1195,1195,1195,201403300POR,18.3,5.6,4th quarter,0:07.0,Marc Gasol,MEM,True,2-pointer,6,98-103,'POR',trails
476,476,476,201403310DEN,24.0,21.1,1st quarter,10:48.0,Marc Gasol,MEM,False,2-pointer,18,1-3,'DEN',trails
480,480,480,201403310DEN,22.5,3.6,1st quarter,8:26.0,Marc Gasol,MEM,True,2-pointer,2,5-7,'DEN',trails
481,481,481,201403310DEN,38.3,11.8,1st quarter,7:52.0,Marc Gasol,MEM,False,2-pointer,17,5-7,'DEN',trails
483,483,483,201403310DEN,13.5,6.0,1st quarter,6:20.0,Marc Gasol,MEM,False,2-pointer,11,8-9,'DEN',trails
485,485,485,201403310DEN,10.9,4.5,1st quarter,5:29.0,Marc Gasol,MEM,True,2-pointer,13,10-11,'DEN',trails
490,490,490,201403310DEN,20.0,7.1,1st quarter,3:04.0,Marc Gasol,MEM,True,2-pointer,6,17-12,'DEN',leads
491,491,491,201403310DEN,12.1,18.1,1st quarter,2:27.0,Marc Gasol,MEM,False,2-pointer,19,17-14,'DEN',leads
493,493,493,201403310DEN,18.3,4.7,1st quarter,1:12.0,Marc Gasol,MEM,False,2-pointer,6,20-16,'DEN',leads
494,494,494,201403310DEN,21.4,3.6,1st quarter,1:09.0,Marc Gasol,MEM,False,2-pointer,3,20-16,'DEN',leads
516,516,516,201403310DEN,26.0,3.7,2nd quarter,1:17.0,Marc Gasol,MEM,True,2-pointer,2,47-39,'DEN',leads
518,518,518,201403310DEN,9.3,11.8,2nd quarter,0:21.0,Marc Gasol,MEM,False,2-pointer,17,47-43,'DEN',leads
519,519,519,201403310DEN,25.2,13.7,3rd quarter,11:49.0,Marc Gasol,MEM,False,2-pointer,11,47-45,'DEN',leads
522,522,522,201403310DEN,37.2,9.4,3rd quarter,10:16.0,Marc Gasol,MEM,False,2-pointer,15,49-45,'DEN',leads
523,523,523,201403310DEN,12.4,4.4,3rd quarter,9:48.0,Marc Gasol,MEM,True,2-pointer,12,51-45,'DEN',leads
542,542,542,201403310DEN,9.0,4.4,4th quarter,8:09.0,Marc Gasol,MEM,False,2-pointer,15,82-75,'DEN',leads
546,546,546,201403310DEN,29.1,8.3,4th quarter,6:10.0,Marc Gasol,MEM,False,2-pointer,7,82-80,'DEN',leads
550,550,550,201403310DEN,26.1,3.4,4th quarter,4:51.0,Marc Gasol,MEM,False,2-pointer,2,84-81,'DEN',leads
553,553,553,201403310DEN,6.3,8.8,4th quarter,3:41.0,Marc Gasol,MEM,True,2-pointer,19,88-83,'DEN',leads
556,556,556,201403310DEN,18.3,5.8,4th quarter,2:35.0,Marc Gasol,MEM,False,2-pointer,6,88-85,'DEN',leads
640,640,640,201404020MIN,12.4,5.6,1st quarter,8:46.0,Marc Gasol,MEM,False,2-pointer,12,2-6,'MIN',trails
643,643,643,201404020MIN,29.3,6.9,1st quarter,7:26.0,Marc Gasol,MEM,True,2-pointer,7,6-7,'MIN',trails
645,645,645,201404020MIN,26.4,8.2,1st quarter,6:32.0,Marc Gasol,MEM,False,2-pointer,6,8-9,'MIN',trails
648,648,648,201404020MIN,23.3,17.9,1st quarter,5:09.0,Marc Gasol,MEM,True,2-pointer,15,14-13,'MIN',leads
662,662,662,201404020MIN,23.2,4.2,2nd quarter,8:17.0,Marc Gasol,MEM,False,2-pointer,1,22-27,'MIN',trails
663,663,663,201404020MIN,24.7,2.7,2nd quarter,7:52.0,Marc Gasol,MEM,False,2-pointer,1,22-29,'MIN',trails
668,668,668,201404020MIN,35.4,18.6,2nd quarter,5:30.0,Marc Gasol,MEM,True,2-pointer,19,30-37,'MIN',trails
669,669,669,201404020MIN,19.7,9.1,2nd quarter,4:03.0,Marc Gasol,MEM,True,2-pointer,7,32-40,'MIN',trails
673,673,673,201404020MIN,28.8,15.6,2nd quarter,2:02.0,Marc Gasol,MEM,True,2-pointer,13,36-42,'MIN',trails
674,674,674,201404020MIN,24.1,3.1,2nd quarter,1:29.0,Marc Gasol,MEM,True,2-pointer,0,38-44,'MIN',trails
680,680,680,201404020MIN,26.9,8.3,3rd quarter,10:03.0,Marc Gasol,MEM,False,2-pointer,6,46-54,'MIN',trails
691,691,691,201404020MIN,24.6,8.6,3rd quarter,5:02.0,Marc Gasol,MEM,False,2-pointer,6,52-66,'MIN',trails
692,692,692,201404020MIN,17.2,14.9,3rd quarter,4:40.0,Marc Gasol,MEM,True,2-pointer,14,54-68,'MIN',trails
694,694,694,201404020MIN,12.0,6.1,3rd quarter,3:17.0,Marc Gasol,MEM,False,2-pointer,12,57-71,'MIN',trails
697,697,697,201404020MIN,18.3,5.3,3rd quarter,1:39.0,Marc Gasol,MEM,False,2-pointer,6,59-75,'MIN',trails
713,713,713,201404020MIN,22.4,3.1,4th quarter,6:27.0,Marc Gasol,MEM,True,2-pointer,2,78-88,'MIN',trails
715,715,715,201404020MIN,14.5,14.3,4th quarter,5:14.0,Marc Gasol,MEM,True,2-pointer,15,80-92,'MIN',trails
717,717,717,201404020MIN,19.5,7.4,4th quarter,4:38.0,Marc Gasol,MEM,False,2-pointer,6,80-94,'MIN',trails
1406,1406,1406,201404040MEM,27.9,18.1,1st quarter,11:14.0,Marc Gasol,MEM,True,2-pointer,16,4-0,'DEN',leads
1409,1409,1409,201404040MEM,28.5,20.0,1st quarter,9:34.0,Marc Gasol,MEM,True,2-pointer,18,10-2,'DEN',leads
1411,1411,1411,201404040MEM,28.8,18.7,1st quarter,8:22.0,Marc Gasol,MEM,True,2-pointer,16,14-2,'DEN',leads
1413,1413,1413,201404040MEM,34.3,7.5,1st quarter,7:16.0,Marc Gasol,MEM,False,2-pointer,11,14-4,'DEN',leads
1434,1434,1434,201404040MEM,12.3,9.6,2nd quarter,9:13.0,Marc Gasol,MEM,False,2-pointer,13,26-22,'DEN',leads
1439,1439,1439,201404040MEM,27.7,10.7,2nd quarter,7:28.0,Marc Gasol,MEM,False,2-pointer,9,28-28,'DEN',tied
1442,1442,1442,201404040MEM,22.9,3.4,2nd quarter,6:23.0,Marc Gasol,MEM,True,2-pointer,1,32-31,'DEN',leads
1443,1443,1443,201404040MEM,17.6,7.7,2nd quarter,5:42.0,Marc Gasol,MEM,False,2-pointer,8,32-31,'DEN',leads
1445,1445,1445,201404040MEM,18.0,4.4,2nd quarter,4:39.0,Marc Gasol,MEM,True,2-pointer,6,34-35,'DEN',trails
1456,1456,1456,201404040MEM,32.6,10.7,3rd quarter,9:24.0,Marc Gasol,MEM,True,2-pointer,12,49-54,'DEN',trails
1464,1464,1464,201404040MEM,12.4,7.2,3rd quarter,5:00.0,Marc Gasol,MEM,True,2-pointer,12,62-58,'DEN',leads
1465,1465,1465,201404040MEM,24.0,23.1,3rd quarter,4:30.0,Marc Gasol,MEM,False,2-pointer,20,62-58,'DEN',leads
1467,1467,1467,201404040MEM,13.2,7.4,3rd quarter,2:14.0,Marc Gasol,MEM,False,2-pointer,12,64-60,'DEN',leads
1475,1475,1475,201404040MEM,24.6,10.2,4th quarter,5:52.0,Marc Gasol,MEM,True,2-pointer,7,84-72,'DEN',leads
1479,1479,1479,201404040MEM,23.0,22.2,4th quarter,3:51.0,Marc Gasol,MEM,False,2-pointer,19,90-78,'DEN',leads
1481,1481,1481,201404040MEM,17.6,7.4,4th quarter,2:25.0,Marc Gasol,MEM,False,2-pointer,8,93-83,'DEN',leads
1356,1356,1356,201404060SAS,25.0,3.9,1st quarter,6:25.0,Marc Gasol,MEM,True,2-pointer,1,6-12,'SAS',trails
1363,1363,1363,201404060SAS,14.7,17.5,1st quarter,2:55.0,Marc Gasol,MEM,False,2-pointer,17,8-19,'SAS',trails
1365,1365,1365,201404060SAS,15.4,6.4,1st quarter,1:55.0,Marc Gasol,MEM,False,2-pointer,9,8-19,'SAS',trails
1368,1368,1368,201404060SAS,30.1,3.3,1st quarter,0:45.0,Marc Gasol,MEM,False,2-pointer,6,8-22,'SAS',trails
1380,1380,1380,201404060SAS,16.7,5.6,2nd quarter,6:33.0,Marc Gasol,MEM,True,2-pointer,8,26-39,'SAS',trails
1388,1388,1388,201404060SAS,35.3,15.6,2nd quarter,2:18.0,Marc Gasol,MEM,False,2-pointer,17,36-45,'SAS',trails
1390,1390,1390,201404060SAS,24.7,3.0,2nd quarter,0:35.0,Marc Gasol,MEM,True,2-pointer,1,38-49,'SAS',trails
793,793,793,201404090MEM,18.4,5.2,1st quarter,9:18.0,Marc Gasol,MEM,True,2-pointer,6,10-7,'MIA',leads
808,808,808,201404090MEM,22.7,3.1,2nd quarter,10:12.0,Marc Gasol,MEM,True,2-pointer,1,35-37,'MIA',trails
809,809,809,201404090MEM,26.6,14.3,2nd quarter,9:39.0,Marc Gasol,MEM,False,2-pointer,12,36-40,'MIA',trails
812,812,812,201404090MEM,32.6,22.0,2nd quarter,8:45.0,Marc Gasol,MEM,False,2-pointer,21,38-40,'MIA',trails
816,816,816,201404090MEM,22.1,12.3,2nd quarter,5:34.0,Marc Gasol,MEM,True,2-pointer,9,43-47,'MIA',trails
821,821,821,201404090MEM,17.3,6.9,2nd quarter,1:45.0,Marc Gasol,MEM,True,2-pointer,8,51-56,'MIA',trails
826,826,826,201404090MEM,16.1,19.7,3rd quarter,9:16.0,Marc Gasol,MEM,False,2-pointer,18,61-67,'MIA',trails
831,831,831,201404090MEM,25.3,3.7,3rd quarter,7:09.0,Marc Gasol,MEM,False,2-pointer,1,63-71,'MIA',trails
834,834,834,201404090MEM,24.4,3.7,3rd quarter,6:36.0,Marc Gasol,MEM,False,2-pointer,1,63-71,'MIA',trails
837,837,837,201404090MEM,14.7,18.9,3rd quarter,5:11.0,Marc Gasol,MEM,False,2-pointer,18,65-71,'MIA',trails
838,838,838,201404090MEM,28.0,11.5,3rd quarter,3:28.0,Marc Gasol,MEM,True,2-pointer,9,68-74,'MIA',trails
842,842,842,201404090MEM,24.1,3.1,3rd quarter,0:02.0,Marc Gasol,MEM,True,2-pointer,0,77-80,'MIA',trails
844,844,844,201404090MEM,24.2,2.5,4th quarter,11:49.0,Marc Gasol,MEM,True,2-pointer,1,82-80,'MIA',leads
853,853,853,201404090MEM,24.1,20.0,4th quarter,7:11.0,Marc Gasol,MEM,False,2-pointer,17,91-85,'MIA',leads
856,856,856,201404090MEM,20.3,8.0,4th quarter,5:26.0,Marc Gasol,MEM,True,2-pointer,6,93-91,'MIA',leads
860,860,860,201404090MEM,23.5,7.7,4th quarter,2:55.0,Marc Gasol,MEM,False,2-pointer,5,103-95,'MIA',leads
757,757,757,201404110MEM,24.7,5.0,1st quarter,11:47.0,Marc Gasol,MEM,True,2-pointer,2,2-0,'MEM',leads
761,761,761,201404110MEM,27.4,6.1,1st quarter,9:38.0,Marc Gasol,MEM,True,2-pointer,5,7-2,'MEM',leads
765,765,765,201404110MEM,24.0,2.7,1st quarter,7:10.0,Marc Gasol,MEM,True,2-pointer,0,13-8,'MEM',leads
767,767,767,201404110MEM,24.1,3.1,1st quarter,5:51.0,Marc Gasol,MEM,True,2-pointer,0,15-11,'MEM',leads
773,773,773,201404110MEM,24.2,18.7,1st quarter,2:36.0,Marc Gasol,MEM,False,2-pointer,16,23-15,'MEM',leads
775,775,775,201404110MEM,18.0,8.8,1st quarter,1:08.0,Marc Gasol,MEM,True,2-pointer,8,27-20,'MEM',leads
795,795,795,201404110MEM,31.2,15.4,2nd quarter,3:26.0,Marc Gasol,MEM,True,2-pointer,14,53-41,'MEM',leads
801,801,801,201404110MEM,34.6,20.8,3rd quarter,10:14.0,Marc Gasol,MEM,False,2-pointer,21,61-49,'MEM',leads
804,804,804,201404110MEM,27.6,15.6,3rd quarter,8:24.0,Marc Gasol,MEM,True,2-pointer,13,63-54,'MEM',leads
809,809,809,201404110MEM,16.5,8.0,3rd quarter,5:05.0,Marc Gasol,MEM,False,2-pointer,9,70-59,'MEM',leads
810,810,810,201404110MEM,23.5,3.0,3rd quarter,4:44.0,Marc Gasol,MEM,True,2-pointer,1,72-59,'MEM',leads
817,817,817,201404110MEM,23.5,27.9,3rd quarter,0:04.0,Marc Gasol,MEM,True,3-pointer,25,87-64,'MEM',leads
466,466,466,201404130LAL,24.0,3.9,1st quarter,11:45.0,Marc Gasol,MEM,False,2-pointer,1,0-0,'LAL',tied
467,467,467,201404130LAL,35.3,8.2,1st quarter,10:11.0,Marc Gasol,MEM,False,2-pointer,12,2-6,'LAL',trails
468,468,468,201404130LAL,18.8,13.7,1st quarter,9:46.0,Marc Gasol,MEM,True,2-pointer,12,4-6,'LAL',trails
474,474,474,201404130LAL,22.1,3.0,1st quarter,7:24.0,Marc Gasol,MEM,True,2-pointer,2,10-11,'LAL',trails
478,478,478,201404130LAL,19.5,9.7,1st quarter,4:28.0,Marc Gasol,MEM,True,2-pointer,8,15-20,'LAL',trails
483,483,483,201404130LAL,10.1,15.7,1st quarter,1:56.0,Marc Gasol,MEM,False,2-pointer,19,22-22,'LAL',tied
493,493,493,201404130LAL,15.1,4.2,2nd quarter,8:25.0,Marc Gasol,MEM,False,2-pointer,9,30-39,'LAL',trails
501,501,501,201404130LAL,16.2,16.1,2nd quarter,4:53.0,Marc Gasol,MEM,False,2-pointer,15,41-39,'LAL',leads
519,519,519,201404130LAL,17.3,19.4,3rd quarter,10:09.0,Marc Gasol,MEM,False,2-pointer,18,54-54,'LAL',tied
521,521,521,201404130LAL,17.0,3.9,3rd quarter,9:11.0,Marc Gasol,MEM,False,2-pointer,7,56-54,'LAL',leads
523,523,523,201404130LAL,25.5,3.9,3rd quarter,8:11.0,Marc Gasol,MEM,True,2-pointer,2,60-59,'LAL',leads
531,531,531,201404130LAL,24.1,4.7,3rd quarter,4:39.0,Marc Gasol,MEM,True,2-pointer,2,74-66,'LAL',leads
532,532,532,201404130LAL,18.3,18.1,3rd quarter,4:11.0,Marc Gasol,MEM,True,2-pointer,16,76-69,'LAL',leads
533,533,533,201404130LAL,19.7,8.0,3rd quarter,2:59.0,Marc Gasol,MEM,True,2-pointer,7,78-69,'LAL',leads
538,538,538,201404130LAL,16.9,20.8,4th quarter,11:02.0,Marc Gasol,MEM,False,2-pointer,19,87-69,'LAL',leads
539,539,539,201404130LAL,26.8,20.2,4th quarter,10:00.0,Marc Gasol,MEM,False,2-pointer,17,87-69,'LAL',leads
982,982,982,201404140PHO,28.8,8.8,1st quarter,11:39.0,Marc Gasol,MEM,True,2-pointer,8,2-0,'PHO',leads
1005,1005,1005,201404140PHO,32.6,19.5,2nd quarter,9:55.0,Marc Gasol,MEM,False,2-pointer,19,29-20,'PHO',leads
1014,1014,1014,201404140PHO,13.9,3.0,2nd quarter,2:54.0,Marc Gasol,MEM,True,2-pointer,10,46-33,'PHO',leads
1017,1017,1017,201404140PHO,26.1,9.7,2nd quarter,1:03.0,Marc Gasol,MEM,False,2-pointer,7,46-38,'PHO',leads
1019,1019,1019,201404140PHO,11.2,3.0,3rd quarter,11:20.0,Marc Gasol,MEM,False,2-pointer,13,46-45,'PHO',leads
1025,1025,1025,201404140PHO,32.4,14.9,3rd quarter,7:20.0,Marc Gasol,MEM,True,2-pointer,15,52-53,'PHO',trails
1029,1029,1029,201404140PHO,25.7,10.2,3rd quarter,5:10.0,Marc Gasol,MEM,False,2-pointer,7,54-53,'PHO',leads
1033,1033,1033,201404140PHO,22.4,5.5,3rd quarter,3:07.0,Marc Gasol,MEM,True,2-pointer,3,61-55,'PHO',leads
1041,1041,1041,201404140PHO,24.1,3.1,4th quarter,11:03.0,Marc Gasol,MEM,True,2-pointer,0,71-70,'PHO',leads
1049,1049,1049,201404140PHO,35.1,18.1,4th quarter,5:28.0,Marc Gasol,MEM,False,2-pointer,19,79-81,'PHO',trails
1051,1051,1051,201404140PHO,9.3,7.7,4th quarter,4:13.0,Marc Gasol,MEM,False,2-pointer,15,81-83,'PHO',trails
1052,1052,1052,201404140PHO,24.4,15.1,4th quarter,3:57.0,Marc Gasol,MEM,True,2-pointer,12,83-83,'PHO',tied
1055,1055,1055,201404140PHO,21.7,3.0,4th quarter,2:23.0,Marc Gasol,MEM,True,2-pointer,2,88-87,'PHO',leads
774,774,774,201404160MEM,27.7,9.6,1st quarter,10:35.0,Marc Gasol,MEM,True,2-pointer,8,2-2,'DAL',tied
784,784,784,201404160MEM,18.1,6.4,1st quarter,5:08.0,Marc Gasol,MEM,False,2-pointer,7,18-14,'DAL',leads
786,786,786,201404160MEM,24.1,3.0,1st quarter,3:39.0,Marc Gasol,MEM,True,2-pointer,0,23-16,'DAL',leads
787,787,787,201404160MEM,23.8,10.5,1st quarter,3:07.0,Marc Gasol,MEM,True,2-pointer,8,25-18,'DAL',leads
808,808,808,201404160MEM,17.0,9.4,2nd quarter,2:18.0,Marc Gasol,MEM,True,2-pointer,9,47-47,'DAL',tied
811,811,811,201404160MEM,19.1,8.8,2nd quarter,0:57.0,Marc Gasol,MEM,True,2-pointer,8,51-51,'DAL',tied
814,814,814,201404160MEM,15.4,9.3,3rd quarter,11:31.0,Marc Gasol,MEM,True,2-pointer,11,53-53,'DAL',tied
821,821,821,201404160MEM,10.7,4.7,3rd quarter,7:14.0,Marc Gasol,MEM,True,2-pointer,13,64-61,'DAL',leads
830,830,830,201404160MEM,19.5,27.6,3rd quarter,1:31.0,Marc Gasol,MEM,False,3-pointer,25,75-69,'DAL',leads
832,832,832,201404160MEM,18.1,20.0,4th quarter,10:48.0,Marc Gasol,MEM,False,2-pointer,18,75-78,'DAL',trails
833,833,833,201404160MEM,24.0,2.5,4th quarter,9:43.0,Marc Gasol,MEM,True,2-pointer,1,78-80,'DAL',trails
851,851,851,201404160MEM,23.4,4.6,1st overtime,3:34.0,Marc Gasol,MEM,False,2-pointer,2,96-97,'DAL',trails
853,853,853,201404160MEM,23.6,3.3,1st overtime,2:56.0,Marc Gasol,MEM,True,2-pointer,1,98-97,'DAL',leads
335,335,335,201404190OKC,23.3,8.5,1st quarter,9:49.0,Marc Gasol,MEM,False,2-pointer,6,0-6,'OKC',trails
339,339,339,201404190OKC,24.2,13.7,1st quarter,7:33.0,Marc Gasol,MEM,False,2-pointer,11,2-14,'OKC',trails
341,341,341,201404190OKC,23.6,17.6,1st quarter,6:40.0,Marc Gasol,MEM,False,2-pointer,15,5-14,'OKC',trails
343,343,343,201404190OKC,23.0,2.8,1st quarter,5:54.0,Marc Gasol,MEM,True,2-pointer,1,7-16,'OKC',trails
345,345,345,201404190OKC,17.2,19.4,1st quarter,4:59.0,Marc Gasol,MEM,False,2-pointer,18,10-19,'OKC',trails
362,362,362,201404190OKC,19.1,6.9,2nd quarter,9:53.0,Marc Gasol,MEM,True,2-pointer,6,20-36,'OKC',trails
369,369,369,201404190OKC,35.0,5.0,2nd quarter,6:04.0,Marc Gasol,MEM,False,2-pointer,11,24-45,'OKC',trails
373,373,373,201404190OKC,12.8,7.5,2nd quarter,3:30.0,Marc Gasol,MEM,False,2-pointer,12,26-47,'OKC',trails
379,379,379,201404190OKC,25.5,8.3,3rd quarter,11:37.0,Marc Gasol,MEM,False,2-pointer,6,34-56,'OKC',trails
389,389,389,201404190OKC,19.4,8.6,3rd quarter,6:10.0,Marc Gasol,MEM,True,2-pointer,7,53-62,'OKC',trails
391,391,391,201404190OKC,26.0,9.7,3rd quarter,5:21.0,Marc Gasol,MEM,False,2-pointer,7,55-64,'OKC',trails
393,393,393,201404190OKC,24.1,3.7,3rd quarter,3:49.0,Marc Gasol,MEM,True,2-pointer,1,59-64,'OKC',trails
396,396,396,201404190OKC,29.0,3.1,3rd quarter,2:21.0,Marc Gasol,MEM,True,2-pointer,5,61-67,'OKC',trails
401,401,401,201404190OKC,16.2,4.7,3rd quarter,0:17.0,Marc Gasol,MEM,False,2-pointer,8,63-69,'OKC',trails
406,406,406,201404190OKC,24.0,4.5,4th quarter,9:53.0,Marc Gasol,MEM,False,2-pointer,2,67-72,'OKC',trails
409,409,409,201404190OKC,17.6,15.6,4th quarter,8:03.0,Marc Gasol,MEM,False,2-pointer,14,72-77,'OKC',trails
415,415,415,201404190OKC,26.8,8.3,4th quarter,4:21.0,Marc Gasol,MEM,True,2-pointer,6,79-89,'OKC',trails
419,419,419,201404190OKC,21.6,9.0,4th quarter,1:42.0,Marc Gasol,MEM,True,2-pointer,6,85-97,'OKC',trails
420,420,420,201404190OKC,24.7,20.0,4th quarter,1:04.0,Marc Gasol,MEM,False,2-pointer,17,85-97,'OKC',trails
161,161,161,201404210OKC,25.3,21.6,1st quarter,10:12.0,Marc Gasol,MEM,False,2-pointer,19,2-2,'OKC',tied
174,174,174,201404210OKC,26.0,15.7,1st quarter,3:31.0,Marc Gasol,MEM,True,2-pointer,13,16-10,'OKC',leads
178,178,178,201404210OKC,10.4,8.2,1st quarter,1:00.0,Marc Gasol,MEM,True,2-pointer,15,22-14,'OKC',leads
179,179,179,201404210OKC,29.8,11.5,1st quarter,0:23.0,Marc Gasol,MEM,False,2-pointer,10,24-16,'OKC',leads
180,180,180,201404210OKC,26.3,8.2,2nd quarter,10:41.0,Marc Gasol,MEM,False,2-pointer,6,24-19,'OKC',leads
199,199,199,201404210OKC,16.7,4.1,2nd quarter,1:33.0,Marc Gasol,MEM,False,2-pointer,7,41-37,'OKC',leads
202,202,202,201404210OKC,25.7,11.2,2nd quarter,0:07.0,Marc Gasol,MEM,False,2-pointer,8,46-43,'OKC',leads
204,204,204,201404210OKC,24.9,21.1,3rd quarter,9:58.0,Marc Gasol,MEM,False,2-pointer,18,50-47,'OKC',leads
211,211,211,201404210OKC,32.8,4.2,3rd quarter,5:33.0,Marc Gasol,MEM,False,2-pointer,9,57-55,'OKC',leads
212,212,212,201404210OKC,24.7,3.1,3rd quarter,5:02.0,Marc Gasol,MEM,False,2-pointer,1,57-57,'OKC',tied
213,213,213,201404210OKC,24.0,4.2,3rd quarter,4:35.0,Marc Gasol,MEM,True,2-pointer,1,59-57,'OKC',leads
215,215,215,201404210OKC,25.5,3.0,3rd quarter,3:16.0,Marc Gasol,MEM,True,2-pointer,2,61-60,'OKC',leads
221,221,221,201404210OKC,31.0,17.6,4th quarter,11:37.0,Marc Gasol,MEM,True,2-pointer,16,70-65,'OKC',leads
232,232,232,201404210OKC,28.5,9.6,4th quarter,3:19.0,Marc Gasol,MEM,False,2-pointer,8,87-84,'OKC',leads
235,235,235,201404210OKC,27.9,8.8,4th quarter,1:58.0,Marc Gasol,MEM,True,2-pointer,7,92-88,'OKC',leads
420,420,420,201404240MEM,10.4,10.1,1st quarter,9:28.0,Marc Gasol,MEM,True,2-pointer,15,2-4,'OKC',trails
421,421,421,201404240MEM,22.5,3.1,1st quarter,8:55.0,Marc Gasol,MEM,True,2-pointer,2,4-6,'OKC',trails
423,423,423,201404240MEM,23.6,6.9,1st quarter,7:52.0,Marc Gasol,MEM,False,2-pointer,4,4-6,'OKC',trails
437,437,437,201404240MEM,30.9,10.8,2nd quarter,11:25.0,Marc Gasol,MEM,False,2-pointer,10,24-18,'OKC',leads
443,443,443,201404240MEM,14.0,15.1,2nd quarter,7:44.0,Marc Gasol,MEM,False,2-pointer,16,32-24,'OKC',leads
450,450,450,201404240MEM,24.1,2.7,2nd quarter,4:15.0,Marc Gasol,MEM,True,2-pointer,0,40-28,'OKC',leads
452,452,452,201404240MEM,13.7,7.7,2nd quarter,2:08.0,Marc Gasol,MEM,False,2-pointer,11,40-31,'OKC',leads
456,456,456,201404240MEM,22.4,5.3,2nd quarter,1:15.0,Marc Gasol,MEM,True,2-pointer,3,42-34,'OKC',leads
463,463,463,201404240MEM,25.3,4.7,3rd quarter,9:09.0,Marc Gasol,MEM,False,2-pointer,2,51-41,'OKC',leads
468,468,468,201404240MEM,22.7,2.7,3rd quarter,6:42.0,Marc Gasol,MEM,False,2-pointer,1,57-47,'OKC',leads
469,469,469,201404240MEM,25.2,11.2,3rd quarter,6:15.0,Marc Gasol,MEM,True,2-pointer,8,59-49,'OKC',leads
497,497,497,201404240MEM,13.5,4.7,4th quarter,2:18.0,Marc Gasol,MEM,False,2-pointer,11,81-76,'OKC',leads
503,503,503,201404240MEM,17.6,7.4,1st overtime,3:50.0,Marc Gasol,MEM,True,2-pointer,8,87-88,'OKC',trails
507,507,507,201404240MEM,24.0,14.8,1st overtime,1:06.0,Marc Gasol,MEM,True,2-pointer,12,95-90,'OKC',leads
560,560,560,201404260MEM,31.3,6.6,1st quarter,11:21.0,Marc Gasol,MEM,True,2-pointer,8,2-2,'OKC',tied
562,562,562,201404260MEM,15.0,7.1,1st quarter,10:05.0,Marc Gasol,MEM,True,2-pointer,10,4-4,'OKC',tied
564,564,564,201404260MEM,17.5,6.7,1st quarter,8:13.0,Marc Gasol,MEM,True,2-pointer,7,6-6,'OKC',tied
566,566,566,201404260MEM,30.4,9.6,1st quarter,7:19.0,Marc Gasol,MEM,False,2-pointer,9,6-6,'OKC',tied
571,571,571,201404260MEM,18.0,22.2,1st quarter,4:18.0,Marc Gasol,MEM,True,2-pointer,20,12-12,'OKC',tied
575,575,575,201404260MEM,24.0,23.0,1st quarter,1:24.0,Marc Gasol,MEM,False,2-pointer,20,15-15,'OKC',tied
594,594,594,201404260MEM,23.6,10.1,2nd quarter,3:59.0,Marc Gasol,MEM,True,2-pointer,7,28-33,'OKC',trails
601,601,601,201404260MEM,25.5,3.6,2nd quarter,0:02.0,Marc Gasol,MEM,False,2-pointer,2,35-42,'OKC',trails
602,602,602,201404260MEM,17.3,7.1,3rd quarter,11:38.0,Marc Gasol,MEM,True,2-pointer,8,37-42,'OKC',trails
610,610,610,201404260MEM,24.0,3.1,3rd quarter,8:00.0,Marc Gasol,MEM,True,2-pointer,0,41-52,'OKC',trails
611,611,611,201404260MEM,26.6,22.8,3rd quarter,7:21.0,Marc Gasol,MEM,True,2-pointer,20,43-52,'OKC',trails
612,612,612,201404260MEM,18.1,3.7,3rd quarter,6:37.0,Marc Gasol,MEM,False,2-pointer,6,43-52,'OKC',trails
613,613,613,201404260MEM,24.1,3.1,3rd quarter,6:35.0,Marc Gasol,MEM,True,2-pointer,0,45-52,'OKC',trails
614,614,614,201404260MEM,9.8,4.5,3rd quarter,5:53.0,Marc Gasol,MEM,False,2-pointer,14,45-52,'OKC',trails
621,621,621,201404260MEM,11.8,6.4,3rd quarter,1:42.0,Marc Gasol,MEM,False,2-pointer,13,50-60,'OKC',trails
622,622,622,201404260MEM,21.1,9.0,3rd quarter,1:04.0,Marc Gasol,MEM,False,2-pointer,7,50-62,'OKC',trails
624,624,624,201404260MEM,30.5,5.2,4th quarter,11:28.0,Marc Gasol,MEM,False,2-pointer,7,52-64,'OKC',trails
632,632,632,201404260MEM,18.3,14.5,4th quarter,7:15.0,Marc Gasol,MEM,False,2-pointer,13,65-69,'OKC',trails
642,642,642,201404260MEM,22.7,17.6,4th quarter,1:20.0,Marc Gasol,MEM,True,2-pointer,15,80-75,'OKC',leads
643,643,643,201404260MEM,21.0,19.5,4th quarter,0:09.0,Marc Gasol,MEM,False,2-pointer,17,80-80,'OKC',tied
645,645,645,201404260MEM,18.3,6.0,1st overtime,4:18.0,Marc Gasol,MEM,False,2-pointer,6,80-82,'OKC',trails
314,314,314,201404290OKC,24.9,14.9,1st quarter,8:25.0,Marc Gasol,MEM,False,2-pointer,12,10-4,'OKC',leads
337,337,337,201404290OKC,33.9,9.3,2nd quarter,5:56.0,Marc Gasol,MEM,False,2-pointer,12,46-36,'OKC',leads
338,338,338,201404290OKC,13.1,7.1,2nd quarter,5:39.0,Marc Gasol,MEM,True,2-pointer,12,48-36,'OKC',leads
339,339,339,201404290OKC,32.6,3.9,2nd quarter,5:06.0,Marc Gasol,MEM,False,2-pointer,9,48-38,'OKC',leads
342,342,342,201404290OKC,23.6,2.8,2nd quarter,3:55.0,Marc Gasol,MEM,True,2-pointer,0,52-38,'OKC',leads
353,353,353,201404290OKC,24.7,20.2,3rd quarter,9:27.0,Marc Gasol,MEM,True,2-pointer,17,63-47,'OKC',leads
355,355,355,201404290OKC,22.4,11.0,3rd quarter,8:02.0,Marc Gasol,MEM,False,2-pointer,8,66-51,'OKC',leads
356,356,356,201404290OKC,27.9,18.6,3rd quarter,7:37.0,Marc Gasol,MEM,False,2-pointer,16,66-52,'OKC',leads
368,368,368,201404290OKC,25.3,2.5,3rd quarter,0:26.0,Marc Gasol,MEM,True,2-pointer,1,76-67,'OKC',leads
370,370,370,201404290OKC,28.2,15.7,4th quarter,10:32.0,Marc Gasol,MEM,False,2-pointer,13,76-72,'OKC',leads
375,375,375,201404290OKC,28.3,6.6,4th quarter,7:04.0,Marc Gasol,MEM,False,2-pointer,6,78-76,'OKC',leads
380,380,380,201404290OKC,29.3,7.8,4th quarter,2:19.0,Marc Gasol,MEM,False,2-pointer,7,87-86,'OKC',leads
387,387,387,201404290OKC,25.8,4.5,1st overtime,3:13.0,Marc Gasol,MEM,False,2-pointer,2,96-94,'OKC',leads
392,392,392,201404290OKC,24.0,13.2,1st overtime,0:41.0,Marc Gasol,MEM,False,2-pointer,10,100-98,'OKC',leads
412,412,412,201405010MEM,16.4,4.1,1st quarter,9:20.0,Marc Gasol,MEM,False,2-pointer,8,4-4,'OKC',tied
417,417,417,201405010MEM,28.2,9.4,1st quarter,7:16.0,Marc Gasol,MEM,False,2-pointer,8,6-10,'OKC',trails
422,422,422,201405010MEM,19.9,9.0,1st quarter,3:53.0,Marc Gasol,MEM,True,2-pointer,7,10-19,'OKC',trails
423,423,423,201405010MEM,21.9,7.8,1st quarter,3:19.0,Marc Gasol,MEM,True,2-pointer,5,12-19,'OKC',trails
424,424,424,201405010MEM,10.4,13.7,1st quarter,2:42.0,Marc Gasol,MEM,True,2-pointer,17,14-19,'OKC',trails
425,425,425,201405010MEM,37.6,14.3,1st quarter,1:57.0,Marc Gasol,MEM,False,2-pointer,18,14-21,'OKC',trails
428,428,428,201405010MEM,29.6,6.6,1st quarter,0:02.0,Marc Gasol,MEM,False,2-pointer,7,17-25,'OKC',trails
440,440,440,201405010MEM,24.4,2.8,2nd quarter,4:35.0,Marc Gasol,MEM,True,2-pointer,0,34-40,'OKC',trails
444,444,444,201405010MEM,22.9,2.8,2nd quarter,1:05.0,Marc Gasol,MEM,False,2-pointer,1,39-54,'OKC',trails
447,447,447,201405010MEM,17.8,7.2,3rd quarter,11:26.0,Marc Gasol,MEM,False,2-pointer,7,41-56,'OKC',trails
453,453,453,201405010MEM,30.7,5.8,3rd quarter,8:39.0,Marc Gasol,MEM,True,2-pointer,7,43-61,'OKC',trails
464,464,464,201405010MEM,24.7,3.7,3rd quarter,4:19.0,Marc Gasol,MEM,True,2-pointer,1,55-72,'OKC',trails
467,467,467,201405010MEM,11.2,17.3,3rd quarter,1:47.0,Marc Gasol,MEM,False,2-pointer,19,57-77,'OKC',trails
323,323,323,201405030OKC,24.7,3.4,1st quarter,11:18.0,Marc Gasol,MEM,True,2-pointer,1,2-2,'OKC',tied
324,324,324,201405030OKC,21.7,3.0,1st quarter,10:44.0,Marc Gasol,MEM,True,2-pointer,2,4-4,'OKC',tied
326,326,326,201405030OKC,14.3,7.2,1st quarter,9:41.0,Marc Gasol,MEM,False,2-pointer,11,4-8,'OKC',trails
328,328,328,201405030OKC,25.3,2.7,1st quarter,8:59.0,Marc Gasol,MEM,True,2-pointer,1,6-11,'OKC',trails
329,329,329,201405030OKC,25.0,18.7,1st quarter,8:31.0,Marc Gasol,MEM,False,2-pointer,16,6-13,'OKC',trails
334,334,334,201405030OKC,24.0,3.4,1st quarter,5:22.0,Marc Gasol,MEM,True,2-pointer,0,21-18,'OKC',leads
335,335,335,201405030OKC,23.2,20.9,1st quarter,4:51.0,Marc Gasol,MEM,True,2-pointer,18,24-18,'OKC',leads
336,336,336,201405030OKC,25.2,8.3,1st quarter,4:14.0,Marc Gasol,MEM,True,2-pointer,5,26-20,'OKC',leads
349,349,349,201405030OKC,11.5,17.8,2nd quarter,8:01.0,Marc Gasol,MEM,False,2-pointer,19,44-34,'OKC',leads
355,355,355,201405030OKC,24.2,7.7,2nd quarter,5:18.0,Marc Gasol,MEM,False,2-pointer,5,44-42,'OKC',leads
361,361,361,201405030OKC,25.8,8.2,2nd quarter,2:17.0,Marc Gasol,MEM,False,2-pointer,6,50-51,'OKC',trails
365,365,365,201405030OKC,16.7,6.7,3rd quarter,11:43.0,Marc Gasol,MEM,False,2-pointer,8,58-61,'OKC',trails
367,367,367,201405030OKC,38.3,18.7,3rd quarter,10:12.0,Marc Gasol,MEM,False,2-pointer,21,60-68,'OKC',trails
368,368,368,201405030OKC,24.2,16.2,3rd quarter,8:27.0,Marc Gasol,MEM,False,2-pointer,13,63-75,'OKC',trails
370,370,370,201405030OKC,24.2,12.1,3rd quarter,7:22.0,Marc Gasol,MEM,False,2-pointer,9,63-78,'OKC',trails
379,379,379,201405030OKC,23.5,4.1,3rd quarter,0:59.0,Marc Gasol,MEM,False,2-pointer,1,78-94,'OKC',trails
381,381,381,201405030OKC,23.8,30.2,3rd quarter,0:01.0,Marc Gasol,MEM,False,3-pointer,27,81-94,'OKC',trails
382,382,382,201405030OKC,24.2,9.3,4th quarter,11:22.0,Marc Gasol,MEM,True,2-pointer,6,83-96,'OKC',trails
389,389,389,201405030OKC,24.2,6.6,4th quarter,5:55.0,Marc Gasol,MEM,False,2-pointer,4,91-108,'OKC',trails
390,390,390,201405030OKC,21.8,3.4,4th quarter,5:53.0,Marc Gasol,MEM,False,2-pointer,2,91-108,'OKC',trails
774,774,774,201410290MEM,19.9,8.2,1st quarter,8:29.0,Marc Gasol,MEM,True,2-pointer,6,11-7,'MEM',leads
786,786,786,201410290MEM,18.6,7.5,1st quarter,1:07.0,Marc Gasol,MEM,False,2-pointer,7,23-25,'MEM',trails
789,789,789,201410290MEM,23.8,3.7,2nd quarter,11:26.0,Marc Gasol,MEM,True,2-pointer,0,27-28,'MEM',trails
790,790,790,201410290MEM,21.7,7.8,2nd quarter,10:45.0,Marc Gasol,MEM,False,2-pointer,5,27-28,'MEM',trails
791,791,791,201410290MEM,24.0,3.1,2nd quarter,9:52.0,Marc Gasol,MEM,True,2-pointer,0,29-30,'MEM',trails
793,793,793,201410290MEM,14.0,20.6,2nd quarter,9:12.0,Marc Gasol,MEM,True,2-pointer,20,31-30,'MEM',leads
796,796,796,201410290MEM,24.0,3.1,2nd quarter,7:58.0,Marc Gasol,MEM,True,2-pointer,0,35-32,'MEM',leads
807,807,807,201410290MEM,10.9,16.1,2nd quarter,1:04.0,Marc Gasol,MEM,False,2-pointer,18,46-43,'MEM',leads
809,809,809,201410290MEM,24.7,3.1,2nd quarter,0:29.0,Marc Gasol,MEM,True,2-pointer,0,50-45,'MEM',leads
812,812,812,201410290MEM,24.0,3.1,3rd quarter,10:51.0,Marc Gasol,MEM,True,2-pointer,0,58-51,'MEM',leads
814,814,814,201410290MEM,38.0,18.6,3rd quarter,9:11.0,Marc Gasol,MEM,True,2-pointer,20,62-56,'MEM',leads
821,821,821,201410290MEM,24.1,4.7,3rd quarter,5:37.0,Marc Gasol,MEM,False,2-pointer,1,67-62,'MEM',leads
828,828,828,201410290MEM,25.0,3.6,3rd quarter,1:33.0,Marc Gasol,MEM,True,2-pointer,1,79-72,'MEM',leads
830,830,830,201410290MEM,18.1,6.3,3rd quarter,0:46.0,Marc Gasol,MEM,True,2-pointer,6,81-74,'MEM',leads
832,832,832,201410290MEM,29.9,9.3,4th quarter,11:40.0,Marc Gasol,MEM,True,2-pointer,8,83-74,'MEM',leads
833,833,833,201410290MEM,24.9,18.9,4th quarter,10:57.0,Marc Gasol,MEM,False,2-pointer,15,83-76,'MEM',leads
850,850,850,201410290MEM,18.6,23.3,4th quarter,1:23.0,Marc Gasol,MEM,True,2-pointer,21,101-96,'MEM',leads
195,195,195,201410310IND,23.0,17.8,1st quarter,10:21.0,Marc Gasol,MEM,True,2-pointer,14,4-2,'IND',leads
196,196,196,201410310IND,18.4,20.3,1st quarter,9:47.0,Marc Gasol,MEM,True,2-pointer,18,6-2,'IND',leads
209,209,209,201410310IND,24.0,23.3,1st quarter,1:00.0,Marc Gasol,MEM,True,2-pointer,20,23-14,'IND',leads
210,210,210,201410310IND,26.8,9.1,1st quarter,0:24.0,Marc Gasol,MEM,False,2-pointer,6,23-17,'IND',leads
214,214,214,201410310IND,18.6,5.5,2nd quarter,9:27.0,Marc Gasol,MEM,True,2-pointer,5,28-26,'IND',leads
216,216,216,201410310IND,14.0,6.3,2nd quarter,7:42.0,Marc Gasol,MEM,False,2-pointer,10,28-30,'IND',trails
230,230,230,201410310IND,15.9,18.9,3rd quarter,11:16.0,Marc Gasol,MEM,False,2-pointer,17,46-53,'IND',trails
234,234,234,201410310IND,26.6,10.5,3rd quarter,9:28.0,Marc Gasol,MEM,True,2-pointer,7,48-59,'IND',trails
235,235,235,201410310IND,25.2,6.4,3rd quarter,8:11.0,Marc Gasol,MEM,True,2-pointer,3,52-61,'IND',trails
239,239,239,201410310IND,20.0,22.0,3rd quarter,6:39.0,Marc Gasol,MEM,False,2-pointer,19,58-61,'IND',trails
241,241,241,201410310IND,26.0,3.1,3rd quarter,5:36.0,Marc Gasol,MEM,True,2-pointer,2,62-63,'IND',trails
249,249,249,201410310IND,9.6,7.4,3rd quarter,1:52.0,Marc Gasol,MEM,True,2-pointer,15,76-65,'IND',leads
259,259,259,201410310IND,11.8,11.5,4th quarter,6:52.0,Marc Gasol,MEM,False,2-pointer,14,87-75,'IND',leads
262,262,262,201410310IND,20.8,9.6,4th quarter,3:48.0,Marc Gasol,MEM,True,2-pointer,7,90-80,'IND',leads
264,264,264,201410310IND,13.4,16.4,4th quarter,2:32.0,Marc Gasol,MEM,False,2-pointer,17,93-83,'IND',leads
269,269,269,201410310IND,27.1,22.7,4th quarter,1:00.0,Marc Gasol,MEM,False,2-pointer,19,97-87,'IND',leads
150,150,150,201411010CHO,17.0,4.2,1st quarter,11:43.0,Marc Gasol,MEM,True,2-pointer,7,2-0,'CHO',leads
151,151,151,201411010CHO,19.1,19.2,1st quarter,11:05.0,Marc Gasol,MEM,False,2-pointer,16,3-0,'CHO',leads
152,152,152,201411010CHO,13.2,12.6,1st quarter,9:57.0,Marc Gasol,MEM,True,2-pointer,14,5-2,'CHO',leads
155,155,155,201411010CHO,27.4,22.4,1st quarter,7:47.0,Marc Gasol,MEM,False,2-pointer,19,5-8,'CHO',trails
159,159,159,201411010CHO,24.0,3.1,1st quarter,6:06.0,Marc Gasol,MEM,True,2-pointer,0,12-8,'CHO',leads
175,175,175,201411010CHO,23.2,10.7,2nd quarter,7:19.0,Marc Gasol,MEM,True,2-pointer,7,30-18,'CHO',leads
177,177,177,201411010CHO,29.4,12.4,2nd quarter,5:02.0,Marc Gasol,MEM,False,2-pointer,10,32-18,'CHO',leads
180,180,180,201411010CHO,25.8,14.2,2nd quarter,3:25.0,Marc Gasol,MEM,False,2-pointer,11,32-24,'CHO',leads
187,187,187,201411010CHO,24.0,4.7,2nd quarter,0:37.0,Marc Gasol,MEM,True,2-pointer,1,36-30,'CHO',leads
189,189,189,201411010CHO,23.8,20.8,3rd quarter,11:21.0,Marc Gasol,MEM,True,2-pointer,17,38-30,'CHO',leads
190,190,190,201411010CHO,9.8,6.6,3rd quarter,10:43.0,Marc Gasol,MEM,True,2-pointer,14,40-30,'CHO',leads
193,193,193,201411010CHO,19.7,21.4,3rd quarter,8:06.0,Marc Gasol,MEM,False,2-pointer,18,42-34,'CHO',leads
196,196,196,201411010CHO,24.4,8.3,3rd quarter,7:00.0,Marc Gasol,MEM,False,2-pointer,5,44-34,'CHO',leads
197,197,197,201411010CHO,23.2,4.9,3rd quarter,6:55.0,Marc Gasol,MEM,False,2-pointer,2,44-34,'CHO',leads
218,218,218,201411010CHO,13.5,14.9,4th quarter,7:04.0,Marc Gasol,MEM,False,2-pointer,15,58-55,'CHO',leads
222,222,222,201411010CHO,24.6,11.6,4th quarter,4:59.0,Marc Gasol,MEM,False,2-pointer,8,60-59,'CHO',leads
224,224,224,201411010CHO,28.3,17.9,4th quarter,3:46.0,Marc Gasol,MEM,True,2-pointer,15,62-62,'CHO',tied
228,228,228,201411010CHO,25.0,3.9,4th quarter,0:59.0,Marc Gasol,MEM,True,2-pointer,1,70-69,'CHO',leads
795,795,795,201411030MEM,24.9,22.0,2nd quarter,3:50.0,Marc Gasol,MEM,True,2-pointer,19,32-25,'NOP',leads
803,803,803,201411030MEM,8.5,16.1,3rd quarter,10:39.0,Marc Gasol,MEM,False,2-pointer,20,42-35,'NOP',leads
804,804,804,201411030MEM,26.0,3.7,3rd quarter,10:17.0,Marc Gasol,MEM,False,2-pointer,2,42-37,'NOP',leads
808,808,808,201411030MEM,24.0,11.3,3rd quarter,8:12.0,Marc Gasol,MEM,False,2-pointer,8,44-45,'NOP',trails
812,812,812,201411030MEM,31.5,11.9,3rd quarter,5:54.0,Marc Gasol,MEM,False,2-pointer,11,48-45,'NOP',leads
815,815,815,201411030MEM,24.0,3.1,3rd quarter,4:45.0,Marc Gasol,MEM,True,2-pointer,0,50-48,'NOP',leads
820,820,820,201411030MEM,22.7,3.1,3rd quarter,3:28.0,Marc Gasol,MEM,True,2-pointer,1,57-48,'NOP',leads
821,821,821,201411030MEM,23.6,23.9,3rd quarter,3:06.0,Marc Gasol,MEM,True,2-pointer,20,60-48,'NOP',leads
822,822,822,201411030MEM,16.4,7.1,3rd quarter,1:53.0,Marc Gasol,MEM,False,2-pointer,8,60-51,'NOP',leads
829,829,829,201411030MEM,21.3,5.3,4th quarter,7:07.0,Marc Gasol,MEM,False,2-pointer,3,71-66,'NOP',leads
1154,1154,1154,201411050PHO,8.2,3.0,1st quarter,10:43.0,Marc Gasol,MEM,False,2-pointer,15,0-2,'PHO',trails
1158,1158,1158,201411050PHO,12.0,0.5,1st quarter,8:12.0,Marc Gasol,MEM,False,2-pointer,12,5-8,'PHO',trails
1171,1171,1171,201411050PHO,21.9,20.9,1st quarter,1:27.0,Marc Gasol,MEM,False,2-pointer,18,22-23,'PHO',trails
1187,1187,1187,201411050PHO,22.7,15.3,2nd quarter,2:20.0,Marc Gasol,MEM,True,2-pointer,12,44-48,'PHO',trails
1193,1193,1193,201411050PHO,24.2,2.4,3rd quarter,10:25.0,Marc Gasol,MEM,True,2-pointer,0,51-57,'PHO',trails
1199,1199,1199,201411050PHO,25.2,2.2,3rd quarter,8:03.0,Marc Gasol,MEM,True,2-pointer,1,64-59,'PHO',leads
1201,1201,1201,201411050PHO,11.3,10.2,3rd quarter,6:20.0,Marc Gasol,MEM,False,2-pointer,14,64-63,'PHO',leads
1215,1215,1215,201411050PHO,33.9,20.0,4th quarter,11:15.0,Marc Gasol,MEM,False,2-pointer,19,76-73,'PHO',leads
1221,1221,1221,201411050PHO,26.6,10.8,4th quarter,8:00.0,Marc Gasol,MEM,True,2-pointer,8,83-75,'PHO',leads
1224,1224,1224,201411050PHO,15.0,18.6,4th quarter,6:54.0,Marc Gasol,MEM,False,2-pointer,18,85-75,'PHO',leads
1226,1226,1226,201411050PHO,25.2,9.9,4th quarter,5:28.0,Marc Gasol,MEM,True,2-pointer,7,89-77,'PHO',leads
1232,1232,1232,201411050PHO,21.7,5.6,4th quarter,1:17.0,Marc Gasol,MEM,True,2-pointer,3,101-87,'PHO',leads
847,847,847,201411070OKC,13.9,6.0,1st quarter,10:08.0,Marc Gasol,MEM,False,2-pointer,10,4-0,'OKC',leads
848,848,848,201411070OKC,20.5,7.2,1st quarter,9:36.0,Marc Gasol,MEM,True,2-pointer,5,6-2,'OKC',leads
850,850,850,201411070OKC,9.6,9.4,1st quarter,8:26.0,Marc Gasol,MEM,False,2-pointer,15,9-6,'OKC',leads
858,858,858,201411070OKC,19.7,13.8,1st quarter,5:03.0,Marc Gasol,MEM,False,2-pointer,11,17-15,'OKC',leads
867,867,867,201411070OKC,25.5,7.7,1st quarter,0:36.0,Marc Gasol,MEM,False,2-pointer,4,22-19,'OKC',leads
892,892,892,201411070OKC,24.4,22.2,3rd quarter,9:42.0,Marc Gasol,MEM,True,2-pointer,19,53-40,'OKC',leads
897,897,897,201411070OKC,29.3,15.3,3rd quarter,6:14.0,Marc Gasol,MEM,False,2-pointer,13,56-51,'OKC',leads
899,899,899,201411070OKC,11.8,12.9,3rd quarter,5:11.0,Marc Gasol,MEM,False,2-pointer,15,56-51,'OKC',leads
904,904,904,201411070OKC,11.8,6.0,3rd quarter,0:49.0,Marc Gasol,MEM,True,2-pointer,12,66-62,'OKC',leads
909,909,909,201411070OKC,24.4,5.3,4th quarter,10:00.0,Marc Gasol,MEM,True,2-pointer,2,72-65,'OKC',leads
919,919,919,201411070OKC,26.1,7.5,4th quarter,3:17.0,Marc Gasol,MEM,False,2-pointer,4,81-81,'OKC',tied
993,993,993,201411080MIL,19.9,5.8,1st quarter,9:42.0,Marc Gasol,MEM,True,2-pointer,4,2-7,'MIL',trails
1001,1001,1001,201411080MIL,24.2,3.0,1st quarter,5:29.0,Marc Gasol,MEM,True,2-pointer,0,13-15,'MIL',trails
1005,1005,1005,201411080MIL,9.3,6.0,1st quarter,1:23.0,Marc Gasol,MEM,False,2-pointer,15,21-21,'MIL',tied
1025,1025,1025,201411080MIL,13.7,16.7,2nd quarter,1:08.0,Marc Gasol,MEM,False,2-pointer,17,46-41,'MIL',leads
1027,1027,1027,201411080MIL,24.1,2.7,3rd quarter,11:42.0,Marc Gasol,MEM,False,2-pointer,0,51-44,'MIL',leads
1035,1035,1035,201411080MIL,21.4,17.3,3rd quarter,7:20.0,Marc Gasol,MEM,True,2-pointer,14,62-54,'MIL',leads
1043,1043,1043,201411080MIL,14.2,14.0,3rd quarter,2:43.0,Marc Gasol,MEM,False,2-pointer,14,67-64,'MIL',leads
1044,1044,1044,201411080MIL,24.0,3.1,3rd quarter,2:29.0,Marc Gasol,MEM,True,2-pointer,0,69-64,'MIL',leads
1061,1061,1061,201411080MIL,23.8,3.4,4th quarter,5:16.0,Marc Gasol,MEM,False,2-pointer,0,83-81,'MIL',leads
1066,1066,1066,201411080MIL,24.1,3.3,4th quarter,2:04.0,Marc Gasol,MEM,False,2-pointer,0,89-90,'MIL',trails
1070,1070,1070,201411080MIL,26.4,21.7,4th quarter,0:23.0,Marc Gasol,MEM,False,2-pointer,18,91-90,'MIL',leads
402,402,402,201411110MEM,27.9,11.0,1st quarter,10:50.0,Marc Gasol,MEM,False,2-pointer,8,2-2,'LAL',tied
410,410,410,201411110MEM,20.6,17.8,1st quarter,7:46.0,Marc Gasol,MEM,True,2-pointer,15,8-4,'LAL',leads
413,413,413,201411110MEM,18.1,9.0,1st quarter,6:33.0,Marc Gasol,MEM,False,2-pointer,8,8-8,'LAL',tied
420,420,420,201411110MEM,25.7,8.3,1st quarter,3:21.0,Marc Gasol,MEM,True,2-pointer,5,18-10,'LAL',leads
435,435,435,201411110MEM,16.7,6.0,2nd quarter,4:43.0,Marc Gasol,MEM,False,2-pointer,7,44-39,'LAL',leads
445,445,445,201411110MEM,24.9,9.6,3rd quarter,9:09.0,Marc Gasol,MEM,False,2-pointer,6,60-55,'LAL',leads
455,455,455,201411110MEM,22.2,23.3,3rd quarter,3:14.0,Marc Gasol,MEM,True,2-pointer,20,75-68,'LAL',leads
470,470,470,201411110MEM,26.4,6.6,4th quarter,4:32.0,Marc Gasol,MEM,False,2-pointer,4,101-91,'LAL',leads
471,471,471,201411110MEM,12.0,11.3,4th quarter,4:18.0,Marc Gasol,MEM,False,2-pointer,14,101-91,'LAL',leads
475,475,475,201411110MEM,25.2,3.4,4th quarter,0:08.0,Marc Gasol,MEM,False,2-pointer,1,105-102,'LAL',leads
414,414,414,201411130MEM,11.3,12.9,1st quarter,10:45.0,Marc Gasol,MEM,False,2-pointer,16,0-2,'SAC',trails
416,416,416,201411130MEM,30.5,7.4,1st quarter,9:42.0,Marc Gasol,MEM,False,2-pointer,7,2-6,'SAC',trails
422,422,422,201411130MEM,28.8,7.4,1st quarter,7:29.0,Marc Gasol,MEM,False,2-pointer,6,4-15,'SAC',trails
423,423,423,201411130MEM,24.4,3.7,1st quarter,7:26.0,Marc Gasol,MEM,True,2-pointer,0,6-15,'SAC',trails
445,445,445,201411130MEM,11.0,18.4,2nd quarter,4:49.0,Marc Gasol,MEM,True,2-pointer,20,34-51,'SAC',trails
449,449,449,201411130MEM,17.6,6.9,2nd quarter,2:09.0,Marc Gasol,MEM,False,2-pointer,7,38-58,'SAC',trails
455,455,455,201411130MEM,13.7,4.1,3rd quarter,10:23.0,Marc Gasol,MEM,True,2-pointer,10,48-64,'SAC',trails
462,462,462,201411130MEM,23.2,3.0,3rd quarter,6:15.0,Marc Gasol,MEM,False,2-pointer,0,58-80,'SAC',trails
464,464,464,201411130MEM,10.1,16.8,3rd quarter,5:27.0,Marc Gasol,MEM,False,2-pointer,19,60-80,'SAC',trails
467,467,467,201411130MEM,24.1,7.2,3rd quarter,2:49.0,Marc Gasol,MEM,False,2-pointer,4,66-86,'SAC',trails
469,469,469,201411130MEM,23.5,2.8,3rd quarter,0:04.0,Marc Gasol,MEM,True,2-pointer,0,76-88,'SAC',trails
477,477,477,201411130MEM,24.2,7.5,4th quarter,6:15.0,Marc Gasol,MEM,True,2-pointer,4,92-103,'SAC',trails
478,478,478,201411130MEM,13.1,6.0,4th quarter,5:42.0,Marc Gasol,MEM,False,2-pointer,11,93-103,'SAC',trails
939,939,939,201411150MEM,20.5,20.5,1st quarter,10:18.0,Marc Gasol,MEM,False,2-pointer,17,0-0,'DET',tied
945,945,945,201411150MEM,29.3,6.0,1st quarter,6:57.0,Marc Gasol,MEM,True,2-pointer,6,7-7,'DET',tied
946,946,946,201411150MEM,24.9,3.0,1st quarter,6:19.0,Marc Gasol,MEM,False,2-pointer,0,7-7,'DET',tied
947,947,947,201411150MEM,24.0,3.1,1st quarter,5:22.0,Marc Gasol,MEM,True,2-pointer,0,11-9,'DET',leads
963,963,963,201411150MEM,24.0,15.9,2nd quarter,6:05.0,Marc Gasol,MEM,False,2-pointer,12,34-28,'DET',leads
970,970,970,201411150MEM,36.5,11.5,2nd quarter,2:20.0,Marc Gasol,MEM,False,2-pointer,15,44-43,'DET',leads
971,971,971,201411150MEM,14.8,17.5,2nd quarter,1:29.0,Marc Gasol,MEM,True,2-pointer,17,48-43,'DET',leads
981,981,981,201411150MEM,17.3,7.1,3rd quarter,9:24.0,Marc Gasol,MEM,False,2-pointer,7,55-54,'DET',leads
982,982,982,201411150MEM,11.5,11.3,3rd quarter,7:56.0,Marc Gasol,MEM,True,2-pointer,15,57-56,'DET',leads
983,983,983,201411150MEM,31.2,15.7,3rd quarter,7:25.0,Marc Gasol,MEM,False,2-pointer,14,57-56,'DET',leads
988,988,988,201411150MEM,35.0,7.7,3rd quarter,3:56.0,Marc Gasol,MEM,False,2-pointer,11,62-58,'DET',leads
995,995,995,201411150MEM,24.0,8.8,3rd quarter,2:07.0,Marc Gasol,MEM,True,2-pointer,5,69-60,'DET',leads
1010,1010,1010,201411150MEM,20.2,6.0,4th quarter,7:41.0,Marc Gasol,MEM,True,2-pointer,4,78-69,'DET',leads
1014,1014,1014,201411150MEM,35.3,26.1,4th quarter,4:43.0,Marc Gasol,MEM,False,3-pointer,25,84-75,'DET',leads
1019,1019,1019,201411150MEM,25.2,17.3,4th quarter,3:12.0,Marc Gasol,MEM,False,2-pointer,14,86-77,'DET',leads
1021,1021,1021,201411150MEM,24.4,6.4,4th quarter,0:37.0,Marc Gasol,MEM,False,2-pointer,3,89-84,'DET',leads
1049,1049,1049,201411170MEM,25.7,9.9,1st quarter,9:51.0,Marc Gasol,MEM,True,2-pointer,7,4-4,'HOU',tied
1051,1051,1051,201411170MEM,30.2,17.8,1st quarter,8:49.0,Marc Gasol,MEM,False,2-pointer,16,7-7,'HOU',tied
1053,1053,1053,201411170MEM,17.8,6.6,1st quarter,8:06.0,Marc Gasol,MEM,False,2-pointer,7,7-11,'HOU',trails
1054,1054,1054,201411170MEM,15.3,19.2,1st quarter,7:42.0,Marc Gasol,MEM,False,2-pointer,18,7-11,'HOU',trails
1058,1058,1058,201411170MEM,24.6,3.6,1st quarter,6:15.0,Marc Gasol,MEM,True,2-pointer,0,13-13,'HOU',tied
1060,1060,1060,201411170MEM,14.8,7.4,1st quarter,4:30.0,Marc Gasol,MEM,False,2-pointer,10,13-15,'HOU',trails
1085,1085,1085,201411170MEM,13.2,8.2,2nd quarter,2:42.0,Marc Gasol,MEM,True,2-pointer,11,55-35,'HOU',leads
1092,1092,1092,201411170MEM,18.4,17.8,3rd quarter,8:39.0,Marc Gasol,MEM,False,2-pointer,15,69-46,'HOU',leads
1094,1094,1094,201411170MEM,23.5,7.4,3rd quarter,7:57.0,Marc Gasol,MEM,False,2-pointer,4,71-49,'HOU',leads
1098,1098,1098,201411170MEM,23.3,3.4,3rd quarter,6:23.0,Marc Gasol,MEM,True,2-pointer,0,77-53,'HOU',leads
1506,1506,1506,201411190TOR,18.4,3.7,1st quarter,8:59.0,Marc Gasol,MEM,True,2-pointer,5,2-9,'TOR',trails
1511,1511,1511,201411190TOR,23.6,14.8,1st quarter,6:15.0,Marc Gasol,MEM,False,2-pointer,11,8-11,'TOR',trails
1516,1516,1516,201411190TOR,13.4,15.9,1st quarter,2:56.0,Marc Gasol,MEM,True,2-pointer,16,14-15,'TOR',trails
1517,1517,1517,201411190TOR,25.8,8.6,1st quarter,2:23.0,Marc Gasol,MEM,True,2-pointer,5,16-15,'TOR',leads
1518,1518,1518,201411190TOR,24.2,8.5,1st quarter,1:42.0,Marc Gasol,MEM,False,2-pointer,5,16-17,'TOR',trails
1529,1529,1529,201411190TOR,25.2,3.0,2nd quarter,8:08.0,Marc Gasol,MEM,True,2-pointer,1,28-30,'TOR',trails
1545,1545,1545,201411190TOR,26.4,4.2,2nd quarter,0:22.0,Marc Gasol,MEM,False,2-pointer,2,48-42,'TOR',leads
1546,1546,1546,201411190TOR,24.0,3.1,3rd quarter,10:29.0,Marc Gasol,MEM,True,2-pointer,0,50-46,'TOR',leads
1547,1547,1547,201411190TOR,27.9,7.1,3rd quarter,9:52.0,Marc Gasol,MEM,False,2-pointer,5,50-46,'TOR',leads
1550,1550,1550,201411190TOR,38.0,9.1,3rd quarter,8:03.0,Marc Gasol,MEM,True,2-pointer,15,56-50,'TOR',leads
1564,1564,1564,201411190TOR,26.3,2.7,3rd quarter,1:11.0,Marc Gasol,MEM,False,2-pointer,2,69-65,'TOR',leads
1566,1566,1566,201411190TOR,9.1,3.0,3rd quarter,0:43.0,Marc Gasol,MEM,False,2-pointer,14,71-65,'TOR',leads
1572,1572,1572,201411190TOR,13.1,3.9,4th quarter,7:57.0,Marc Gasol,MEM,True,2-pointer,10,78-77,'TOR',leads
1573,1573,1573,201411190TOR,13.9,19.0,4th quarter,7:14.0,Marc Gasol,MEM,True,2-pointer,18,80-80,'TOR',tied
1575,1575,1575,201411190TOR,9.6,8.6,4th quarter,4:35.0,Marc Gasol,MEM,False,2-pointer,15,86-83,'TOR',leads
1577,1577,1577,201411190TOR,24.2,2.4,4th quarter,3:16.0,Marc Gasol,MEM,False,2-pointer,0,90-88,'TOR',leads
918,918,918,201411210MEM,24.0,5.3,1st quarter,8:44.0,Marc Gasol,MEM,True,2-pointer,2,7-5,'BOS',leads
919,919,919,201411210MEM,18.0,21.1,1st quarter,8:09.0,Marc Gasol,MEM,True,2-pointer,19,9-7,'BOS',leads
921,921,921,201411210MEM,9.6,14.8,1st quarter,7:07.0,Marc Gasol,MEM,False,2-pointer,18,11-7,'BOS',leads
923,923,923,201411210MEM,24.2,3.9,1st quarter,6:09.0,Marc Gasol,MEM,True,2-pointer,0,15-7,'BOS',leads
927,927,927,201411210MEM,29.8,3.9,1st quarter,3:36.0,Marc Gasol,MEM,False,2-pointer,5,21-14,'BOS',leads
931,931,931,201411210MEM,19.4,13.8,1st quarter,0:39.0,Marc Gasol,MEM,True,2-pointer,11,25-14,'BOS',leads
953,953,953,201411210MEM,18.9,7.1,2nd quarter,0:41.0,Marc Gasol,MEM,False,2-pointer,6,48-39,'BOS',leads
954,954,954,201411210MEM,18.9,7.1,2nd quarter,0:41.0,Marc Gasol,MEM,True,2-pointer,6,50-39,'BOS',leads
958,958,958,201411210MEM,22.4,3.1,3rd quarter,10:41.0,Marc Gasol,MEM,True,2-pointer,1,57-46,'BOS',leads
960,960,960,201411210MEM,17.3,9.4,3rd quarter,9:31.0,Marc Gasol,MEM,True,2-pointer,9,59-51,'BOS',leads
961,961,961,201411210MEM,27.9,10.2,3rd quarter,8:57.0,Marc Gasol,MEM,False,2-pointer,8,59-51,'BOS',leads
962,962,962,201411210MEM,26.0,6.1,3rd quarter,8:34.0,Marc Gasol,MEM,False,2-pointer,3,59-53,'BOS',leads
963,963,963,201411210MEM,26.6,4.1,3rd quarter,8:15.0,Marc Gasol,MEM,True,2-pointer,2,61-53,'BOS',leads
966,966,966,201411210MEM,20.5,22.7,3rd quarter,7:12.0,Marc Gasol,MEM,True,2-pointer,20,66-55,'BOS',leads
969,969,969,201411210MEM,24.6,16.1,3rd quarter,6:13.0,Marc Gasol,MEM,True,2-pointer,13,70-55,'BOS',leads
972,972,972,201411210MEM,24.1,28.4,3rd quarter,5:16.0,Marc Gasol,MEM,False,3-pointer,25,70-55,'BOS',leads
990,990,990,201411210MEM,24.0,3.1,4th quarter,7:00.0,Marc Gasol,MEM,True,2-pointer,0,97-82,'BOS',leads
994,994,994,201411210MEM,12.4,5.5,4th quarter,5:11.0,Marc Gasol,MEM,False,2-pointer,11,103-85,'BOS',leads
995,995,995,201411210MEM,24.0,7.7,4th quarter,4:26.0,Marc Gasol,MEM,False,2-pointer,4,103-86,'BOS',leads
996,996,996,201411210MEM,17.3,14.3,4th quarter,4:08.0,Marc Gasol,MEM,True,2-pointer,13,105-86,'BOS',leads
997,997,997,201411210MEM,20.3,5.5,4th quarter,3:33.0,Marc Gasol,MEM,False,2-pointer,4,105-89,'BOS',leads
999,999,999,201411210MEM,23.0,4.5,4th quarter,2:28.0,Marc Gasol,MEM,True,2-pointer,1,109-92,'BOS',leads
437,437,437,201411230MEM,11.0,3.4,1st quarter,11:44.0,Marc Gasol,MEM,False,2-pointer,13,0-0,'MEM',tied
440,440,440,201411230MEM,23.6,18.4,1st quarter,10:26.0,Marc Gasol,MEM,True,2-pointer,15,4-3,'MEM',leads
443,443,443,201411230MEM,24.0,23.9,1st quarter,9:20.0,Marc Gasol,MEM,True,2-pointer,20,9-5,'MEM',leads
444,444,444,201411230MEM,24.2,3.0,1st quarter,8:20.0,Marc Gasol,MEM,True,2-pointer,0,11-8,'MEM',leads
447,447,447,201411230MEM,29.0,16.1,1st quarter,6:31.0,Marc Gasol,MEM,True,2-pointer,14,16-12,'MEM',leads
448,448,448,201411230MEM,24.6,2.8,1st quarter,6:03.0,Marc Gasol,MEM,True,2-pointer,0,18-12,'MEM',leads
450,450,450,201411230MEM,37.2,17.2,1st quarter,4:48.0,Marc Gasol,MEM,True,2-pointer,19,20-16,'MEM',leads
451,451,451,201411230MEM,34.6,6.6,1st quarter,3:48.0,Marc Gasol,MEM,False,2-pointer,11,20-18,'MEM',leads
466,466,466,201411230MEM,22.9,11.3,2nd quarter,5:30.0,Marc Gasol,MEM,True,2-pointer,8,36-27,'MEM',leads
468,468,468,201411230MEM,25.5,2.8,2nd quarter,3:42.0,Marc Gasol,MEM,True,2-pointer,1,43-28,'MEM',leads
480,480,480,201411230MEM,10.1,17.9,3rd quarter,8:48.0,Marc Gasol,MEM,False,2-pointer,20,62-49,'MEM',leads
484,484,484,201411230MEM,24.6,9.4,3rd quarter,6:40.0,Marc Gasol,MEM,True,2-pointer,6,68-54,'MEM',leads
488,488,488,201411230MEM,24.0,3.1,3rd quarter,5:02.0,Marc Gasol,MEM,True,2-pointer,0,72-61,'MEM',leads
489,489,489,201411230MEM,11.0,14.3,3rd quarter,4:22.0,Marc Gasol,MEM,True,2-pointer,17,74-61,'MEM',leads
492,492,492,201411230MEM,24.0,3.1,3rd quarter,2:55.0,Marc Gasol,MEM,True,2-pointer,0,78-64,'MEM',leads
493,493,493,201411230MEM,28.3,8.0,3rd quarter,2:19.0,Marc Gasol,MEM,False,2-pointer,6,78-66,'MEM',leads
513,513,513,201411230MEM,25.2,2.8,4th quarter,3:57.0,Marc Gasol,MEM,True,2-pointer,1,105-88,'MEM',leads
514,514,514,201411230MEM,21.3,15.6,4th quarter,3:22.0,Marc Gasol,MEM,False,2-pointer,12,105-88,'MEM',leads
998,998,998,201411260LAL,28.8,3.0,1st quarter,11:37.0,Marc Gasol,MEM,False,2-pointer,4,0-0,'LAL',tied
1005,1005,1005,201411260LAL,24.0,3.1,1st quarter,8:40.0,Marc Gasol,MEM,True,2-pointer,0,9-8,'LAL',leads
1011,1011,1011,201411260LAL,26.6,6.9,1st quarter,5:01.0,Marc Gasol,MEM,False,2-pointer,4,11-16,'LAL',trails
1035,1035,1035,201411260LAL,24.9,6.3,2nd quarter,3:10.0,Marc Gasol,MEM,False,2-pointer,3,36-41,'LAL',trails
1047,1047,1047,201411260LAL,10.6,18.4,3rd quarter,8:59.0,Marc Gasol,MEM,False,2-pointer,20,50-55,'LAL',trails
1050,1050,1050,201411260LAL,22.7,4.4,3rd quarter,7:39.0,Marc Gasol,MEM,True,2-pointer,1,56-58,'LAL',trails
1051,1051,1051,201411260LAL,22.1,3.9,3rd quarter,6:55.0,Marc Gasol,MEM,True,2-pointer,2,58-58,'LAL',tied
1060,1060,1060,201411260LAL,11.5,14.9,3rd quarter,0:00.0,Marc Gasol,MEM,True,2-pointer,17,80-74,'LAL',leads
1074,1074,1074,201411260LAL,27.1,20.6,4th quarter,1:54.0,Marc Gasol,MEM,True,2-pointer,17,97-92,'LAL',leads
1077,1077,1077,201411260LAL,24.7,19.8,4th quarter,0:32.0,Marc Gasol,MEM,False,2-pointer,16,97-93,'LAL',leads
1520,1520,1520,201411280POR,23.5,25.5,1st quarter,10:21.0,Marc Gasol,MEM,True,2-pointer,22,4-5,'POR',trails
1525,1525,1525,201411280POR,12.8,18.3,1st quarter,7:45.0,Marc Gasol,MEM,False,2-pointer,18,6-13,'POR',trails
1526,1526,1526,201411280POR,27.1,6.0,1st quarter,6:58.0,Marc Gasol,MEM,False,2-pointer,4,6-15,'POR',trails
1527,1527,1527,201411280POR,14.5,5.2,1st quarter,6:31.0,Marc Gasol,MEM,False,2-pointer,9,6-15,'POR',trails
1535,1535,1535,201411280POR,31.3,20.8,1st quarter,1:32.0,Marc Gasol,MEM,True,2-pointer,19,20-24,'POR',trails
1558,1558,1558,201411280POR,33.9,18.4,3rd quarter,11:41.0,Marc Gasol,MEM,False,2-pointer,18,52-43,'POR',leads
1559,1559,1559,201411280POR,24.2,3.3,3rd quarter,11:17.0,Marc Gasol,MEM,False,2-pointer,0,52-43,'POR',leads
1560,1560,1560,201411280POR,24.2,3.3,3rd quarter,11:16.0,Marc Gasol,MEM,True,2-pointer,0,54-43,'POR',leads
1565,1565,1565,201411280POR,18.1,21.9,3rd quarter,8:47.0,Marc Gasol,MEM,True,2-pointer,19,63-50,'POR',leads
1571,1571,1571,201411280POR,32.8,17.6,3rd quarter,6:01.0,Marc Gasol,MEM,True,2-pointer,17,67-58,'POR',leads
1578,1578,1578,201411280POR,21.9,3.0,3rd quarter,2:30.0,Marc Gasol,MEM,True,2-pointer,2,77-64,'POR',leads
1580,1580,1580,201411280POR,24.0,3.9,3rd quarter,1:27.0,Marc Gasol,MEM,True,2-pointer,0,81-66,'POR',leads
1581,1581,1581,201411280POR,15.8,18.1,3rd quarter,0:35.0,Marc Gasol,MEM,True,2-pointer,17,83-68,'POR',leads
1593,1593,1593,201411280POR,23.3,23.1,4th quarter,4:55.0,Marc Gasol,MEM,False,2-pointer,20,94-85,'POR',leads
1594,1594,1594,201411280POR,28.2,6.1,4th quarter,4:17.0,Marc Gasol,MEM,True,2-pointer,5,96-87,'POR',leads
1186,1186,1186,201411300SAC,25.5,26.0,1st quarter,11:09.0,Marc Gasol,MEM,False,2-pointer,23,2-0,'SAC',leads
1192,1192,1192,201411300SAC,11.2,6.1,1st quarter,7:56.0,Marc Gasol,MEM,True,2-pointer,13,11-4,'SAC',leads
1218,1218,1218,201411300SAC,10.6,6.4,2nd quarter,7:08.0,Marc Gasol,MEM,True,2-pointer,13,40-26,'SAC',leads
1222,1222,1222,201411300SAC,25.8,3.6,2nd quarter,4:43.0,Marc Gasol,MEM,True,2-pointer,1,47-30,'SAC',leads
1226,1226,1226,201411300SAC,13.7,6.9,2nd quarter,2:47.0,Marc Gasol,MEM,True,2-pointer,11,55-35,'SAC',leads
1228,1228,1228,201411300SAC,24.4,24.6,2nd quarter,1:06.0,Marc Gasol,MEM,False,2-pointer,21,55-40,'SAC',leads
1234,1234,1234,201411300SAC,28.7,21.4,3rd quarter,9:58.0,Marc Gasol,MEM,False,2-pointer,18,61-44,'SAC',leads
1239,1239,1239,201411300SAC,24.0,8.6,3rd quarter,5:26.0,Marc Gasol,MEM,False,2-pointer,5,65-55,'SAC',leads
1254,1254,1254,201411300SAC,10.6,5.0,4th quarter,9:34.0,Marc Gasol,MEM,False,2-pointer,13,74-69,'SAC',leads
1259,1259,1259,201411300SAC,24.0,11.2,4th quarter,5:33.0,Marc Gasol,MEM,True,2-pointer,8,83-76,'SAC',leads
1260,1260,1260,201411300SAC,8.3,14.8,4th quarter,4:56.0,Marc Gasol,MEM,True,2-pointer,19,85-76,'SAC',leads
552,552,552,201412030HOU,24.0,8.5,1st quarter,10:57.0,Marc Gasol,MEM,True,2-pointer,5,4-0,'HOU',leads
554,554,554,201412030HOU,25.5,2.7,1st quarter,9:36.0,Marc Gasol,MEM,True,2-pointer,1,8-0,'HOU',leads
559,559,559,201412030HOU,22.7,21.1,1st quarter,6:16.0,Marc Gasol,MEM,False,2-pointer,18,16-13,'HOU',leads
560,560,560,201412030HOU,24.0,3.1,1st quarter,5:49.0,Marc Gasol,MEM,True,2-pointer,0,18-15,'HOU',leads
578,578,578,201412030HOU,23.6,19.7,2nd quarter,5:00.0,Marc Gasol,MEM,False,2-pointer,16,39-49,'HOU',trails
582,582,582,201412030HOU,22.4,3.9,2nd quarter,1:40.0,Marc Gasol,MEM,True,2-pointer,1,44-58,'HOU',trails
590,590,590,201412030HOU,6.6,2.0,3rd quarter,9:31.0,Marc Gasol,MEM,False,2-pointer,17,48-68,'HOU',trails
599,599,599,201412030HOU,27.9,12.7,3rd quarter,3:56.0,Marc Gasol,MEM,False,2-pointer,10,60-83,'HOU',trails
758,758,758,201412050MEM,25.5,16.2,1st quarter,11:39.0,Marc Gasol,MEM,False,2-pointer,13,0-0,'SAS',tied
760,760,760,201412050MEM,25.0,3.9,1st quarter,10:35.0,Marc Gasol,MEM,True,2-pointer,1,2-5,'SAS',trails
763,763,763,201412050MEM,24.4,18.1,1st quarter,7:57.0,Marc Gasol,MEM,False,2-pointer,15,2-11,'SAS',trails
766,766,766,201412050MEM,24.4,3.1,1st quarter,6:39.0,Marc Gasol,MEM,False,2-pointer,0,2-13,'SAS',trails
767,767,767,201412050MEM,24.1,3.1,1st quarter,6:36.0,Marc Gasol,MEM,True,2-pointer,0,4-13,'SAS',trails
774,774,774,201412050MEM,24.6,6.1,1st quarter,2:52.0,Marc Gasol,MEM,False,2-pointer,3,10-19,'SAS',trails
776,776,776,201412050MEM,22.5,3.3,1st quarter,1:31.0,Marc Gasol,MEM,True,2-pointer,1,14-25,'SAS',trails
786,786,786,201412050MEM,23.3,4.2,2nd quarter,7:11.0,Marc Gasol,MEM,False,2-pointer,1,26-33,'SAS',trails
789,789,789,201412050MEM,24.1,4.4,2nd quarter,5:41.0,Marc Gasol,MEM,False,2-pointer,1,28-38,'SAS',trails
792,792,792,201412050MEM,24.0,3.1,2nd quarter,4:39.0,Marc Gasol,MEM,True,2-pointer,0,34-40,'SAS',trails
794,794,794,201412050MEM,19.9,13.2,2nd quarter,3:37.0,Marc Gasol,MEM,False,2-pointer,10,34-44,'SAS',trails
797,797,797,201412050MEM,24.0,2.8,2nd quarter,1:19.0,Marc Gasol,MEM,True,2-pointer,0,42-53,'SAS',trails
800,800,800,201412050MEM,38.0,14.5,3rd quarter,11:25.0,Marc Gasol,MEM,True,2-pointer,18,48-61,'SAS',trails
805,805,805,201412050MEM,24.6,21.4,3rd quarter,8:21.0,Marc Gasol,MEM,False,2-pointer,18,54-63,'SAS',trails
813,813,813,201412050MEM,24.9,11.3,3rd quarter,2:28.0,Marc Gasol,MEM,False,2-pointer,8,64-72,'SAS',trails
816,816,816,201412050MEM,23.3,9.9,3rd quarter,0:36.0,Marc Gasol,MEM,False,2-pointer,6,68-78,'SAS',trails
831,831,831,201412050MEM,11.5,15.1,4th quarter,2:43.0,Marc Gasol,MEM,False,2-pointer,17,90-103,'SAS',trails
832,832,832,201412050MEM,24.6,7.5,4th quarter,2:09.0,Marc Gasol,MEM,True,2-pointer,4,92-103,'SAS',trails
833,833,833,201412050MEM,24.1,3.1,4th quarter,1:40.0,Marc Gasol,MEM,True,2-pointer,0,95-103,'SAS',trails
835,835,835,201412050MEM,24.0,3.1,4th quarter,0:21.0,Marc Gasol,MEM,True,2-pointer,0,99-103,'SAS',trails
955,955,955,201412070MEM,27.2,7.8,1st quarter,3:23.0,Marc Gasol,MEM,False,2-pointer,5,20-21,'MIA',trails
960,960,960,201412070MEM,26.1,3.0,1st quarter,0:19.0,Marc Gasol,MEM,False,2-pointer,2,26-25,'MIA',leads
980,980,980,201412070MEM,15.1,7.7,3rd quarter,11:43.0,Marc Gasol,MEM,True,2-pointer,10,57-48,'MIA',leads
981,981,981,201412070MEM,10.1,15.3,3rd quarter,10:51.0,Marc Gasol,MEM,False,2-pointer,18,57-48,'MIA',leads
989,989,989,201412070MEM,13.9,7.2,3rd quarter,5:24.0,Marc Gasol,MEM,False,2-pointer,10,71-59,'MIA',leads
1011,1011,1011,201412070MEM,10.6,16.8,4th quarter,2:27.0,Marc Gasol,MEM,False,2-pointer,19,99-84,'MIA',leads
595,595,595,201412090MEM,9.6,4.4,1st quarter,8:32.0,Marc Gasol,MEM,True,2-pointer,14,8-11,'DAL',trails
601,601,601,201412090MEM,25.0,3.7,1st quarter,5:29.0,Marc Gasol,MEM,True,2-pointer,1,18-21,'DAL',trails
607,607,607,201412090MEM,25.5,3.0,1st quarter,2:40.0,Marc Gasol,MEM,False,2-pointer,1,25-32,'DAL',trails
608,608,608,201412090MEM,43.5,0.8,1st quarter,2:33.0,Marc Gasol,MEM,True,2-pointer,19,27-32,'DAL',trails
612,612,612,201412090MEM,24.0,3.1,1st quarter,0:08.0,Marc Gasol,MEM,True,2-pointer,0,34-37,'DAL',trails
613,613,613,201412090MEM,24.0,3.1,2nd quarter,11:46.0,Marc Gasol,MEM,True,2-pointer,0,36-37,'DAL',trails
614,614,614,201412090MEM,24.0,7.5,2nd quarter,10:37.0,Marc Gasol,MEM,False,2-pointer,4,36-40,'DAL',trails
634,634,634,201412090MEM,12.4,9.3,3rd quarter,11:03.0,Marc Gasol,MEM,True,2-pointer,13,60-62,'DAL',trails
636,636,636,201412090MEM,20.8,21.4,3rd quarter,9:54.0,Marc Gasol,MEM,False,2-pointer,18,60-62,'DAL',trails
653,653,653,201412090MEM,24.9,6.9,3rd quarter,1:43.0,Marc Gasol,MEM,False,2-pointer,4,85-76,'DAL',leads
656,656,656,201412090MEM,23.3,3.3,3rd quarter,1:33.0,Marc Gasol,MEM,True,2-pointer,0,87-76,'DAL',leads
666,666,666,201412090MEM,14.7,3.0,4th quarter,7:00.0,Marc Gasol,MEM,True,2-pointer,9,99-91,'DAL',leads
668,668,668,201412090MEM,28.5,18.4,4th quarter,5:39.0,Marc Gasol,MEM,False,2-pointer,16,101-93,'DAL',leads
675,675,675,201412090MEM,24.0,5.6,4th quarter,1:28.0,Marc Gasol,MEM,True,2-pointer,2,110-102,'DAL',leads
747,747,747,201412120MEM,13.1,5.0,1st quarter,9:38.0,Marc Gasol,MEM,False,2-pointer,11,7-0,'CHO',leads
748,748,748,201412120MEM,20.8,17.8,1st quarter,8:53.0,Marc Gasol,MEM,True,2-pointer,15,9-0,'CHO',leads
749,749,749,201412120MEM,16.7,3.7,1st quarter,8:15.0,Marc Gasol,MEM,False,2-pointer,7,9-2,'CHO',leads
754,754,754,201412120MEM,24.4,23.0,1st quarter,5:28.0,Marc Gasol,MEM,False,2-pointer,20,16-7,'CHO',leads
771,771,771,201412120MEM,18.9,5.5,2nd quarter,5:23.0,Marc Gasol,MEM,False,2-pointer,5,38-33,'CHO',leads
779,779,779,201412120MEM,32.3,18.4,3rd quarter,11:31.0,Marc Gasol,MEM,False,2-pointer,17,47-46,'CHO',leads
781,781,781,201412120MEM,24.6,3.7,3rd quarter,9:56.0,Marc Gasol,MEM,True,2-pointer,0,53-49,'CHO',leads
785,785,785,201412120MEM,19.9,17.5,3rd quarter,7:29.0,Marc Gasol,MEM,False,2-pointer,15,53-53,'CHO',tied
787,787,787,201412120MEM,24.6,3.7,3rd quarter,6:27.0,Marc Gasol,MEM,True,2-pointer,0,55-57,'CHO',trails
789,789,789,201412120MEM,20.2,21.9,3rd quarter,5:30.0,Marc Gasol,MEM,False,2-pointer,19,57-57,'CHO',tied
807,807,807,201412120MEM,24.6,22.4,4th quarter,4:28.0,Marc Gasol,MEM,True,2-pointer,19,83-81,'CHO',leads
808,808,808,201412120MEM,23.6,21.4,4th quarter,4:07.0,Marc Gasol,MEM,False,2-pointer,18,83-81,'CHO',leads
811,811,811,201412120MEM,18.8,20.5,4th quarter,1:44.0,Marc Gasol,MEM,True,2-pointer,18,90-85,'CHO',leads
813,813,813,201412120MEM,24.0,3.1,4th quarter,0:12.0,Marc Gasol,MEM,True,2-pointer,0,92-90,'CHO',leads
817,817,817,201412120MEM,18.8,20.3,1st overtime,3:06.0,Marc Gasol,MEM,True,2-pointer,18,97-94,'CHO',leads
818,818,818,201412120MEM,23.0,21.6,1st overtime,2:42.0,Marc Gasol,MEM,True,2-pointer,18,99-95,'CHO',leads
819,819,819,201412120MEM,26.3,22.0,1st overtime,2:02.0,Marc Gasol,MEM,False,2-pointer,19,99-95,'CHO',leads
820,820,820,201412120MEM,21.0,7.2,1st overtime,1:29.0,Marc Gasol,MEM,False,2-pointer,5,99-97,'CHO',leads
822,822,822,201412120MEM,22.9,3.6,1st overtime,0:27.0,Marc Gasol,MEM,False,2-pointer,1,99-100,'CHO',trails
824,824,824,201412120MEM,17.0,15.6,2nd overtime,4:38.0,Marc Gasol,MEM,False,2-pointer,14,102-102,'CHO',tied
1009,1009,1009,201412130PHI,19.4,4.1,1st quarter,10:31.0,Marc Gasol,MEM,True,2-pointer,4,2-4,'MEM',trails
1011,1011,1011,201412130PHI,24.7,11.0,1st quarter,9:32.0,Marc Gasol,MEM,True,2-pointer,8,6-4,'MEM',leads
1013,1013,1013,201412130PHI,22.9,22.7,1st quarter,8:16.0,Marc Gasol,MEM,False,2-pointer,19,9-7,'MEM',leads
1018,1018,1018,201412130PHI,25.7,2.0,1st quarter,4:51.0,Marc Gasol,MEM,False,2-pointer,1,11-17,'MEM',trails
1024,1024,1024,201412130PHI,24.0,3.1,1st quarter,2:06.0,Marc Gasol,MEM,True,2-pointer,0,19-26,'MEM',trails
1049,1049,1049,201412130PHI,23.6,4.2,3rd quarter,11:40.0,Marc Gasol,MEM,True,2-pointer,1,45-50,'MEM',trails
1050,1050,1050,201412130PHI,36.5,25.7,3rd quarter,10:58.0,Marc Gasol,MEM,False,3-pointer,25,45-50,'MEM',trails
1051,1051,1051,201412130PHI,24.7,5.2,3rd quarter,10:41.0,Marc Gasol,MEM,True,2-pointer,2,47-52,'MEM',trails
1057,1057,1057,201412130PHI,26.6,18.9,3rd quarter,6:57.0,Marc Gasol,MEM,False,2-pointer,16,58-60,'MEM',trails
1061,1061,1061,201412130PHI,22.7,9.3,3rd quarter,4:05.0,Marc Gasol,MEM,False,2-pointer,6,62-67,'MEM',trails
1098,1098,1098,201412130PHI,23.0,19.4,1st overtime,1:28.0,Marc Gasol,MEM,True,2-pointer,16,116-111,'MEM',leads
243,243,243,201412160MEM,26.1,9.3,1st quarter,11:28.0,Marc Gasol,MEM,True,2-pointer,6,2-0,'MEM',leads
245,245,245,201412160MEM,30.4,6.7,1st quarter,10:23.0,Marc Gasol,MEM,False,2-pointer,7,2-2,'MEM',tied
249,249,249,201412160MEM,12.4,11.9,1st quarter,8:11.0,Marc Gasol,MEM,False,2-pointer,14,4-6,'MEM',trails
252,252,252,201412160MEM,24.4,17.9,1st quarter,6:50.0,Marc Gasol,MEM,True,2-pointer,14,10-9,'MEM',leads
253,253,253,201412160MEM,23.6,4.1,1st quarter,6:23.0,Marc Gasol,MEM,False,2-pointer,1,10-11,'MEM',trails
254,254,254,201412160MEM,24.2,4.5,1st quarter,5:56.0,Marc Gasol,MEM,True,2-pointer,1,12-13,'MEM',trails
256,256,256,201412160MEM,25.2,7.2,1st quarter,4:46.0,Marc Gasol,MEM,False,2-pointer,4,14-15,'MEM',trails
260,260,260,201412160MEM,17.0,8.0,1st quarter,2:29.0,Marc Gasol,MEM,False,2-pointer,8,20-19,'MEM',leads
262,262,262,201412160MEM,24.0,3.1,1st quarter,1:58.0,Marc Gasol,MEM,True,2-pointer,0,22-22,'MEM',tied
264,264,264,201412160MEM,23.3,3.4,1st quarter,1:17.0,Marc Gasol,MEM,False,2-pointer,0,22-24,'MEM',trails
266,266,266,201412160MEM,24.6,23.0,1st quarter,0:45.0,Marc Gasol,MEM,True,2-pointer,20,24-26,'MEM',trails
284,284,284,201412160MEM,14.3,10.1,2nd quarter,2:18.0,Marc Gasol,MEM,True,2-pointer,12,50-42,'MEM',leads
287,287,287,201412160MEM,22.9,22.0,2nd quarter,0:56.0,Marc Gasol,MEM,True,2-pointer,19,52-46,'MEM',leads
290,290,290,201412160MEM,10.6,11.5,3rd quarter,11:07.0,Marc Gasol,MEM,True,2-pointer,15,59-49,'MEM',leads
301,301,301,201412160MEM,24.2,2.8,3rd quarter,6:56.0,Marc Gasol,MEM,True,2-pointer,0,63-55,'MEM',leads
302,302,302,201412160MEM,11.7,20.3,3rd quarter,6:11.0,Marc Gasol,MEM,False,2-pointer,21,63-55,'MEM',leads
304,304,304,201412160MEM,23.0,22.5,3rd quarter,4:48.0,Marc Gasol,MEM,True,2-pointer,19,67-58,'MEM',leads
320,320,320,201412160MEM,22.9,11.2,4th quarter,8:12.0,Marc Gasol,MEM,False,2-pointer,8,86-82,'MEM',leads
321,321,321,201412160MEM,26.3,12.4,4th quarter,7:56.0,Marc Gasol,MEM,True,2-pointer,9,88-82,'MEM',leads
330,330,330,201412160MEM,24.0,23.0,4th quarter,2:03.0,Marc Gasol,MEM,False,2-pointer,20,97-90,'MEM',leads
332,332,332,201412160MEM,24.4,13.5,4th quarter,0:46.0,Marc Gasol,MEM,False,2-pointer,10,99-94,'MEM',leads
1309,1309,1309,201412170SAS,13.4,17.5,1st quarter,11:38.0,Marc Gasol,MEM,True,2-pointer,17,2-0,'SAS',leads
1313,1313,1313,201412170SAS,11.7,14.3,1st quarter,9:22.0,Marc Gasol,MEM,False,2-pointer,16,8-3,'SAS',leads
1314,1314,1314,201412170SAS,24.0,9.7,1st quarter,8:21.0,Marc Gasol,MEM,True,2-pointer,6,10-5,'SAS',leads
1342,1342,1342,201412170SAS,30.2,14.2,2nd quarter,6:13.0,Marc Gasol,MEM,True,2-pointer,12,46-26,'SAS',leads
1357,1357,1357,201412170SAS,11.3,13.8,3rd quarter,9:34.0,Marc Gasol,MEM,False,2-pointer,16,56-45,'SAS',leads
1360,1360,1360,201412170SAS,24.0,3.1,3rd quarter,6:15.0,Marc Gasol,MEM,True,2-pointer,0,64-47,'SAS',leads
1378,1378,1378,201412170SAS,24.4,17.8,4th quarter,5:45.0,Marc Gasol,MEM,True,2-pointer,14,83-81,'SAS',leads
1379,1379,1379,201412170SAS,9.0,7.1,4th quarter,4:58.0,Marc Gasol,MEM,False,2-pointer,15,83-81,'SAS',leads
1385,1385,1385,201412170SAS,18.6,4.4,4th quarter,1:56.0,Marc Gasol,MEM,True,2-pointer,5,85-85,'SAS',tied
1386,1386,1386,201412170SAS,24.0,18.4,4th quarter,1:22.0,Marc Gasol,MEM,False,2-pointer,15,85-85,'SAS',tied
1387,1387,1387,201412170SAS,22.4,4.2,4th quarter,0:45.0,Marc Gasol,MEM,False,2-pointer,2,86-88,'SAS',trails
1390,1390,1390,201412170SAS,24.0,32.6,4th quarter,0:00.0,Marc Gasol,MEM,True,3-pointer,29,92-92,'SAS',tied
1396,1396,1396,201412170SAS,37.6,14.5,1st overtime,2:03.0,Marc Gasol,MEM,False,2-pointer,17,98-95,'SAS',leads
1402,1402,1402,201412170SAS,24.0,3.9,1st overtime,0:09.0,Marc Gasol,MEM,True,2-pointer,0,102-102,'SAS',tied
1403,1403,1403,201412170SAS,36.2,6.9,2nd overtime,4:19.0,Marc Gasol,MEM,True,2-pointer,12,104-102,'SAS',leads
1405,1405,1405,201412170SAS,10.4,15.9,2nd overtime,2:54.0,Marc Gasol,MEM,True,2-pointer,18,106-102,'SAS',leads
923,923,923,201412190MEM,34.3,18.6,1st quarter,10:20.0,Marc Gasol,MEM,False,2-pointer,18,2-4,'MEM',trails
927,927,927,201412190MEM,31.0,12.9,1st quarter,9:31.0,Marc Gasol,MEM,False,2-pointer,12,2-4,'MEM',trails
934,934,934,201412190MEM,18.0,13.2,1st quarter,6:11.0,Marc Gasol,MEM,False,2-pointer,11,8-11,'MEM',trails
937,937,937,201412190MEM,29.6,3.0,1st quarter,5:00.0,Marc Gasol,MEM,False,2-pointer,5,10-11,'MEM',trails
939,939,939,201412190MEM,18.1,4.2,1st quarter,3:37.0,Marc Gasol,MEM,True,2-pointer,6,14-13,'MEM',leads
941,941,941,201412190MEM,27.7,20.6,1st quarter,2:12.0,Marc Gasol,MEM,False,2-pointer,17,14-13,'MEM',leads
963,963,963,201412190MEM,22.4,4.1,2nd quarter,1:25.0,Marc Gasol,MEM,True,2-pointer,1,40-46,'MEM',trails
968,968,968,201412190MEM,17.0,3.0,3rd quarter,9:44.0,Marc Gasol,MEM,False,2-pointer,7,45-53,'MEM',trails
971,971,971,201412190MEM,30.5,3.6,3rd quarter,8:41.0,Marc Gasol,MEM,False,2-pointer,6,47-53,'MEM',trails
973,973,973,201412190MEM,18.8,21.3,3rd quarter,7:55.0,Marc Gasol,MEM,False,2-pointer,19,47-55,'MEM',trails
977,977,977,201412190MEM,31.3,18.3,3rd quarter,5:48.0,Marc Gasol,MEM,False,2-pointer,16,49-59,'MEM',trails
978,978,978,201412190MEM,23.6,3.7,3rd quarter,5:04.0,Marc Gasol,MEM,False,2-pointer,0,49-59,'MEM',trails
979,979,979,201412190MEM,25.2,3.0,3rd quarter,4:28.0,Marc Gasol,MEM,True,2-pointer,1,52-61,'MEM',trails
1007,1007,1007,201412190MEM,19.9,4.2,4th quarter,1:37.0,Marc Gasol,MEM,True,2-pointer,4,88-92,'MEM',trails
1010,1010,1010,201412190MEM,24.0,3.1,4th quarter,0:29.0,Marc Gasol,MEM,True,2-pointer,0,92-95,'MEM',trails
168,168,168,201412210CLE,14.7,20.2,1st quarter,10:00.0,Marc Gasol,MEM,False,2-pointer,19,0-5,'CLE',trails
169,169,169,201412210CLE,20.0,10.2,1st quarter,9:25.0,Marc Gasol,MEM,True,2-pointer,8,2-5,'CLE',trails
171,171,171,201412210CLE,24.1,3.0,1st quarter,8:29.0,Marc Gasol,MEM,True,2-pointer,0,4-7,'CLE',trails
173,173,173,201412210CLE,33.1,19.8,1st quarter,7:18.0,Marc Gasol,MEM,False,2-pointer,19,4-7,'CLE',trails
188,188,188,201412210CLE,9.6,3.4,2nd quarter,8:18.0,Marc Gasol,MEM,False,2-pointer,14,23-28,'CLE',trails
195,195,195,201412210CLE,24.0,3.1,2nd quarter,5:06.0,Marc Gasol,MEM,True,2-pointer,0,31-36,'CLE',trails
201,201,201,201412210CLE,23.5,27.9,2nd quarter,1:24.0,Marc Gasol,MEM,False,3-pointer,24,35-47,'CLE',trails
203,203,203,201412210CLE,23.3,3.4,2nd quarter,0:57.0,Marc Gasol,MEM,False,2-pointer,0,35-49,'CLE',trails
204,204,204,201412210CLE,25.5,2.8,2nd quarter,0:56.0,Marc Gasol,MEM,True,2-pointer,1,37-49,'CLE',trails
212,212,212,201412210CLE,24.1,2.4,3rd quarter,7:00.0,Marc Gasol,MEM,True,2-pointer,0,55-63,'CLE',trails
213,213,213,201412210CLE,26.6,5.3,3rd quarter,6:40.0,Marc Gasol,MEM,True,2-pointer,3,58-63,'CLE',trails
220,220,220,201412210CLE,22.2,4.2,3rd quarter,3:30.0,Marc Gasol,MEM,False,2-pointer,2,62-69,'CLE',trails
221,221,221,201412210CLE,24.9,9.9,3rd quarter,3:16.0,Marc Gasol,MEM,True,2-pointer,6,64-69,'CLE',trails
223,223,223,201412210CLE,23.5,3.6,3rd quarter,2:18.0,Marc Gasol,MEM,True,2-pointer,0,66-70,'CLE',trails
224,224,224,201412210CLE,23.5,3.0,3rd quarter,1:29.0,Marc Gasol,MEM,True,2-pointer,0,68-72,'CLE',trails
225,225,225,201412210CLE,24.4,18.1,3rd quarter,0:59.0,Marc Gasol,MEM,True,2-pointer,15,70-74,'CLE',trails
230,230,230,201412210CLE,20.5,16.4,4th quarter,10:40.0,Marc Gasol,MEM,False,2-pointer,13,74-81,'CLE',trails
922,922,922,201412220MEM,7.7,14.5,1st quarter,10:55.0,Marc Gasol,MEM,False,2-pointer,19,2-0,'UTA',leads
924,924,924,201412220MEM,21.6,8.2,1st quarter,9:43.0,Marc Gasol,MEM,False,2-pointer,5,2-5,'UTA',trails
927,927,927,201412220MEM,21.4,12.3,1st quarter,8:07.0,Marc Gasol,MEM,True,2-pointer,9,6-8,'UTA',trails
930,930,930,201412220MEM,20.3,14.2,1st quarter,6:43.0,Marc Gasol,MEM,True,2-pointer,11,12-8,'UTA',leads
934,934,934,201412220MEM,15.1,9.4,1st quarter,4:49.0,Marc Gasol,MEM,True,2-pointer,10,16-10,'UTA',leads
935,935,935,201412220MEM,23.6,25.2,1st quarter,4:12.0,Marc Gasol,MEM,True,2-pointer,22,18-10,'UTA',leads
937,937,937,201412220MEM,30.4,22.0,1st quarter,2:44.0,Marc Gasol,MEM,True,2-pointer,20,20-13,'UTA',leads
942,942,942,201412220MEM,23.2,22.4,1st quarter,0:15.0,Marc Gasol,MEM,False,2-pointer,19,22-19,'UTA',leads
954,954,954,201412220MEM,12.9,8.5,2nd quarter,4:21.0,Marc Gasol,MEM,True,2-pointer,12,38-34,'UTA',leads
959,959,959,201412220MEM,25.2,23.3,2nd quarter,1:07.0,Marc Gasol,MEM,False,2-pointer,20,43-40,'UTA',leads
960,960,960,201412220MEM,26.0,4.5,2nd quarter,0:21.0,Marc Gasol,MEM,False,2-pointer,2,43-42,'UTA',leads
970,970,970,201412220MEM,26.6,17.2,3rd quarter,6:09.0,Marc Gasol,MEM,False,2-pointer,14,57-56,'UTA',leads
971,971,971,201412220MEM,18.8,6.6,3rd quarter,5:32.0,Marc Gasol,MEM,False,2-pointer,6,57-58,'UTA',trails
974,974,974,201412220MEM,24.0,3.1,3rd quarter,3:18.0,Marc Gasol,MEM,True,2-pointer,0,61-65,'UTA',trails
977,977,977,201412220MEM,11.7,19.0,3rd quarter,1:36.0,Marc Gasol,MEM,True,2-pointer,20,66-67,'UTA',trails
980,980,980,201412220MEM,24.0,3.1,3rd quarter,0:03.0,Marc Gasol,MEM,False,2-pointer,0,68-70,'UTA',trails
981,981,981,201412220MEM,31.8,5.8,4th quarter,11:29.0,Marc Gasol,MEM,False,2-pointer,8,68-70,'UTA',trails
983,983,983,201412220MEM,34.3,16.5,4th quarter,10:54.0,Marc Gasol,MEM,False,2-pointer,16,68-71,'UTA',trails
990,990,990,201412220MEM,25.7,11.0,4th quarter,5:31.0,Marc Gasol,MEM,True,2-pointer,8,77-75,'UTA',leads
994,994,994,201412220MEM,12.0,18.9,4th quarter,3:53.0,Marc Gasol,MEM,False,2-pointer,19,79-82,'UTA',trails
1004,1004,1004,201412220MEM,25.3,3.7,4th quarter,0:06.0,Marc Gasol,MEM,True,2-pointer,1,91-95,'UTA',trails
1005,1005,1005,201412220MEM,40.0,30.4,4th quarter,0:02.0,Marc Gasol,MEM,False,3-pointer,31,91-97,'UTA',trails
964,964,964,201412260MEM,23.2,5.5,1st quarter,10:59.0,Marc Gasol,MEM,False,2-pointer,2,0-2,'HOU',trails
965,965,965,201412260MEM,24.0,3.7,1st quarter,10:55.0,Marc Gasol,MEM,True,2-pointer,0,2-2,'HOU',tied
967,967,967,201412260MEM,26.8,23.8,1st quarter,9:58.0,Marc Gasol,MEM,False,2-pointer,20,5-3,'HOU',leads
969,969,969,201412260MEM,30.1,5.2,1st quarter,8:50.0,Marc Gasol,MEM,False,2-pointer,6,8-3,'HOU',leads
970,970,970,201412260MEM,24.4,2.7,1st quarter,8:31.0,Marc Gasol,MEM,True,2-pointer,0,10-6,'HOU',leads
971,971,971,201412260MEM,31.7,17.3,1st quarter,8:10.0,Marc Gasol,MEM,True,2-pointer,16,12-6,'HOU',leads
975,975,975,201412260MEM,28.0,11.3,1st quarter,5:29.0,Marc Gasol,MEM,False,2-pointer,9,16-14,'HOU',leads
981,981,981,201412260MEM,25.0,9.7,1st quarter,3:05.0,Marc Gasol,MEM,True,2-pointer,6,23-21,'HOU',leads
1009,1009,1009,201412260MEM,28.5,9.7,2nd quarter,1:16.0,Marc Gasol,MEM,False,2-pointer,8,54-43,'HOU',leads
1012,1012,1012,201412260MEM,12.1,13.7,3rd quarter,11:26.0,Marc Gasol,MEM,True,2-pointer,16,59-53,'HOU',leads
1013,1013,1013,201412260MEM,9.6,17.2,3rd quarter,10:54.0,Marc Gasol,MEM,True,2-pointer,20,61-56,'HOU',leads
1017,1017,1017,201412260MEM,10.1,14.0,3rd quarter,9:18.0,Marc Gasol,MEM,True,2-pointer,17,63-60,'HOU',leads
1020,1020,1020,201412260MEM,26.8,17.3,3rd quarter,8:13.0,Marc Gasol,MEM,True,2-pointer,14,67-60,'HOU',leads
1021,1021,1021,201412260MEM,27.9,27.2,3rd quarter,7:50.0,Marc Gasol,MEM,True,3-pointer,24,70-63,'HOU',leads
1027,1027,1027,201412260MEM,20.5,18.7,3rd quarter,4:20.0,Marc Gasol,MEM,False,2-pointer,16,72-67,'HOU',leads
1028,1028,1028,201412260MEM,33.2,4.1,3rd quarter,1:52.0,Marc Gasol,MEM,True,2-pointer,9,79-75,'HOU',leads
1046,1046,1046,201412260MEM,31.7,7.5,4th quarter,4:59.0,Marc Gasol,MEM,False,2-pointer,8,86-95,'HOU',trails
1052,1052,1052,201412260MEM,24.0,3.1,4th quarter,3:07.0,Marc Gasol,MEM,True,2-pointer,0,93-100,'HOU',trails
1053,1053,1053,201412260MEM,20.0,5.8,4th quarter,2:41.0,Marc Gasol,MEM,True,2-pointer,4,95-100,'HOU',trails
1058,1058,1058,201412260MEM,27.6,18.7,4th quarter,0:00.0,Marc Gasol,MEM,False,2-pointer,16,104-104,'HOU',tied
1060,1060,1060,201412260MEM,20.3,7.4,1st overtime,3:48.0,Marc Gasol,MEM,False,2-pointer,5,104-106,'HOU',trails
840,840,840,201412270MIA,20.0,20.3,1st quarter,10:14.0,Marc Gasol,MEM,False,2-pointer,17,4-0,'MIA',leads
843,843,843,201412270MIA,25.7,3.0,1st quarter,8:37.0,Marc Gasol,MEM,True,2-pointer,1,11-4,'MIA',leads
865,865,865,201412270MIA,24.0,3.1,2nd quarter,8:23.0,Marc Gasol,MEM,True,2-pointer,0,35-24,'MIA',leads
867,867,867,201412270MIA,11.8,9.7,2nd quarter,7:03.0,Marc Gasol,MEM,True,2-pointer,13,37-27,'MIA',leads
871,871,871,201412270MIA,14.7,4.9,2nd quarter,3:38.0,Marc Gasol,MEM,False,2-pointer,9,43-35,'MIA',leads
872,872,872,201412270MIA,26.1,20.8,2nd quarter,3:17.0,Marc Gasol,MEM,True,2-pointer,17,45-35,'MIA',leads
873,873,873,201412270MIA,32.9,3.6,2nd quarter,1:59.0,Marc Gasol,MEM,True,2-pointer,8,49-37,'MIA',leads
874,874,874,201412270MIA,34.8,18.9,2nd quarter,0:26.0,Marc Gasol,MEM,False,2-pointer,19,53-41,'MIA',leads
878,878,878,201412270MIA,24.0,3.1,3rd quarter,10:35.0,Marc Gasol,MEM,False,2-pointer,0,57-41,'MIA',leads
884,884,884,201412270MIA,24.0,3.1,3rd quarter,6:26.0,Marc Gasol,MEM,True,2-pointer,0,65-53,'MIA',leads
885,885,885,201412270MIA,25.7,12.9,3rd quarter,5:45.0,Marc Gasol,MEM,False,2-pointer,10,65-55,'MIA',leads
886,886,886,201412270MIA,22.9,3.0,3rd quarter,5:03.0,Marc Gasol,MEM,False,2-pointer,1,65-56,'MIA',leads
907,907,907,201412270MIA,21.1,5.6,4th quarter,4:11.0,Marc Gasol,MEM,True,2-pointer,3,89-84,'MIA',leads
910,910,910,201412270MIA,15.9,15.6,4th quarter,2:14.0,Marc Gasol,MEM,False,2-pointer,14,93-89,'MIA',leads
901,901,901,201412300MEM,11.8,16.8,1st quarter,7:52.0,Marc Gasol,MEM,True,2-pointer,18,7-4,'SAS',leads
910,910,910,201412300MEM,18.1,4.9,1st quarter,2:17.0,Marc Gasol,MEM,True,2-pointer,6,23-14,'SAS',leads
911,911,911,201412300MEM,23.3,4.5,1st quarter,1:34.0,Marc Gasol,MEM,False,2-pointer,1,23-16,'SAS',leads
930,930,930,201412300MEM,24.1,3.9,2nd quarter,2:09.0,Marc Gasol,MEM,False,2-pointer,0,44-31,'SAS',leads
931,931,931,201412300MEM,19.9,5.8,2nd quarter,1:36.0,Marc Gasol,MEM,True,2-pointer,4,46-32,'SAS',leads
934,934,934,201412300MEM,37.3,17.9,3rd quarter,11:28.0,Marc Gasol,MEM,False,2-pointer,19,52-40,'SAS',leads
938,938,938,201412300MEM,17.6,9.1,3rd quarter,9:26.0,Marc Gasol,MEM,False,2-pointer,8,59-46,'SAS',leads
939,939,939,201412300MEM,17.6,4.7,3rd quarter,8:59.0,Marc Gasol,MEM,False,2-pointer,6,59-46,'SAS',leads
947,947,947,201412300MEM,25.8,6.3,3rd quarter,1:59.0,Marc Gasol,MEM,True,2-pointer,3,68-57,'SAS',leads
959,959,959,201412300MEM,28.7,18.4,4th quarter,5:31.0,Marc Gasol,MEM,True,2-pointer,16,82-77,'SAS',leads
963,963,963,201412300MEM,24.6,5.8,4th quarter,1:56.0,Marc Gasol,MEM,False,2-pointer,2,89-81,'SAS',leads
964,964,964,201412300MEM,24.2,3.3,4th quarter,1:54.0,Marc Gasol,MEM,True,2-pointer,0,91-81,'SAS',leads
536,536,536,201501020LAL,24.6,6.9,1st quarter,11:43.0,Marc Gasol,MEM,False,2-pointer,3,0-0,'LAL',tied
540,540,540,201501020LAL,13.4,19.4,1st quarter,8:51.0,Marc Gasol,MEM,True,2-pointer,19,7-6,'LAL',leads
541,541,541,201501020LAL,24.0,11.3,1st quarter,8:14.0,Marc Gasol,MEM,False,2-pointer,8,7-8,'LAL',trails
563,563,563,201501020LAL,23.0,7.5,2nd quarter,9:02.0,Marc Gasol,MEM,True,2-pointer,4,26-34,'LAL',trails
565,565,565,201501020LAL,25.2,17.5,2nd quarter,8:32.0,Marc Gasol,MEM,True,2-pointer,14,28-35,'LAL',trails
569,569,569,201501020LAL,16.5,18.3,2nd quarter,5:59.0,Marc Gasol,MEM,True,2-pointer,17,35-39,'LAL',trails
574,574,574,201501020LAL,27.9,21.7,2nd quarter,4:15.0,Marc Gasol,MEM,True,2-pointer,19,37-43,'LAL',trails
578,578,578,201501020LAL,23.8,8.3,2nd quarter,1:00.0,Marc Gasol,MEM,False,2-pointer,5,44-52,'LAL',trails
590,590,590,201501020LAL,24.9,3.4,3rd quarter,6:17.0,Marc Gasol,MEM,True,2-pointer,0,63-64,'LAL',trails
597,597,597,201501020LAL,12.4,4.7,3rd quarter,1:55.0,Marc Gasol,MEM,False,2-pointer,11,72-73,'LAL',trails
598,598,598,201501020LAL,23.0,4.1,3rd quarter,1:31.0,Marc Gasol,MEM,True,2-pointer,1,74-73,'LAL',leads
614,614,614,201501020LAL,22.2,7.8,4th quarter,4:52.0,Marc Gasol,MEM,False,2-pointer,5,97-91,'LAL',leads
617,617,617,201501020LAL,23.8,7.4,4th quarter,1:22.0,Marc Gasol,MEM,False,2-pointer,4,102-100,'LAL',leads
200,200,200,201501030DEN,32.8,20.3,1st quarter,11:34.0,Marc Gasol,MEM,False,2-pointer,19,0-0,'DEN',tied
202,202,202,201501030DEN,29.3,14.2,1st quarter,10:14.0,Marc Gasol,MEM,True,2-pointer,12,4-4,'DEN',tied
209,209,209,201501030DEN,21.7,2.8,1st quarter,5:45.0,Marc Gasol,MEM,False,2-pointer,2,14-13,'DEN',leads
210,210,210,201501030DEN,9.4,3.4,1st quarter,5:08.0,Marc Gasol,MEM,True,2-pointer,14,16-15,'DEN',leads
211,211,211,201501030DEN,25.8,3.9,1st quarter,4:29.0,Marc Gasol,MEM,True,2-pointer,2,18-17,'DEN',leads
213,213,213,201501030DEN,16.4,20.9,1st quarter,3:13.0,Marc Gasol,MEM,True,2-pointer,19,20-19,'DEN',leads
215,215,215,201501030DEN,9.3,14.9,1st quarter,1:54.0,Marc Gasol,MEM,False,2-pointer,18,22-21,'DEN',leads
236,236,236,201501030DEN,15.9,20.2,2nd quarter,2:11.0,Marc Gasol,MEM,True,2-pointer,19,36-45,'DEN',trails
239,239,239,201501030DEN,29.1,22.2,3rd quarter,11:43.0,Marc Gasol,MEM,True,2-pointer,19,40-49,'DEN',trails
240,240,240,201501030DEN,25.0,22.5,3rd quarter,10:57.0,Marc Gasol,MEM,False,2-pointer,19,40-51,'DEN',trails
243,243,243,201501030DEN,24.0,3.1,3rd quarter,9:13.0,Marc Gasol,MEM,True,2-pointer,0,42-57,'DEN',trails
246,246,246,201501030DEN,22.9,4.1,3rd quarter,7:01.0,Marc Gasol,MEM,False,2-pointer,1,47-61,'DEN',trails
250,250,250,201501030DEN,10.4,16.4,3rd quarter,5:14.0,Marc Gasol,MEM,False,2-pointer,19,53-67,'DEN',trails
260,260,260,201501030DEN,27.4,6.6,3rd quarter,1:07.0,Marc Gasol,MEM,False,2-pointer,4,59-79,'DEN',trails
264,264,264,201501030DEN,18.3,6.1,3rd quarter,0:00.0,Marc Gasol,MEM,False,2-pointer,6,60-83,'DEN',trails
948,948,948,201501050MEM,24.0,3.4,1st quarter,11:48.0,Marc Gasol,MEM,False,2-pointer,0,0-0,'NYK',tied
954,954,954,201501050MEM,28.8,9.3,1st quarter,9:11.0,Marc Gasol,MEM,True,2-pointer,7,10-2,'NYK',leads
955,955,955,201501050MEM,26.3,4.2,1st quarter,8:52.0,Marc Gasol,MEM,False,2-pointer,2,10-2,'NYK',leads
956,956,956,201501050MEM,27.4,3.0,1st quarter,7:54.0,Marc Gasol,MEM,False,2-pointer,3,11-2,'NYK',leads
966,966,966,201501050MEM,9.1,13.5,1st quarter,2:19.0,Marc Gasol,MEM,False,2-pointer,18,18-10,'NYK',leads
967,967,967,201501050MEM,21.1,5.0,1st quarter,1:26.0,Marc Gasol,MEM,False,2-pointer,3,18-12,'NYK',leads
977,977,977,201501050MEM,35.8,18.9,2nd quarter,5:36.0,Marc Gasol,MEM,False,2-pointer,19,26-27,'NYK',trails
981,981,981,201501050MEM,23.6,3.1,2nd quarter,3:01.0,Marc Gasol,MEM,True,2-pointer,0,33-29,'NYK',leads
992,992,992,201501050MEM,37.2,17.8,3rd quarter,9:14.0,Marc Gasol,MEM,False,2-pointer,19,55-45,'NYK',leads
993,993,993,201501050MEM,22.9,4.9,3rd quarter,8:41.0,Marc Gasol,MEM,True,2-pointer,2,57-47,'NYK',leads
1001,1001,1001,201501050MEM,24.7,3.4,3rd quarter,4:16.0,Marc Gasol,MEM,True,2-pointer,0,75-53,'NYK',leads
1003,1003,1003,201501050MEM,25.3,10.2,3rd quarter,2:25.0,Marc Gasol,MEM,True,2-pointer,7,79-57,'NYK',leads
0,0,0,201501070ATL,27.4,23.1,1st quarter,11:09.0,Marc Gasol,MEM,False,2-pointer,20,0-3,'MEM',trails
5,5,5,201501070ATL,12.1,3.6,1st quarter,7:34.0,Marc Gasol,MEM,True,2-pointer,11,8-7,'MEM',leads
13,13,13,201501070ATL,31.0,20.9,1st quarter,3:49.0,Marc Gasol,MEM,False,2-pointer,19,15-14,'MEM',leads
14,14,14,201501070ATL,27.6,8.2,1st quarter,3:36.0,Marc Gasol,MEM,True,2-pointer,6,17-14,'MEM',leads
36,36,36,201501070ATL,9.8,2.0,2nd quarter,1:17.0,Marc Gasol,MEM,True,2-pointer,14,40-49,'MEM',trails
37,37,37,201501070ATL,23.5,7.8,2nd quarter,0:51.0,Marc Gasol,MEM,False,2-pointer,4,40-49,'MEM',trails
41,41,41,201501070ATL,14.0,1.3,3rd quarter,9:45.0,Marc Gasol,MEM,True,2-pointer,10,50-49,'MEM',leads
44,44,44,201501070ATL,30.2,4.4,3rd quarter,7:42.0,Marc Gasol,MEM,False,2-pointer,6,50-54,'MEM',trails
50,50,50,201501070ATL,22.1,3.1,3rd quarter,5:10.0,Marc Gasol,MEM,False,2-pointer,1,53-58,'MEM',trails
52,52,52,201501070ATL,24.0,3.1,3rd quarter,3:15.0,Marc Gasol,MEM,True,2-pointer,0,55-64,'MEM',trails
72,72,72,201501070ATL,36.7,9.6,4th quarter,1:35.0,Marc Gasol,MEM,False,2-pointer,14,84-86,'MEM',trails
76,76,76,201501070ATL,24.0,3.1,4th quarter,0:13.0,Marc Gasol,MEM,True,2-pointer,0,86-94,'MEM',trails
1014,1014,1014,201501090NOP,8.8,9.1,1st quarter,10:18.0,Marc Gasol,MEM,False,2-pointer,16,0-7,'NOP',trails
1015,1015,1015,201501090NOP,24.0,3.1,1st quarter,9:52.0,Marc Gasol,MEM,True,2-pointer,0,2-9,'NOP',trails
1016,1016,1016,201501090NOP,24.7,21.7,1st quarter,8:52.0,Marc Gasol,MEM,False,2-pointer,18,4-13,'NOP',trails
1024,1024,1024,201501090NOP,21.7,4.2,1st quarter,5:17.0,Marc Gasol,MEM,True,2-pointer,2,16-22,'NOP',trails
1027,1027,1027,201501090NOP,25.5,10.7,1st quarter,3:38.0,Marc Gasol,MEM,True,2-pointer,7,18-25,'NOP',trails
1028,1028,1028,201501090NOP,26.9,21.6,1st quarter,3:02.0,Marc Gasol,MEM,False,2-pointer,18,18-25,'NOP',trails
1045,1045,1045,201501090NOP,9.6,6.7,2nd quarter,5:13.0,Marc Gasol,MEM,True,2-pointer,14,34-40,'NOP',trails
1052,1052,1052,201501090NOP,6.1,7.1,2nd quarter,1:19.0,Marc Gasol,MEM,True,2-pointer,18,39-48,'NOP',trails
1054,1054,1054,201501090NOP,12.1,18.9,3rd quarter,11:15.0,Marc Gasol,MEM,False,2-pointer,19,39-52,'NOP',trails
1055,1055,1055,201501090NOP,25.3,14.8,3rd quarter,10:29.0,Marc Gasol,MEM,True,2-pointer,11,42-54,'NOP',trails
1082,1082,1082,201501090NOP,28.2,11.2,4th quarter,7:01.0,Marc Gasol,MEM,True,2-pointer,9,79-89,'NOP',trails
1084,1084,1084,201501090NOP,8.8,5.2,4th quarter,5:02.0,Marc Gasol,MEM,False,2-pointer,15,82-93,'NOP',trails
1093,1093,1093,201501090NOP,24.0,3.1,4th quarter,0:39.0,Marc Gasol,MEM,True,2-pointer,0,95-104,'NOP',trails
594,594,594,201501110MEM,22.9,14.0,1st quarter,7:03.0,Marc Gasol,MEM,False,2-pointer,11,10-4,'PHO',leads
597,597,597,201501110MEM,12.3,7.4,1st quarter,5:27.0,Marc Gasol,MEM,False,2-pointer,12,14-4,'PHO',leads
598,598,598,201501110MEM,21.7,21.3,1st quarter,4:57.0,Marc Gasol,MEM,False,2-pointer,18,14-4,'PHO',leads
599,599,599,201501110MEM,23.0,2.8,1st quarter,4:14.0,Marc Gasol,MEM,True,2-pointer,1,16-6,'PHO',leads
601,601,601,201501110MEM,17.6,4.1,1st quarter,3:01.0,Marc Gasol,MEM,False,2-pointer,6,18-9,'PHO',leads
604,604,604,201501110MEM,26.3,2.7,1st quarter,2:00.0,Marc Gasol,MEM,True,2-pointer,2,20-13,'PHO',leads
623,623,623,201501110MEM,39.1,12.6,2nd quarter,3:40.0,Marc Gasol,MEM,False,2-pointer,17,40-31,'PHO',leads
631,631,631,201501110MEM,23.8,6.4,2nd quarter,0:02.0,Marc Gasol,MEM,False,2-pointer,3,51-41,'PHO',leads
669,669,669,201501110MEM,20.8,21.4,4th quarter,1:43.0,Marc Gasol,MEM,False,2-pointer,18,96-91,'PHO',leads
672,672,672,201501110MEM,22.2,3.6,4th quarter,0:01.0,Marc Gasol,MEM,False,2-pointer,1,101-101,'PHO',tied
678,678,678,201501110MEM,21.7,8.2,2nd overtime,4:40.0,Marc Gasol,MEM,True,2-pointer,5,110-108,'PHO',leads
679,679,679,201501110MEM,12.3,5.6,2nd overtime,4:09.0,Marc Gasol,MEM,True,2-pointer,11,113-108,'PHO',leads
680,680,680,201501110MEM,27.4,7.1,2nd overtime,3:23.0,Marc Gasol,MEM,False,2-pointer,5,113-108,'PHO',leads
681,681,681,201501110MEM,4.4,11.3,2nd overtime,2:50.0,Marc Gasol,MEM,True,2-pointer,21,115-108,'PHO',leads
156,156,156,201501140BRK,10.4,7.2,1st quarter,11:25.0,Marc Gasol,MEM,False,2-pointer,14,0-2,'MEM',trails
163,163,163,201501140BRK,23.8,4.1,1st quarter,7:42.0,Marc Gasol,MEM,True,2-pointer,1,8-10,'MEM',trails
168,168,168,201501140BRK,31.7,8.6,1st quarter,4:18.0,Marc Gasol,MEM,True,2-pointer,9,19-14,'MEM',leads
179,179,179,201501140BRK,21.3,6.3,2nd quarter,10:15.0,Marc Gasol,MEM,False,2-pointer,4,34-26,'MEM',leads
190,190,190,201501140BRK,24.0,3.1,2nd quarter,3:18.0,Marc Gasol,MEM,True,2-pointer,0,44-43,'MEM',leads
193,193,193,201501140BRK,26.6,22.2,2nd quarter,2:10.0,Marc Gasol,MEM,False,2-pointer,19,44-45,'MEM',trails
195,195,195,201501140BRK,36.7,4.4,2nd quarter,1:34.0,Marc Gasol,MEM,True,2-pointer,12,48-45,'MEM',leads
200,200,200,201501140BRK,36.1,12.6,3rd quarter,10:56.0,Marc Gasol,MEM,False,2-pointer,15,54-45,'MEM',leads
202,202,202,201501140BRK,27.1,3.0,3rd quarter,10:13.0,Marc Gasol,MEM,True,2-pointer,3,58-49,'MEM',leads
209,209,209,201501140BRK,13.4,18.6,3rd quarter,5:35.0,Marc Gasol,MEM,False,2-pointer,18,68-55,'MEM',leads
233,233,233,201501140BRK,24.0,3.1,4th quarter,3:59.0,Marc Gasol,MEM,True,2-pointer,0,97-82,'MEM',leads
875,875,875,201501160ORL,24.0,3.1,1st quarter,10:08.0,Marc Gasol,MEM,True,2-pointer,0,2-4,'ORL',trails
876,876,876,201501160ORL,9.4,13.5,1st quarter,9:39.0,Marc Gasol,MEM,True,2-pointer,17,4-6,'ORL',trails
886,886,886,201501160ORL,27.9,10.5,1st quarter,5:28.0,Marc Gasol,MEM,False,2-pointer,8,14-18,'ORL',trails
897,897,897,201501160ORL,25.8,5.0,1st quarter,0:05.0,Marc Gasol,MEM,True,2-pointer,2,27-28,'ORL',trails
906,906,906,201501160ORL,13.2,15.1,2nd quarter,4:33.0,Marc Gasol,MEM,False,2-pointer,16,36-41,'ORL',trails
908,908,908,201501160ORL,24.2,8.2,2nd quarter,4:17.0,Marc Gasol,MEM,True,2-pointer,5,40-41,'ORL',trails
909,909,909,201501160ORL,18.9,20.5,2nd quarter,3:47.0,Marc Gasol,MEM,False,2-pointer,18,41-41,'ORL',tied
942,942,942,201501160ORL,31.0,21.3,4th quarter,10:02.0,Marc Gasol,MEM,False,2-pointer,19,87-80,'ORL',leads
947,947,947,201501160ORL,31.8,11.5,4th quarter,6:44.0,Marc Gasol,MEM,False,2-pointer,11,90-83,'ORL',leads
950,950,950,201501160ORL,11.8,17.3,4th quarter,5:26.0,Marc Gasol,MEM,True,2-pointer,18,94-85,'ORL',leads
951,951,951,201501160ORL,10.4,11.0,4th quarter,5:00.0,Marc Gasol,MEM,False,2-pointer,15,94-85,'ORL',leads
1118,1118,1118,201501170MEM,22.1,23.0,1st quarter,11:12.0,Marc Gasol,MEM,True,2-pointer,20,2-0,'POR',leads
1121,1121,1121,201501170MEM,30.5,8.6,1st quarter,8:11.0,Marc Gasol,MEM,True,2-pointer,8,8-5,'POR',leads
1122,1122,1122,201501170MEM,14.8,5.2,1st quarter,7:33.0,Marc Gasol,MEM,False,2-pointer,9,8-5,'POR',leads
1126,1126,1126,201501170MEM,26.0,12.1,1st quarter,4:54.0,Marc Gasol,MEM,True,2-pointer,9,18-11,'POR',leads
1145,1145,1145,201501170MEM,10.6,13.4,2nd quarter,5:38.0,Marc Gasol,MEM,False,2-pointer,16,45-34,'POR',leads
1146,1146,1146,201501170MEM,17.2,4.5,2nd quarter,5:00.0,Marc Gasol,MEM,True,2-pointer,6,48-36,'POR',leads
1155,1155,1155,201501170MEM,16.4,21.3,3rd quarter,10:45.0,Marc Gasol,MEM,False,2-pointer,19,60-42,'POR',leads
1159,1159,1159,201501170MEM,22.7,3.9,3rd quarter,8:42.0,Marc Gasol,MEM,True,2-pointer,1,64-45,'POR',leads
1167,1167,1167,201501170MEM,24.1,21.7,3rd quarter,4:43.0,Marc Gasol,MEM,True,2-pointer,18,68-53,'POR',leads
1170,1170,1170,201501170MEM,25.0,3.3,3rd quarter,2:35.0,Marc Gasol,MEM,False,2-pointer,1,70-57,'POR',leads
1181,1181,1181,201501170MEM,25.2,7.7,4th quarter,7:06.0,Marc Gasol,MEM,False,2-pointer,4,84-77,'POR',leads
1183,1183,1183,201501170MEM,18.8,7.4,4th quarter,5:41.0,Marc Gasol,MEM,False,2-pointer,6,86-81,'POR',leads
1189,1189,1189,201501170MEM,24.2,18.7,4th quarter,2:49.0,Marc Gasol,MEM,True,2-pointer,15,93-88,'POR',leads
1192,1192,1192,201501170MEM,22.9,23.3,4th quarter,1:14.0,Marc Gasol,MEM,False,2-pointer,20,95-90,'POR',leads
1073,1073,1073,201501190MEM,24.0,3.1,1st quarter,10:10.0,Marc Gasol,MEM,True,2-pointer,0,4-2,'DAL',leads
1076,1076,1076,201501190MEM,14.7,6.7,1st quarter,8:25.0,Marc Gasol,MEM,False,2-pointer,10,4-4,'DAL',tied
1078,1078,1078,201501190MEM,36.9,16.1,1st quarter,7:05.0,Marc Gasol,MEM,False,2-pointer,18,6-7,'DAL',trails
1107,1107,1107,201501190MEM,24.0,3.1,2nd quarter,2:04.0,Marc Gasol,MEM,True,2-pointer,0,46-49,'DAL',trails
1109,1109,1109,201501190MEM,38.7,12.9,2nd quarter,1:20.0,Marc Gasol,MEM,False,2-pointer,17,46-49,'DAL',trails
1110,1110,1110,201501190MEM,30.1,11.6,2nd quarter,0:39.0,Marc Gasol,MEM,False,2-pointer,10,46-50,'DAL',trails
1117,1117,1117,201501190MEM,24.0,3.1,3rd quarter,9:50.0,Marc Gasol,MEM,True,2-pointer,0,55-56,'DAL',trails
1118,1118,1118,201501190MEM,23.8,23.0,3rd quarter,9:19.0,Marc Gasol,MEM,False,2-pointer,20,55-58,'DAL',trails
1122,1122,1122,201501190MEM,26.6,6.4,3rd quarter,6:12.0,Marc Gasol,MEM,True,2-pointer,4,63-67,'DAL',trails
1124,1124,1124,201501190MEM,25.8,2.8,3rd quarter,5:29.0,Marc Gasol,MEM,True,2-pointer,1,65-67,'DAL',trails
1129,1129,1129,201501190MEM,24.0,16.7,3rd quarter,0:48.0,Marc Gasol,MEM,False,2-pointer,13,72-79,'DAL',trails
1136,1136,1136,201501190MEM,24.0,3.1,4th quarter,9:08.0,Marc Gasol,MEM,True,2-pointer,0,82-84,'DAL',trails
1146,1146,1146,201501190MEM,24.7,3.1,4th quarter,2:42.0,Marc Gasol,MEM,False,2-pointer,0,91-93,'DAL',trails
950,950,950,201501210MEM,30.5,4.5,1st quarter,8:35.0,Marc Gasol,MEM,False,2-pointer,6,6-4,'TOR',leads
953,953,953,201501210MEM,24.0,9.7,1st quarter,6:36.0,Marc Gasol,MEM,True,2-pointer,6,12-6,'TOR',leads
967,967,967,201501210MEM,9.8,3.3,2nd quarter,9:23.0,Marc Gasol,MEM,True,2-pointer,14,22-21,'TOR',leads
970,970,970,201501210MEM,43.3,4.1,2nd quarter,7:58.0,Marc Gasol,MEM,False,2-pointer,19,24-23,'TOR',leads
972,972,972,201501210MEM,29.3,4.1,2nd quarter,5:58.0,Marc Gasol,MEM,True,2-pointer,5,28-27,'TOR',leads
973,973,973,201501210MEM,20.8,12.4,2nd quarter,5:08.0,Marc Gasol,MEM,True,2-pointer,9,30-28,'TOR',leads
976,976,976,201501210MEM,26.1,10.4,2nd quarter,2:31.0,Marc Gasol,MEM,True,2-pointer,7,36-34,'TOR',leads
978,978,978,201501210MEM,12.0,18.7,2nd quarter,1:23.0,Marc Gasol,MEM,True,2-pointer,19,39-34,'TOR',leads
980,980,980,201501210MEM,23.5,3.1,2nd quarter,0:58.0,Marc Gasol,MEM,False,2-pointer,0,39-36,'TOR',leads
981,981,981,201501210MEM,23.6,3.1,2nd quarter,0:10.0,Marc Gasol,MEM,False,2-pointer,0,41-38,'TOR',leads
984,984,984,201501210MEM,11.0,18.7,3rd quarter,9:56.0,Marc Gasol,MEM,False,2-pointer,20,44-42,'TOR',leads
999,999,999,201501210MEM,24.1,8.5,4th quarter,11:44.0,Marc Gasol,MEM,True,2-pointer,5,62-61,'TOR',leads
1000,1000,1000,201501210MEM,23.6,12.4,4th quarter,11:19.0,Marc Gasol,MEM,True,2-pointer,9,64-61,'TOR',leads
1005,1005,1005,201501210MEM,10.4,18.1,4th quarter,7:26.0,Marc Gasol,MEM,False,2-pointer,20,69-62,'TOR',leads
1007,1007,1007,201501210MEM,20.0,10.2,4th quarter,6:30.0,Marc Gasol,MEM,False,2-pointer,8,69-64,'TOR',leads
1018,1018,1018,201501210MEM,22.7,3.3,4th quarter,0:50.0,Marc Gasol,MEM,True,2-pointer,1,88-77,'TOR',leads
241,241,241,201501240MEM,24.0,3.1,1st quarter,8:41.0,Marc Gasol,MEM,True,2-pointer,0,6-6,'MEM',tied
249,249,249,201501240MEM,10.1,6.6,1st quarter,4:10.0,Marc Gasol,MEM,False,2-pointer,14,16-15,'MEM',leads
279,279,279,201501240MEM,26.9,6.6,3rd quarter,10:09.0,Marc Gasol,MEM,True,2-pointer,4,64-45,'MEM',leads
284,284,284,201501240MEM,13.9,17.0,3rd quarter,6:46.0,Marc Gasol,MEM,False,2-pointer,17,68-47,'MEM',leads
285,285,285,201501240MEM,23.5,6.0,3rd quarter,6:19.0,Marc Gasol,MEM,True,2-pointer,3,70-47,'MEM',leads
240,240,240,201501260MEM,15.1,5.0,1st quarter,11:05.0,Marc Gasol,MEM,False,2-pointer,9,3-0,'ORL',leads
243,243,243,201501260MEM,22.1,7.5,1st quarter,9:05.0,Marc Gasol,MEM,True,2-pointer,4,7-5,'ORL',leads
244,244,244,201501260MEM,31.0,3.3,1st quarter,7:58.0,Marc Gasol,MEM,True,2-pointer,7,11-7,'ORL',leads
270,270,270,201501260MEM,9.1,2.7,2nd quarter,3:12.0,Marc Gasol,MEM,True,2-pointer,14,61-47,'ORL',leads
278,278,278,201501260MEM,25.5,4.2,3rd quarter,9:31.0,Marc Gasol,MEM,False,2-pointer,1,70-55,'ORL',leads
280,280,280,201501260MEM,25.7,8.3,3rd quarter,8:19.0,Marc Gasol,MEM,True,2-pointer,5,75-58,'ORL',leads
281,281,281,201501260MEM,14.0,6.7,3rd quarter,7:50.0,Marc Gasol,MEM,False,2-pointer,10,75-60,'ORL',leads
283,283,283,201501260MEM,21.9,5.0,3rd quarter,6:56.0,Marc Gasol,MEM,False,2-pointer,2,75-63,'ORL',leads
285,285,285,201501260MEM,21.9,3.9,3rd quarter,6:20.0,Marc Gasol,MEM,False,2-pointer,2,75-63,'ORL',leads
294,294,294,201501260MEM,15.6,3.0,4th quarter,11:40.0,Marc Gasol,MEM,False,2-pointer,8,89-73,'ORL',leads
295,295,295,201501260MEM,25.7,2.8,4th quarter,11:03.0,Marc Gasol,MEM,True,2-pointer,1,91-75,'ORL',leads
310,310,310,201501260MEM,25.0,12.9,4th quarter,2:40.0,Marc Gasol,MEM,False,2-pointer,9,101-91,'ORL',leads
1,1,1,201501270DAL,27.6,10.8,1st quarter,10:14.0,Marc Gasol,MEM,True,2-pointer,8,2-4,'DAL',trails
7,7,7,201501270DAL,26.9,4.9,1st quarter,6:12.0,Marc Gasol,MEM,False,2-pointer,3,12-16,'DAL',trails
8,8,8,201501270DAL,26.0,4.5,1st quarter,6:03.0,Marc Gasol,MEM,True,2-pointer,2,14-16,'DAL',trails
10,10,10,201501270DAL,24.6,7.8,1st quarter,4:57.0,Marc Gasol,MEM,False,2-pointer,4,16-16,'DAL',tied
14,14,14,201501270DAL,24.0,3.1,1st quarter,3:07.0,Marc Gasol,MEM,True,2-pointer,0,20-22,'DAL',trails
15,15,15,201501270DAL,29.4,20.5,1st quarter,2:17.0,Marc Gasol,MEM,False,2-pointer,18,20-22,'DAL',trails
36,36,36,201501270DAL,24.6,4.5,2nd quarter,2:37.0,Marc Gasol,MEM,True,2-pointer,1,47-38,'DAL',leads
42,42,42,201501270DAL,25.2,3.9,3rd quarter,11:40.0,Marc Gasol,MEM,True,2-pointer,1,56-44,'DAL',leads
52,52,52,201501270DAL,16.2,18.3,3rd quarter,5:06.0,Marc Gasol,MEM,True,2-pointer,17,73-58,'DAL',leads
53,53,53,201501270DAL,23.8,13.2,3rd quarter,4:31.0,Marc Gasol,MEM,True,2-pointer,10,75-60,'DAL',leads
56,56,56,201501270DAL,21.6,8.2,3rd quarter,2:50.0,Marc Gasol,MEM,False,2-pointer,5,78-67,'DAL',leads
58,58,58,201501270DAL,23.8,4.1,3rd quarter,1:15.0,Marc Gasol,MEM,False,2-pointer,1,80-69,'DAL',leads
71,71,71,201501270DAL,8.7,22.7,4th quarter,4:28.0,Marc Gasol,MEM,False,3-pointer,24,100-82,'DAL',leads
454,454,454,201501290MEM,15.9,22.4,1st quarter,11:24.0,Marc Gasol,MEM,True,2-pointer,21,2-0,'DEN',leads
463,463,463,201501290MEM,16.5,6.3,1st quarter,6:23.0,Marc Gasol,MEM,True,2-pointer,8,15-9,'DEN',leads
466,466,466,201501290MEM,24.0,18.3,1st quarter,4:35.0,Marc Gasol,MEM,False,2-pointer,15,19-9,'DEN',leads
484,484,484,201501290MEM,14.0,6.1,2nd quarter,5:37.0,Marc Gasol,MEM,False,2-pointer,10,36-18,'DEN',leads
488,488,488,201501290MEM,26.4,15.6,2nd quarter,3:11.0,Marc Gasol,MEM,True,2-pointer,12,46-27,'DEN',leads
490,490,490,201501290MEM,31.8,5.8,2nd quarter,1:25.0,Marc Gasol,MEM,False,2-pointer,8,50-31,'DEN',leads
494,494,494,201501290MEM,24.6,4.7,3rd quarter,11:28.0,Marc Gasol,MEM,False,2-pointer,1,50-37,'DEN',leads
496,496,496,201501290MEM,22.9,2.7,3rd quarter,10:54.0,Marc Gasol,MEM,True,2-pointer,1,52-37,'DEN',leads
928,928,928,201501310MEM,18.0,8.3,1st quarter,10:38.0,Marc Gasol,MEM,False,2-pointer,8,2-2,'OKC',tied
936,936,936,201501310MEM,14.2,11.5,1st quarter,6:22.0,Marc Gasol,MEM,False,2-pointer,12,11-13,'OKC',trails
942,942,942,201501310MEM,8.5,15.9,1st quarter,3:46.0,Marc Gasol,MEM,False,2-pointer,20,18-15,'OKC',leads
944,944,944,201501310MEM,24.0,3.1,1st quarter,2:54.0,Marc Gasol,MEM,True,2-pointer,0,20-17,'OKC',leads
946,946,946,201501310MEM,24.4,9.1,1st quarter,1:44.0,Marc Gasol,MEM,False,2-pointer,6,20-19,'OKC',leads
971,971,971,201501310MEM,30.2,7.8,2nd quarter,0:47.0,Marc Gasol,MEM,False,2-pointer,7,43-37,'OKC',leads
975,975,975,201501310MEM,27.4,7.4,3rd quarter,9:20.0,Marc Gasol,MEM,True,2-pointer,5,49-46,'OKC',leads
977,977,977,201501310MEM,26.4,25.0,3rd quarter,8:36.0,Marc Gasol,MEM,True,2-pointer,22,52-48,'OKC',leads
988,988,988,201501310MEM,23.8,3.6,3rd quarter,2:02.0,Marc Gasol,MEM,False,2-pointer,0,63-60,'OKC',leads
992,992,992,201501310MEM,12.4,22.8,3rd quarter,0:50.0,Marc Gasol,MEM,True,2-pointer,22,68-60,'OKC',leads
995,995,995,201501310MEM,17.6,15.3,4th quarter,11:27.0,Marc Gasol,MEM,False,2-pointer,13,68-62,'OKC',leads
1008,1008,1008,201501310MEM,24.1,6.1,4th quarter,4:26.0,Marc Gasol,MEM,True,2-pointer,3,81-68,'OKC',leads
1009,1009,1009,201501310MEM,9.8,17.0,4th quarter,3:52.0,Marc Gasol,MEM,False,2-pointer,19,81-68,'OKC',leads
1010,1010,1010,201501310MEM,29.4,18.3,4th quarter,3:14.0,Marc Gasol,MEM,False,2-pointer,16,81-68,'OKC',leads
836,836,836,201502020PHO,13.2,12.7,1st quarter,8:49.0,Marc Gasol,MEM,False,2-pointer,14,4-6,'PHO',trails
838,838,838,201502020PHO,18.9,15.6,1st quarter,7:48.0,Marc Gasol,MEM,True,2-pointer,13,8-8,'PHO',tied
841,841,841,201502020PHO,19.4,21.7,1st quarter,5:57.0,Marc Gasol,MEM,False,2-pointer,19,12-12,'PHO',tied
847,847,847,201502020PHO,38.0,9.3,1st quarter,2:39.0,Marc Gasol,MEM,False,2-pointer,15,16-21,'PHO',trails
850,850,850,201502020PHO,26.3,3.6,1st quarter,0:56.0,Marc Gasol,MEM,True,2-pointer,2,23-21,'PHO',leads
875,875,875,201502020PHO,13.1,6.4,2nd quarter,2:13.0,Marc Gasol,MEM,False,2-pointer,11,42-38,'PHO',leads
881,881,881,201502020PHO,35.6,3.9,3rd quarter,10:06.0,Marc Gasol,MEM,False,2-pointer,11,53-51,'PHO',leads
885,885,885,201502020PHO,26.3,2.4,3rd quarter,7:07.0,Marc Gasol,MEM,True,2-pointer,2,59-57,'PHO',leads
888,888,888,201502020PHO,9.0,5.2,3rd quarter,3:57.0,Marc Gasol,MEM,True,2-pointer,15,67-59,'PHO',leads
902,902,902,201502020PHO,23.6,18.6,4th quarter,7:30.0,Marc Gasol,MEM,False,2-pointer,15,87-83,'PHO',leads
906,906,906,201502020PHO,23.5,12.6,4th quarter,5:54.0,Marc Gasol,MEM,False,2-pointer,9,89-88,'PHO',leads
1699,1699,1699,201502040UTA,17.8,19.8,1st quarter,9:59.0,Marc Gasol,MEM,False,2-pointer,17,2-2,'UTA',tied
1702,1702,1702,201502040UTA,22.7,7.5,1st quarter,8:26.0,Marc Gasol,MEM,True,2-pointer,4,6-7,'UTA',trails
1707,1707,1707,201502040UTA,12.4,15.6,1st quarter,5:23.0,Marc Gasol,MEM,False,2-pointer,17,13-11,'UTA',leads
1726,1726,1726,201502040UTA,28.7,8.2,2nd quarter,6:13.0,Marc Gasol,MEM,True,2-pointer,7,42-34,'UTA',leads
1728,1728,1728,201502040UTA,12.9,10.2,2nd quarter,5:19.0,Marc Gasol,MEM,True,2-pointer,13,46-38,'UTA',leads
1729,1729,1729,201502040UTA,24.0,3.1,2nd quarter,4:52.0,Marc Gasol,MEM,True,2-pointer,0,48-41,'UTA',leads
1733,1733,1733,201502040UTA,22.9,10.1,2nd quarter,2:40.0,Marc Gasol,MEM,False,2-pointer,7,56-42,'UTA',leads
1736,1736,1736,201502040UTA,26.8,21.9,2nd quarter,1:02.0,Marc Gasol,MEM,False,2-pointer,19,58-45,'UTA',leads
1738,1738,1738,201502040UTA,30.7,4.5,3rd quarter,11:18.0,Marc Gasol,MEM,False,2-pointer,6,58-51,'UTA',leads
1745,1745,1745,201502040UTA,25.8,21.3,3rd quarter,7:20.0,Marc Gasol,MEM,False,2-pointer,18,65-57,'UTA',leads
1747,1747,1747,201502040UTA,25.7,8.6,3rd quarter,6:28.0,Marc Gasol,MEM,True,2-pointer,5,67-59,'UTA',leads
1749,1749,1749,201502040UTA,32.0,5.8,3rd quarter,5:40.0,Marc Gasol,MEM,False,2-pointer,8,68-61,'UTA',leads
1765,1765,1765,201502040UTA,24.7,6.9,4th quarter,8:45.0,Marc Gasol,MEM,True,2-pointer,3,83-74,'UTA',leads
1766,1766,1766,201502040UTA,11.2,20.0,4th quarter,6:57.0,Marc Gasol,MEM,True,2-pointer,21,87-76,'UTA',leads
1769,1769,1769,201502040UTA,9.3,18.7,4th quarter,5:03.0,Marc Gasol,MEM,False,2-pointer,21,89-81,'UTA',leads
1770,1770,1770,201502040UTA,26.0,8.2,4th quarter,4:14.0,Marc Gasol,MEM,True,2-pointer,5,92-81,'UTA',leads
1772,1772,1772,201502040UTA,26.1,7.4,4th quarter,2:50.0,Marc Gasol,MEM,True,2-pointer,4,94-83,'UTA',leads
1775,1775,1775,201502040UTA,33.1,19.5,4th quarter,1:13.0,Marc Gasol,MEM,False,2-pointer,18,98-86,'UTA',leads
1023,1023,1023,201502060MIN,23.5,8.6,1st quarter,7:21.0,Marc Gasol,MEM,False,2-pointer,5,6-5,'MIN',leads
1027,1027,1027,201502060MIN,12.0,5.3,1st quarter,3:50.0,Marc Gasol,MEM,True,2-pointer,12,14-16,'MIN',trails
1031,1031,1031,201502060MIN,24.4,3.9,1st quarter,1:08.0,Marc Gasol,MEM,True,2-pointer,0,21-22,'MIN',trails
1032,1032,1032,201502060MIN,26.3,9.1,1st quarter,0:37.0,Marc Gasol,MEM,True,2-pointer,6,23-24,'MIN',trails
1052,1052,1052,201502060MIN,24.2,3.9,3rd quarter,9:00.0,Marc Gasol,MEM,True,2-pointer,0,48-53,'MIN',trails
1054,1054,1054,201502060MIN,13.1,5.0,3rd quarter,7:35.0,Marc Gasol,MEM,False,2-pointer,11,54-55,'MIN',trails
1064,1064,1064,201502060MIN,8.5,6.0,3rd quarter,2:56.0,Marc Gasol,MEM,True,2-pointer,15,65-59,'MIN',leads
1078,1078,1078,201502060MIN,13.5,18.4,4th quarter,5:04.0,Marc Gasol,MEM,False,2-pointer,18,79-75,'MIN',leads
1080,1080,1080,201502060MIN,25.5,2.8,4th quarter,3:12.0,Marc Gasol,MEM,True,2-pointer,1,85-78,'MIN',leads
736,736,736,201502080MEM,40.8,2.0,1st quarter,9:36.0,Marc Gasol,MEM,True,2-pointer,16,4-2,'MEM',leads
738,738,738,201502080MEM,8.5,18.3,1st quarter,8:39.0,Marc Gasol,MEM,True,2-pointer,21,6-5,'MEM',leads
739,739,739,201502080MEM,14.5,7.5,1st quarter,7:47.0,Marc Gasol,MEM,True,2-pointer,10,8-5,'MEM',leads
742,742,742,201502080MEM,23.6,3.0,1st quarter,6:01.0,Marc Gasol,MEM,False,2-pointer,0,10-7,'MEM',leads
773,773,773,201502080MEM,23.6,9.3,2nd quarter,3:41.0,Marc Gasol,MEM,False,2-pointer,6,34-37,'MEM',trails
775,775,775,201502080MEM,23.3,2.2,2nd quarter,2:45.0,Marc Gasol,MEM,False,2-pointer,1,36-37,'MEM',trails
780,780,780,201502080MEM,29.1,9.3,2nd quarter,1:00.0,Marc Gasol,MEM,True,2-pointer,8,40-41,'MEM',trails
791,791,791,201502080MEM,30.9,13.4,3rd quarter,7:11.0,Marc Gasol,MEM,False,2-pointer,12,50-49,'MEM',leads
793,793,793,201502080MEM,22.4,3.4,3rd quarter,6:29.0,Marc Gasol,MEM,False,2-pointer,1,52-51,'MEM',leads
802,802,802,201502080MEM,24.4,3.0,3rd quarter,1:47.0,Marc Gasol,MEM,True,2-pointer,0,62-63,'MEM',trails
810,810,810,201502080MEM,8.0,2.7,4th quarter,9:01.0,Marc Gasol,MEM,False,2-pointer,16,78-75,'MEM',leads
812,812,812,201502080MEM,12.8,26.0,4th quarter,8:05.0,Marc Gasol,MEM,False,3-pointer,25,80-75,'MEM',leads
813,813,813,201502080MEM,21.9,22.0,4th quarter,7:42.0,Marc Gasol,MEM,True,2-pointer,19,82-75,'MEM',leads
814,814,814,201502080MEM,18.9,10.7,4th quarter,7:05.0,Marc Gasol,MEM,False,2-pointer,9,82-78,'MEM',leads
565,565,565,201502100MEM,35.9,7.7,1st quarter,10:40.0,Marc Gasol,MEM,True,2-pointer,12,4-2,'MEM',leads
576,576,576,201502100MEM,14.3,22.7,1st quarter,5:02.0,Marc Gasol,MEM,True,2-pointer,21,18-9,'MEM',leads
583,583,583,201502100MEM,12.3,11.2,1st quarter,1:40.0,Marc Gasol,MEM,False,2-pointer,14,26-11,'MEM',leads
584,584,584,201502100MEM,36.2,16.4,1st quarter,1:26.0,Marc Gasol,MEM,True,2-pointer,18,28-11,'MEM',leads
585,585,585,201502100MEM,28.7,13.4,1st quarter,0:56.0,Marc Gasol,MEM,False,2-pointer,11,28-11,'MEM',leads
605,605,605,201502100MEM,13.9,7.7,3rd quarter,10:56.0,Marc Gasol,MEM,False,2-pointer,11,52-40,'MEM',leads
611,611,611,201502100MEM,35.9,3.0,3rd quarter,7:17.0,Marc Gasol,MEM,True,2-pointer,11,62-45,'MEM',leads
612,612,612,201502100MEM,26.8,9.4,3rd quarter,6:29.0,Marc Gasol,MEM,False,2-pointer,6,62-47,'MEM',leads
1310,1310,1310,201502110OKC,38.0,13.4,1st quarter,10:31.0,Marc Gasol,MEM,False,2-pointer,17,2-4,'OKC',trails
1314,1314,1314,201502110OKC,20.2,5.2,1st quarter,8:51.0,Marc Gasol,MEM,True,2-pointer,4,6-11,'OKC',trails
1317,1317,1317,201502110OKC,9.3,16.1,1st quarter,7:25.0,Marc Gasol,MEM,True,2-pointer,19,10-15,'OKC',trails
1320,1320,1320,201502110OKC,22.4,3.9,1st quarter,5:56.0,Marc Gasol,MEM,False,2-pointer,1,12-17,'OKC',trails
1326,1326,1326,201502110OKC,18.6,14.8,1st quarter,3:40.0,Marc Gasol,MEM,False,2-pointer,12,16-20,'OKC',trails
1327,1327,1327,201502110OKC,24.4,14.9,1st quarter,3:09.0,Marc Gasol,MEM,False,2-pointer,11,18-22,'OKC',trails
1333,1333,1333,201502110OKC,18.1,26.9,1st quarter,0:00.0,Marc Gasol,MEM,False,3-pointer,24,26-35,'OKC',trails
1351,1351,1351,201502110OKC,24.4,8.0,2nd quarter,3:05.0,Marc Gasol,MEM,False,2-pointer,5,42-58,'OKC',trails
1362,1362,1362,201502110OKC,21.6,20.2,3rd quarter,8:51.0,Marc Gasol,MEM,False,2-pointer,17,52-71,'OKC',trails
1389,1389,1389,201502110OKC,15.1,7.2,4th quarter,4:56.0,Marc Gasol,MEM,False,2-pointer,9,82-95,'OKC',trails
1377,1377,1377,201502220POR,33.4,8.8,1st quarter,9:20.0,Marc Gasol,MEM,False,2-pointer,11,4-5,'POR',trails
1380,1380,1380,201502220POR,23.5,8.0,1st quarter,7:58.0,Marc Gasol,MEM,True,2-pointer,5,8-5,'POR',leads
1381,1381,1381,201502220POR,13.2,20.0,1st quarter,7:25.0,Marc Gasol,MEM,False,2-pointer,20,9-5,'POR',leads
1386,1386,1386,201502220POR,9.4,13.1,1st quarter,4:58.0,Marc Gasol,MEM,True,2-pointer,17,15-12,'POR',leads
1388,1388,1388,201502220POR,14.5,6.0,1st quarter,3:45.0,Marc Gasol,MEM,True,2-pointer,9,17-17,'POR',tied
1390,1390,1390,201502220POR,24.7,2.5,1st quarter,2:14.0,Marc Gasol,MEM,False,2-pointer,0,19-19,'POR',tied
1394,1394,1394,201502220POR,11.8,6.6,1st quarter,0:08.0,Marc Gasol,MEM,False,2-pointer,12,19-19,'POR',tied
1414,1414,1414,201502220POR,12.0,17.2,2nd quarter,1:01.0,Marc Gasol,MEM,False,2-pointer,18,36-35,'POR',leads
1419,1419,1419,201502220POR,24.1,7.8,3rd quarter,11:04.0,Marc Gasol,MEM,True,2-pointer,4,42-40,'POR',leads
1427,1427,1427,201502220POR,10.6,17.3,3rd quarter,6:34.0,Marc Gasol,MEM,True,2-pointer,19,58-55,'POR',leads
1433,1433,1433,201502220POR,18.6,10.5,3rd quarter,2:47.0,Marc Gasol,MEM,False,2-pointer,9,60-65,'POR',trails
1450,1450,1450,201502220POR,21.6,21.9,4th quarter,5:45.0,Marc Gasol,MEM,True,2-pointer,19,83-85,'POR',trails
1452,1452,1452,201502220POR,30.7,12.4,4th quarter,4:48.0,Marc Gasol,MEM,True,2-pointer,11,85-85,'POR',tied
1456,1456,1456,201502220POR,12.1,3.9,4th quarter,3:08.0,Marc Gasol,MEM,True,2-pointer,11,89-87,'POR',leads
1457,1457,1457,201502220POR,9.6,18.3,4th quarter,2:38.0,Marc Gasol,MEM,False,2-pointer,21,89-90,'POR',trails
1460,1460,1460,201502220POR,36.4,10.8,4th quarter,1:03.0,Marc Gasol,MEM,False,2-pointer,14,92-90,'POR',leads
1461,1461,1461,201502220POR,19.7,14.9,4th quarter,0:30.0,Marc Gasol,MEM,True,2-pointer,12,94-90,'POR',leads
544,544,544,201502230LAC,25.3,6.1,1st quarter,7:37.0,Marc Gasol,MEM,False,2-pointer,3,2-4,'MEM',trails
545,545,545,201502230LAC,15.0,22.0,1st quarter,7:19.0,Marc Gasol,MEM,True,2-pointer,21,4-4,'MEM',tied
548,548,548,201502230LAC,26.0,5.8,1st quarter,5:33.0,Marc Gasol,MEM,True,2-pointer,3,8-10,'MEM',trails
572,572,572,201502230LAC,31.5,13.8,2nd quarter,6:42.0,Marc Gasol,MEM,False,2-pointer,13,29-30,'MEM',trails
576,576,576,201502230LAC,26.6,10.2,2nd quarter,3:58.0,Marc Gasol,MEM,False,2-pointer,7,32-34,'MEM',trails
583,583,583,201502230LAC,15.1,18.6,3rd quarter,11:29.0,Marc Gasol,MEM,True,2-pointer,17,40-44,'MEM',trails
584,584,584,201502230LAC,22.7,4.9,3rd quarter,10:57.0,Marc Gasol,MEM,True,2-pointer,2,42-47,'MEM',trails
591,591,591,201502230LAC,22.4,3.9,3rd quarter,4:05.0,Marc Gasol,MEM,True,2-pointer,1,61-59,'MEM',leads
593,593,593,201502230LAC,18.6,19.0,3rd quarter,2:46.0,Marc Gasol,MEM,False,2-pointer,16,64-61,'MEM',leads
595,595,595,201502230LAC,34.8,19.5,3rd quarter,2:18.0,Marc Gasol,MEM,False,2-pointer,19,64-61,'MEM',leads
610,610,610,201502230LAC,25.5,4.2,4th quarter,4:44.0,Marc Gasol,MEM,True,2-pointer,1,81-75,'MEM',leads
1661,1661,1661,201502250SAC,34.5,7.7,1st quarter,11:14.0,Marc Gasol,MEM,True,2-pointer,11,2-2,'SAC',tied
1662,1662,1662,201502250SAC,24.1,23.1,1st quarter,10:46.0,Marc Gasol,MEM,False,2-pointer,20,2-4,'SAC',trails
1670,1670,1670,201502250SAC,26.6,4.2,1st quarter,6:56.0,Marc Gasol,MEM,True,2-pointer,2,12-16,'SAC',trails
1697,1697,1697,201502250SAC,9.3,11.2,2nd quarter,4:33.0,Marc Gasol,MEM,True,2-pointer,16,38-45,'SAC',trails
1704,1704,1704,201502250SAC,31.8,16.2,3rd quarter,11:16.0,Marc Gasol,MEM,False,2-pointer,15,52-62,'SAC',trails
1706,1706,1706,201502250SAC,28.0,10.5,3rd quarter,8:54.0,Marc Gasol,MEM,False,2-pointer,8,54-62,'SAC',trails
1707,1707,1707,201502250SAC,25.9,3.4,3rd quarter,8:51.0,Marc Gasol,MEM,False,2-pointer,1,54-62,'SAC',trails
1715,1715,1715,201502250SAC,33.9,3.7,3rd quarter,2:53.0,Marc Gasol,MEM,True,2-pointer,9,73-70,'SAC',leads
1719,1719,1719,201502250SAC,21.4,12.1,3rd quarter,0:37.0,Marc Gasol,MEM,False,2-pointer,9,75-76,'SAC',trails
1736,1736,1736,201502250SAC,19.5,7.1,4th quarter,3:32.0,Marc Gasol,MEM,False,2-pointer,6,83-95,'SAC',trails
1459,1459,1459,201502270MEM,12.4,7.8,1st quarter,11:10.0,Marc Gasol,MEM,False,2-pointer,12,0-2,'MEM',trails
1462,1462,1462,201502270MEM,26.3,23.0,1st quarter,9:38.0,Marc Gasol,MEM,False,2-pointer,20,3-2,'MEM',leads
1463,1463,1463,201502270MEM,18.6,5.2,1st quarter,9:21.0,Marc Gasol,MEM,False,2-pointer,5,3-2,'MEM',leads
1465,1465,1465,201502270MEM,8.2,2.5,1st quarter,8:03.0,Marc Gasol,MEM,False,2-pointer,15,3-4,'MEM',trails
1494,1494,1494,201502270MEM,24.6,8.2,2nd quarter,3:06.0,Marc Gasol,MEM,False,2-pointer,5,35-35,'MEM',tied
1502,1502,1502,201502270MEM,22.4,11.3,3rd quarter,10:36.0,Marc Gasol,MEM,False,2-pointer,8,41-41,'MEM',tied
1508,1508,1508,201502270MEM,24.0,8.5,3rd quarter,6:35.0,Marc Gasol,MEM,True,2-pointer,5,47-56,'MEM',trails
1516,1516,1516,201502270MEM,24.0,3.1,3rd quarter,1:51.0,Marc Gasol,MEM,True,2-pointer,0,57-65,'MEM',trails
1518,1518,1518,201502270MEM,18.9,7.5,3rd quarter,0:33.0,Marc Gasol,MEM,True,2-pointer,6,62-69,'MEM',trails
1520,1520,1520,201502270MEM,17.8,15.3,4th quarter,11:23.0,Marc Gasol,MEM,False,2-pointer,13,62-69,'MEM',trails
1538,1538,1538,201502270MEM,19.5,12.9,4th quarter,3:42.0,Marc Gasol,MEM,True,2-pointer,10,72-86,'MEM',trails
1539,1539,1539,201502270MEM,29.6,19.4,4th quarter,3:07.0,Marc Gasol,MEM,True,2-pointer,17,74-86,'MEM',trails
321,321,321,201502280MIN,26.4,6.4,1st quarter,8:51.0,Marc Gasol,MEM,False,2-pointer,4,3-3,'MIN',tied
322,322,322,201502280MIN,24.9,9.0,1st quarter,7:05.0,Marc Gasol,MEM,True,2-pointer,6,5-7,'MIN',trails
327,327,327,201502280MIN,28.5,12.3,1st quarter,3:10.0,Marc Gasol,MEM,True,2-pointer,10,14-19,'MIN',trails
352,352,352,201502280MIN,22.8,4.1,2nd quarter,0:13.0,Marc Gasol,MEM,True,2-pointer,1,48-44,'MIN',leads
354,354,354,201502280MIN,19.5,20.6,3rd quarter,11:01.0,Marc Gasol,MEM,True,2-pointer,18,50-46,'MIN',leads
355,355,355,201502280MIN,12.0,7.2,3rd quarter,10:30.0,Marc Gasol,MEM,True,2-pointer,12,52-46,'MIN',leads
356,356,356,201502280MIN,25.2,11.8,3rd quarter,9:58.0,Marc Gasol,MEM,True,2-pointer,8,54-46,'MIN',leads
358,358,358,201502280MIN,14.0,9.3,3rd quarter,8:22.0,Marc Gasol,MEM,False,2-pointer,11,57-50,'MIN',leads
360,360,360,201502280MIN,24.2,4.1,3rd quarter,7:07.0,Marc Gasol,MEM,True,2-pointer,1,62-50,'MIN',leads
371,371,371,201502280MIN,15.4,19.7,4th quarter,7:06.0,Marc Gasol,MEM,True,2-pointer,18,81-84,'MIN',trails
376,376,376,201502280MIN,24.1,5.5,4th quarter,4:23.0,Marc Gasol,MEM,True,2-pointer,2,88-87,'MIN',leads
377,377,377,201502280MIN,24.9,10.1,4th quarter,3:39.0,Marc Gasol,MEM,True,2-pointer,7,90-87,'MIN',leads
378,378,378,201502280MIN,24.0,3.1,4th quarter,2:49.0,Marc Gasol,MEM,True,2-pointer,0,92-89,'MIN',leads
929,929,929,201503030MEM,11.8,7.5,1st quarter,11:39.0,Marc Gasol,MEM,False,2-pointer,13,0-0,'UTA',tied
933,933,933,201503030MEM,27.1,8.3,1st quarter,9:45.0,Marc Gasol,MEM,True,2-pointer,6,2-2,'UTA',tied
940,940,940,201503030MEM,24.6,9.4,1st quarter,5:59.0,Marc Gasol,MEM,False,2-pointer,6,9-13,'UTA',trails
942,942,942,201503030MEM,9.0,13.2,1st quarter,4:30.0,Marc Gasol,MEM,False,2-pointer,18,12-15,'UTA',trails
945,945,945,201503030MEM,27.7,7.7,1st quarter,2:56.0,Marc Gasol,MEM,True,2-pointer,6,16-17,'UTA',trails
949,949,949,201503030MEM,13.5,2.8,1st quarter,0:31.0,Marc Gasol,MEM,True,2-pointer,11,18-19,'UTA',trails
966,966,966,201503030MEM,9.3,2.8,2nd quarter,2:29.0,Marc Gasol,MEM,False,2-pointer,15,34-33,'UTA',leads
971,971,971,201503030MEM,26.1,2.7,3rd quarter,11:15.0,Marc Gasol,MEM,False,2-pointer,2,38-39,'UTA',trails
972,972,972,201503030MEM,26.0,23.6,3rd quarter,10:41.0,Marc Gasol,MEM,True,2-pointer,21,40-41,'UTA',trails
975,975,975,201503030MEM,25.8,2.8,3rd quarter,9:22.0,Marc Gasol,MEM,False,2-pointer,2,40-44,'UTA',trails
979,979,979,201503030MEM,33.2,21.1,3rd quarter,7:52.0,Marc Gasol,MEM,False,2-pointer,20,45-48,'UTA',trails
983,983,983,201503030MEM,29.9,12.9,3rd quarter,4:27.0,Marc Gasol,MEM,True,2-pointer,12,51-55,'UTA',trails
987,987,987,201503030MEM,14.5,20.6,3rd quarter,2:06.0,Marc Gasol,MEM,False,2-pointer,20,56-59,'UTA',trails
1000,1000,1000,201503030MEM,18.0,9.6,4th quarter,5:40.0,Marc Gasol,MEM,False,2-pointer,9,71-83,'UTA',trails
1002,1002,1002,201503030MEM,24.0,3.1,4th quarter,4:58.0,Marc Gasol,MEM,True,2-pointer,0,73-85,'UTA',trails
489,489,489,201503040HOU,35.9,14.0,1st quarter,11:16.0,Marc Gasol,MEM,True,2-pointer,16,2-2,'HOU',tied
497,497,497,201503040HOU,24.0,3.1,1st quarter,7:10.0,Marc Gasol,MEM,True,2-pointer,0,11-14,'HOU',trails
504,504,504,201503040HOU,23.8,7.1,1st quarter,3:21.0,Marc Gasol,MEM,False,2-pointer,4,17-27,'HOU',trails
507,507,507,201503040HOU,19.9,11.3,1st quarter,1:58.0,Marc Gasol,MEM,False,2-pointer,9,20-27,'HOU',trails
509,509,509,201503040HOU,24.7,9.1,1st quarter,1:22.0,Marc Gasol,MEM,True,2-pointer,6,22-29,'HOU',trails
530,530,530,201503040HOU,26.0,3.3,2nd quarter,1:13.0,Marc Gasol,MEM,True,2-pointer,2,50-56,'HOU',trails
532,532,532,201503040HOU,32.8,3.6,2nd quarter,0:26.0,Marc Gasol,MEM,True,2-pointer,8,54-56,'HOU',trails
533,533,533,201503040HOU,24.6,11.6,3rd quarter,11:39.0,Marc Gasol,MEM,True,2-pointer,8,56-59,'HOU',trails
538,538,538,201503040HOU,26.0,16.5,3rd quarter,7:57.0,Marc Gasol,MEM,True,2-pointer,13,65-65,'HOU',tied
539,539,539,201503040HOU,26.4,3.3,3rd quarter,7:34.0,Marc Gasol,MEM,True,2-pointer,2,67-65,'HOU',leads
541,541,541,201503040HOU,32.8,12.1,3rd quarter,6:49.0,Marc Gasol,MEM,True,2-pointer,12,69-65,'HOU',leads
565,565,565,201503040HOU,11.7,24.3,4th quarter,4:56.0,Marc Gasol,MEM,False,3-pointer,24,96-84,'HOU',leads
570,570,570,201503040HOU,8.7,16.7,4th quarter,0:31.0,Marc Gasol,MEM,False,2-pointer,20,100-100,'HOU',tied
571,571,571,201503040HOU,33.5,3.4,4th quarter,0:00.0,Marc Gasol,MEM,True,2-pointer,9,102-100,'HOU',leads
1129,1129,1129,201503060MEM,31.3,3.9,1st quarter,10:21.0,Marc Gasol,MEM,True,2-pointer,7,4-0,'LAL',leads
1130,1130,1130,201503060MEM,22.2,18.1,1st quarter,9:51.0,Marc Gasol,MEM,False,2-pointer,15,4-0,'LAL',leads
1136,1136,1136,201503060MEM,11.7,17.8,1st quarter,6:42.0,Marc Gasol,MEM,False,2-pointer,19,10-6,'LAL',leads
1138,1138,1138,201503060MEM,25.0,3.0,1st quarter,5:40.0,Marc Gasol,MEM,True,2-pointer,1,12-8,'LAL',leads
1164,1164,1164,201503060MEM,24.7,3.4,2nd quarter,2:14.0,Marc Gasol,MEM,False,2-pointer,0,39-36,'LAL',leads
1171,1171,1171,201503060MEM,24.2,8.3,3rd quarter,10:09.0,Marc Gasol,MEM,False,2-pointer,5,45-51,'LAL',trails
1172,1172,1172,201503060MEM,31.2,4.7,3rd quarter,9:53.0,Marc Gasol,MEM,True,2-pointer,7,47-53,'LAL',trails
1176,1176,1176,201503060MEM,27.6,11.3,3rd quarter,7:40.0,Marc Gasol,MEM,False,2-pointer,9,50-55,'LAL',trails
1178,1178,1178,201503060MEM,14.0,9.6,3rd quarter,7:03.0,Marc Gasol,MEM,True,2-pointer,11,54-57,'LAL',trails
1198,1198,1198,201503060MEM,18.9,14.2,4th quarter,4:48.0,Marc Gasol,MEM,True,2-pointer,12,80-83,'LAL',trails
1199,1199,1199,201503060MEM,12.1,16.7,4th quarter,4:14.0,Marc Gasol,MEM,False,2-pointer,18,80-83,'LAL',trails
876,876,876,201503070NOP,15.9,9.1,2nd quarter,0:02.0,Marc Gasol,MEM,True,2-pointer,10,50-38,'NOP',leads
881,881,881,201503070NOP,39.8,3.9,3rd quarter,6:10.0,Marc Gasol,MEM,False,2-pointer,15,55-54,'NOP',leads
884,884,884,201503070NOP,12.6,18.3,3rd quarter,3:42.0,Marc Gasol,MEM,True,2-pointer,19,59-62,'NOP',trails
885,885,885,201503070NOP,15.6,18.6,3rd quarter,2:50.0,Marc Gasol,MEM,False,2-pointer,17,59-65,'NOP',trails
902,902,902,201503070NOP,16.9,11.9,4th quarter,3:52.0,Marc Gasol,MEM,False,2-pointer,11,82-86,'NOP',trails
904,904,904,201503070NOP,26.0,8.5,4th quarter,2:53.0,Marc Gasol,MEM,False,2-pointer,5,84-88,'NOP',trails
906,906,906,201503070NOP,25.8,5.0,4th quarter,1:40.0,Marc Gasol,MEM,False,2-pointer,2,87-91,'NOP',trails
172,172,172,201503090CHI,14.7,21.4,1st quarter,10:04.0,Marc Gasol,MEM,True,2-pointer,20,7-0,'CHI',leads
176,176,176,201503090CHI,6.5,1.6,1st quarter,7:52.0,Marc Gasol,MEM,False,2-pointer,17,9-4,'CHI',leads
209,209,209,201503090CHI,13.9,20.9,2nd quarter,0:27.0,Marc Gasol,MEM,False,2-pointer,20,41-39,'CHI',leads
210,210,210,201503090CHI,15.4,20.3,3rd quarter,11:36.0,Marc Gasol,MEM,True,2-pointer,19,43-39,'CHI',leads
212,212,212,201503090CHI,29.8,12.6,3rd quarter,10:31.0,Marc Gasol,MEM,True,2-pointer,11,45-41,'CHI',leads
216,216,216,201503090CHI,16.2,16.5,3rd quarter,8:09.0,Marc Gasol,MEM,False,2-pointer,15,51-43,'CHI',leads
219,219,219,201503090CHI,9.0,15.9,3rd quarter,6:49.0,Marc Gasol,MEM,True,2-pointer,19,56-45,'CHI',leads
221,221,221,201503090CHI,12.3,6.7,3rd quarter,5:46.0,Marc Gasol,MEM,False,2-pointer,12,58-50,'CHI',leads
223,223,223,201503090CHI,31.8,19.5,3rd quarter,5:09.0,Marc Gasol,MEM,True,2-pointer,18,60-54,'CHI',leads
224,224,224,201503090CHI,24.0,4.5,3rd quarter,4:35.0,Marc Gasol,MEM,True,2-pointer,1,62-56,'CHI',leads
225,225,225,201503090CHI,16.7,15.9,3rd quarter,4:04.0,Marc Gasol,MEM,True,2-pointer,14,65-58,'CHI',leads
226,226,226,201503090CHI,24.2,6.0,3rd quarter,3:44.0,Marc Gasol,MEM,True,2-pointer,3,67-58,'CHI',leads
227,227,227,201503090CHI,24.0,25.2,3rd quarter,3:12.0,Marc Gasol,MEM,False,2-pointer,22,67-58,'CHI',leads
235,235,235,201503090CHI,12.3,3.1,4th quarter,11:23.0,Marc Gasol,MEM,True,2-pointer,11,75-65,'CHI',leads
241,241,241,201503090CHI,28.7,20.9,4th quarter,6:51.0,Marc Gasol,MEM,True,2-pointer,18,84-82,'CHI',leads
248,248,248,201503090CHI,32.8,5.3,4th quarter,2:26.0,Marc Gasol,MEM,False,2-pointer,9,92-88,'CHI',leads
1,1,1,201503110BOS,17.3,15.4,1st quarter,11:02.0,Marc Gasol,MEM,False,2-pointer,14,0-4,'BOS',trails
4,4,4,201503110BOS,15.9,10.5,1st quarter,9:09.0,Marc Gasol,MEM,False,2-pointer,11,4-4,'BOS',tied
30,30,30,201503110BOS,25.2,3.4,2nd quarter,3:27.0,Marc Gasol,MEM,True,2-pointer,1,33-35,'BOS',trails
31,31,31,201503110BOS,17.0,6.3,2nd quarter,2:36.0,Marc Gasol,MEM,False,2-pointer,7,33-37,'BOS',trails
40,40,40,201503110BOS,22.5,24.3,3rd quarter,8:34.0,Marc Gasol,MEM,False,2-pointer,21,44-41,'BOS',leads
42,42,42,201503110BOS,22.7,19.2,3rd quarter,6:36.0,Marc Gasol,MEM,True,2-pointer,16,48-48,'BOS',tied
46,46,46,201503110BOS,28.7,18.3,3rd quarter,4:13.0,Marc Gasol,MEM,False,2-pointer,16,52-58,'BOS',trails
47,47,47,201503110BOS,24.0,3.1,3rd quarter,4:03.0,Marc Gasol,MEM,True,2-pointer,0,54-58,'BOS',trails
51,51,51,201503110BOS,23.8,3.4,3rd quarter,1:05.0,Marc Gasol,MEM,True,2-pointer,0,60-62,'BOS',trails
436,436,436,201503140MEM,22.1,7.1,1st quarter,3:21.0,Marc Gasol,MEM,False,2-pointer,4,12-18,'MEM',trails
456,456,456,201503140MEM,33.7,14.6,2nd quarter,6:53.0,Marc Gasol,MEM,False,2-pointer,15,34-25,'MEM',leads
458,458,458,201503140MEM,26.1,6.1,2nd quarter,6:03.0,Marc Gasol,MEM,True,2-pointer,3,36-27,'MEM',leads
460,460,460,201503140MEM,28.3,14.6,2nd quarter,4:41.0,Marc Gasol,MEM,True,2-pointer,12,38-30,'MEM',leads
464,464,464,201503140MEM,24.0,4.2,2nd quarter,1:22.0,Marc Gasol,MEM,True,2-pointer,1,49-39,'MEM',leads
466,466,466,201503140MEM,24.6,22.7,2nd quarter,0:33.0,Marc Gasol,MEM,False,2-pointer,19,49-39,'MEM',leads
469,469,469,201503140MEM,24.0,3.1,3rd quarter,10:30.0,Marc Gasol,MEM,True,2-pointer,0,53-45,'MEM',leads
470,470,470,201503140MEM,24.1,9.6,3rd quarter,9:53.0,Marc Gasol,MEM,False,2-pointer,6,53-47,'MEM',leads
476,476,476,201503140MEM,12.9,7.8,3rd quarter,4:45.0,Marc Gasol,MEM,False,2-pointer,12,63-56,'MEM',leads
485,485,485,201503140MEM,15.6,8.6,4th quarter,10:58.0,Marc Gasol,MEM,False,2-pointer,10,78-61,'MEM',leads
495,495,495,201503140MEM,29.0,6.7,4th quarter,4:26.0,Marc Gasol,MEM,True,2-pointer,6,91-73,'MEM',leads
496,496,496,201503140MEM,22.9,3.3,4th quarter,3:46.0,Marc Gasol,MEM,True,2-pointer,1,93-75,'MEM',leads
770,770,770,201503160MEM,32.9,4.2,1st quarter,11:09.0,Marc Gasol,MEM,False,2-pointer,8,2-0,'DEN',leads
773,773,773,201503160MEM,24.0,22.2,1st quarter,9:45.0,Marc Gasol,MEM,False,2-pointer,19,6-3,'DEN',leads
779,779,779,201503160MEM,15.4,17.5,1st quarter,7:01.0,Marc Gasol,MEM,False,2-pointer,16,11-3,'DEN',leads
784,784,784,201503160MEM,17.5,21.7,1st quarter,5:47.0,Marc Gasol,MEM,False,2-pointer,19,11-5,'DEN',leads
800,800,800,201503160MEM,22.5,3.1,2nd quarter,6:51.0,Marc Gasol,MEM,True,2-pointer,1,35-30,'DEN',leads
809,809,809,201503160MEM,17.6,3.6,2nd quarter,0:58.0,Marc Gasol,MEM,True,2-pointer,6,47-37,'DEN',leads
811,811,811,201503160MEM,26.1,9.0,3rd quarter,11:26.0,Marc Gasol,MEM,False,2-pointer,6,47-39,'DEN',leads
816,816,816,201503160MEM,19.2,12.1,3rd quarter,8:00.0,Marc Gasol,MEM,False,2-pointer,10,47-46,'DEN',leads
825,825,825,201503160MEM,25.2,9.0,3rd quarter,3:03.0,Marc Gasol,MEM,True,2-pointer,6,60-57,'DEN',leads
840,840,840,201503160MEM,25.5,4.4,4th quarter,5:10.0,Marc Gasol,MEM,False,2-pointer,2,79-77,'DEN',leads
844,844,844,201503160MEM,23.5,8.0,4th quarter,2:53.0,Marc Gasol,MEM,True,2-pointer,5,86-79,'DEN',leads
845,845,845,201503160MEM,30.2,20.2,4th quarter,2:18.0,Marc Gasol,MEM,False,2-pointer,18,86-79,'DEN',leads
846,846,846,201503160MEM,13.9,9.4,4th quarter,1:44.0,Marc Gasol,MEM,False,2-pointer,11,86-79,'DEN',leads
1,1,1,201503170DET,20.5,9.0,1st quarter,10:50.0,Marc Gasol,MEM,True,2-pointer,6,2-2,'DET',tied
3,3,3,201503170DET,28.2,9.6,1st quarter,9:44.0,Marc Gasol,MEM,True,2-pointer,7,7-5,'DET',leads
6,6,6,201503170DET,9.6,23.9,1st quarter,8:06.0,Marc Gasol,MEM,True,3-pointer,25,10-7,'DET',leads
8,8,8,201503170DET,20.2,4.9,1st quarter,6:49.0,Marc Gasol,MEM,False,2-pointer,4,13-7,'DET',leads
30,30,30,201503170DET,11.5,6.3,2nd quarter,7:24.0,Marc Gasol,MEM,True,2-pointer,12,39-22,'DET',leads
31,31,31,201503170DET,23.3,8.8,2nd quarter,6:53.0,Marc Gasol,MEM,False,2-pointer,5,39-22,'DET',leads
36,36,36,201503170DET,21.6,7.8,2nd quarter,2:41.0,Marc Gasol,MEM,False,2-pointer,5,50-38,'DET',leads
48,48,48,201503170DET,9.9,15.7,3rd quarter,7:26.0,Marc Gasol,MEM,False,2-pointer,18,65-55,'DET',leads
49,49,49,201503170DET,31.2,19.4,3rd quarter,6:54.0,Marc Gasol,MEM,True,2-pointer,17,67-55,'DET',leads
51,51,51,201503170DET,31.2,5.6,3rd quarter,5:47.0,Marc Gasol,MEM,True,2-pointer,7,69-57,'DET',leads
74,74,74,201503170DET,28.0,5.3,4th quarter,3:10.0,Marc Gasol,MEM,False,2-pointer,4,90-97,'DET',trails
563,563,563,201503200DAL,25.0,3.7,1st quarter,10:19.0,Marc Gasol,MEM,False,2-pointer,1,2-2,'DAL',tied
564,564,564,201503200DAL,23.6,21.7,1st quarter,9:51.0,Marc Gasol,MEM,True,2-pointer,18,4-5,'DAL',trails
585,585,585,201503200DAL,25.5,3.3,2nd quarter,9:42.0,Marc Gasol,MEM,True,2-pointer,1,29-22,'DAL',leads
586,586,586,201503200DAL,31.0,15.1,2nd quarter,8:58.0,Marc Gasol,MEM,False,2-pointer,13,29-22,'DAL',leads
590,590,590,201503200DAL,19.1,14.0,2nd quarter,6:46.0,Marc Gasol,MEM,False,2-pointer,12,29-26,'DAL',leads
602,602,602,201503200DAL,28.0,8.6,3rd quarter,11:18.0,Marc Gasol,MEM,True,2-pointer,6,46-39,'DAL',leads
608,608,608,201503200DAL,14.2,15.3,3rd quarter,7:47.0,Marc Gasol,MEM,True,2-pointer,15,58-44,'DAL',leads
609,609,609,201503200DAL,9.1,6.6,3rd quarter,6:43.0,Marc Gasol,MEM,True,2-pointer,15,62-46,'DAL',leads
610,610,610,201503200DAL,29.3,9.6,3rd quarter,6:12.0,Marc Gasol,MEM,True,2-pointer,8,64-46,'DAL',leads
612,612,612,201503200DAL,13.4,13.8,3rd quarter,4:08.0,Marc Gasol,MEM,False,2-pointer,15,72-50,'DAL',leads
738,738,738,201503210MEM,16.4,12.1,1st quarter,11:12.0,Marc Gasol,MEM,True,2-pointer,11,4-2,'POR',leads
741,741,741,201503210MEM,29.4,19.2,1st quarter,10:02.0,Marc Gasol,MEM,False,2-pointer,17,4-4,'POR',tied
744,744,744,201503210MEM,9.3,4.7,1st quarter,8:26.0,Marc Gasol,MEM,False,2-pointer,14,7-8,'POR',trails
749,749,749,201503210MEM,15.3,8.3,1st quarter,4:50.0,Marc Gasol,MEM,False,2-pointer,10,18-16,'POR',leads
757,757,757,201503210MEM,26.0,7.1,1st quarter,0:03.0,Marc Gasol,MEM,True,2-pointer,4,34-27,'POR',leads
775,775,775,201503210MEM,23.0,4.1,2nd quarter,2:02.0,Marc Gasol,MEM,False,2-pointer,1,47-42,'POR',leads
782,782,782,201503210MEM,21.6,22.4,3rd quarter,11:00.0,Marc Gasol,MEM,False,2-pointer,19,53-46,'POR',leads
786,786,786,201503210MEM,24.4,19.5,3rd quarter,8:55.0,Marc Gasol,MEM,False,2-pointer,16,59-48,'POR',leads
789,789,789,201503210MEM,22.5,3.4,3rd quarter,8:21.0,Marc Gasol,MEM,False,2-pointer,1,59-48,'POR',leads
790,790,790,201503210MEM,22.4,3.3,3rd quarter,8:18.0,Marc Gasol,MEM,True,2-pointer,1,61-48,'POR',leads
792,792,792,201503210MEM,18.8,4.5,3rd quarter,6:52.0,Marc Gasol,MEM,False,2-pointer,5,64-50,'POR',leads
795,795,795,201503210MEM,23.6,4.9,3rd quarter,5:27.0,Marc Gasol,MEM,False,2-pointer,1,64-53,'POR',leads
796,796,796,201503210MEM,23.6,4.9,3rd quarter,5:26.0,Marc Gasol,MEM,False,2-pointer,1,64-53,'POR',leads
819,819,819,201503210MEM,24.1,10.4,4th quarter,4:22.0,Marc Gasol,MEM,False,2-pointer,7,87-80,'POR',leads
820,820,820,201503210MEM,23.2,3.9,4th quarter,4:04.0,Marc Gasol,MEM,True,2-pointer,1,89-80,'POR',leads
672,672,672,201503230NYK,37.5,9.9,1st quarter,11:12.0,Marc Gasol,MEM,True,2-pointer,15,2-0,'NYK',leads
676,676,676,201503230NYK,32.1,15.9,1st quarter,9:12.0,Marc Gasol,MEM,False,2-pointer,15,6-5,'NYK',leads
677,677,677,201503230NYK,28.5,4.9,1st quarter,8:14.0,Marc Gasol,MEM,True,2-pointer,4,10-5,'NYK',leads
678,678,678,201503230NYK,22.7,3.3,1st quarter,7:09.0,Marc Gasol,MEM,True,2-pointer,1,12-7,'NYK',leads
682,682,682,201503230NYK,23.6,8.5,1st quarter,5:01.0,Marc Gasol,MEM,False,2-pointer,5,18-9,'NYK',leads
683,683,683,201503230NYK,22.5,4.7,1st quarter,4:41.0,Marc Gasol,MEM,False,2-pointer,2,18-9,'NYK',leads
684,684,684,201503230NYK,23.2,7.1,1st quarter,4:35.0,Marc Gasol,MEM,True,2-pointer,4,20-9,'NYK',leads
688,688,688,201503230NYK,21.9,3.0,1st quarter,2:01.0,Marc Gasol,MEM,False,2-pointer,2,25-13,'NYK',leads
689,689,689,201503230NYK,18.0,21.3,1st quarter,1:40.0,Marc Gasol,MEM,False,2-pointer,19,25-16,'NYK',leads
691,691,691,201503230NYK,25.8,5.3,1st quarter,0:38.0,Marc Gasol,MEM,False,2-pointer,2,27-20,'NYK',leads
705,705,705,201503230NYK,16.9,2.4,2nd quarter,3:51.0,Marc Gasol,MEM,False,2-pointer,7,42-39,'NYK',leads
713,713,713,201503230NYK,9.8,4.9,3rd quarter,9:04.0,Marc Gasol,MEM,True,2-pointer,14,54-53,'NYK',leads
717,717,717,201503230NYK,16.1,10.2,3rd quarter,6:49.0,Marc Gasol,MEM,False,2-pointer,10,58-56,'NYK',leads
722,722,722,201503230NYK,16.1,18.3,3rd quarter,3:46.0,Marc Gasol,MEM,True,2-pointer,17,62-56,'NYK',leads
724,724,724,201503230NYK,29.1,7.5,3rd quarter,2:55.0,Marc Gasol,MEM,True,2-pointer,6,64-58,'NYK',leads
726,726,726,201503230NYK,22.5,3.1,3rd quarter,0:46.0,Marc Gasol,MEM,True,2-pointer,1,71-60,'NYK',leads
742,742,742,201503230NYK,22.5,3.0,4th quarter,3:37.0,Marc Gasol,MEM,True,2-pointer,1,95-79,'NYK',leads
579,579,579,201503250MEM,30.4,7.7,1st quarter,10:49.0,Marc Gasol,MEM,False,2-pointer,7,2-0,'MEM',leads
581,581,581,201503250MEM,26.1,2.7,1st quarter,9:23.0,Marc Gasol,MEM,False,2-pointer,2,4-5,'MEM',trails
584,584,584,201503250MEM,23.8,3.7,1st quarter,8:14.0,Marc Gasol,MEM,True,2-pointer,0,7-5,'MEM',leads
586,586,586,201503250MEM,24.4,3.1,1st quarter,6:45.0,Marc Gasol,MEM,True,2-pointer,0,9-9,'MEM',tied
587,587,587,201503250MEM,28.2,14.8,1st quarter,6:17.0,Marc Gasol,MEM,True,2-pointer,12,11-11,'MEM',tied
588,588,588,201503250MEM,15.4,18.3,1st quarter,4:56.0,Marc Gasol,MEM,False,2-pointer,17,11-13,'MEM',trails
589,589,589,201503250MEM,24.6,7.4,1st quarter,4:22.0,Marc Gasol,MEM,False,2-pointer,4,11-15,'MEM',trails
609,609,609,201503250MEM,26.1,2.7,2nd quarter,5:56.0,Marc Gasol,MEM,False,2-pointer,2,30-36,'MEM',trails
610,610,610,201503250MEM,23.5,3.0,2nd quarter,5:24.0,Marc Gasol,MEM,True,2-pointer,0,32-38,'MEM',trails
612,612,612,201503250MEM,6.8,1.9,2nd quarter,4:48.0,Marc Gasol,MEM,True,2-pointer,17,34-38,'MEM',trails
614,614,614,201503250MEM,25.0,2.8,2nd quarter,3:30.0,Marc Gasol,MEM,False,2-pointer,1,36-43,'MEM',trails
617,617,617,201503250MEM,26.0,2.8,2nd quarter,1:28.0,Marc Gasol,MEM,False,2-pointer,2,40-48,'MEM',trails
618,618,618,201503250MEM,29.1,11.2,2nd quarter,0:27.0,Marc Gasol,MEM,False,2-pointer,9,42-52,'MEM',trails
623,623,623,201503250MEM,25.8,8.2,3rd quarter,10:07.0,Marc Gasol,MEM,True,2-pointer,5,47-57,'MEM',trails
626,626,626,201503250MEM,19.9,5.5,3rd quarter,8:10.0,Marc Gasol,MEM,True,2-pointer,4,53-64,'MEM',trails
733,733,733,201503270MEM,16.9,4.5,1st quarter,4:20.0,Marc Gasol,MEM,True,2-pointer,7,18-21,'MEM',trails
737,737,737,201503270MEM,24.0,3.1,1st quarter,2:08.0,Marc Gasol,MEM,True,2-pointer,0,22-25,'MEM',trails
738,738,738,201503270MEM,11.0,18.6,1st quarter,1:16.0,Marc Gasol,MEM,False,2-pointer,20,22-28,'MEM',trails
754,754,754,201503270MEM,26.6,6.0,2nd quarter,5:13.0,Marc Gasol,MEM,False,2-pointer,3,35-42,'MEM',trails
765,765,765,201503270MEM,39.7,3.0,3rd quarter,10:04.0,Marc Gasol,MEM,True,2-pointer,15,53-59,'MEM',trails
767,767,767,201503270MEM,22.9,10.8,3rd quarter,8:52.0,Marc Gasol,MEM,False,2-pointer,7,55-62,'MEM',trails
772,772,772,201503270MEM,24.6,9.1,3rd quarter,5:05.0,Marc Gasol,MEM,False,2-pointer,6,59-74,'MEM',trails
773,773,773,201503270MEM,19.7,12.7,3rd quarter,3:42.0,Marc Gasol,MEM,True,2-pointer,10,61-80,'MEM',trails
776,776,776,201503270MEM,14.7,7.7,3rd quarter,2:01.0,Marc Gasol,MEM,False,2-pointer,10,63-85,'MEM',trails
777,777,777,201503270MEM,25.7,21.6,3rd quarter,1:39.0,Marc Gasol,MEM,False,2-pointer,18,63-85,'MEM',trails
1174,1174,1174,201503290SAS,31.3,17.0,1st quarter,8:42.0,Marc Gasol,MEM,False,2-pointer,15,4-10,'SAS',trails
1176,1176,1176,201503290SAS,31.3,10.1,1st quarter,7:59.0,Marc Gasol,MEM,False,2-pointer,10,4-12,'SAS',trails
1180,1180,1180,201503290SAS,17.2,9.1,1st quarter,5:45.0,Marc Gasol,MEM,False,2-pointer,9,9-16,'SAS',trails
1192,1192,1192,201503290SAS,28.8,10.5,1st quarter,0:35.0,Marc Gasol,MEM,True,2-pointer,8,21-28,'SAS',trails
1207,1207,1207,201503290SAS,15.3,17.9,2nd quarter,2:23.0,Marc Gasol,MEM,False,2-pointer,17,39-47,'SAS',trails
1209,1209,1209,201503290SAS,33.9,15.4,2nd quarter,1:18.0,Marc Gasol,MEM,False,2-pointer,15,39-49,'SAS',trails
1213,1213,1213,201503290SAS,29.6,12.7,3rd quarter,11:09.0,Marc Gasol,MEM,False,2-pointer,11,42-53,'SAS',trails
1218,1218,1218,201503290SAS,24.7,18.9,3rd quarter,8:50.0,Marc Gasol,MEM,True,2-pointer,15,48-59,'SAS',trails
1219,1219,1219,201503290SAS,19.4,21.3,3rd quarter,8:11.0,Marc Gasol,MEM,True,2-pointer,18,50-59,'SAS',trails
1225,1225,1225,201503290SAS,13.9,8.6,3rd quarter,4:14.0,Marc Gasol,MEM,False,2-pointer,11,60-65,'SAS',trails
1241,1241,1241,201503290SAS,24.4,6.7,4th quarter,5:42.0,Marc Gasol,MEM,False,2-pointer,3,77-93,'SAS',trails
1244,1244,1244,201503290SAS,24.0,3.1,4th quarter,4:30.0,Marc Gasol,MEM,True,2-pointer,0,83-93,'SAS',trails
1245,1245,1245,201503290SAS,36.4,18.3,4th quarter,3:40.0,Marc Gasol,MEM,True,2-pointer,19,85-95,'SAS',trails
1248,1248,1248,201503290SAS,21.0,11.5,4th quarter,1:50.0,Marc Gasol,MEM,True,2-pointer,9,87-99,'SAS',trails
1249,1249,1249,201503290SAS,23.6,9.1,4th quarter,1:17.0,Marc Gasol,MEM,True,2-pointer,6,89-99,'SAS',trails
409,409,409,201503300MEM,18.4,6.1,1st quarter,11:28.0,Marc Gasol,MEM,False,2-pointer,6,0-0,'SAC',tied
412,412,412,201503300MEM,25.2,3.0,1st quarter,9:57.0,Marc Gasol,MEM,True,2-pointer,1,4-0,'SAC',leads
415,415,415,201503300MEM,18.4,21.6,1st quarter,8:47.0,Marc Gasol,MEM,False,2-pointer,19,6-1,'SAC',leads
419,419,419,201503300MEM,35.3,9.0,1st quarter,6:42.0,Marc Gasol,MEM,True,2-pointer,12,14-5,'SAC',leads
422,422,422,201503300MEM,36.9,6.3,1st quarter,5:23.0,Marc Gasol,MEM,False,2-pointer,13,16-7,'SAC',leads
425,425,425,201503300MEM,23.5,4.1,1st quarter,3:57.0,Marc Gasol,MEM,False,2-pointer,1,16-9,'SAC',leads
447,447,447,201503300MEM,24.0,6.1,2nd quarter,4:12.0,Marc Gasol,MEM,True,2-pointer,3,45-31,'SAC',leads
456,456,456,201503300MEM,20.6,15.1,3rd quarter,9:23.0,Marc Gasol,MEM,False,2-pointer,12,59-46,'SAC',leads
470,470,470,201503300MEM,15.6,2.7,3rd quarter,1:33.0,Marc Gasol,MEM,False,2-pointer,8,73-62,'SAC',leads
473,473,473,201503300MEM,25.0,16.4,4th quarter,11:48.0,Marc Gasol,MEM,False,2-pointer,13,75-64,'SAC',leads
478,478,478,201503300MEM,26.9,6.9,4th quarter,8:51.0,Marc Gasol,MEM,True,2-pointer,4,80-70,'SAC',leads
920,920,920,201504030MEM,14.0,8.5,1st quarter,11:24.0,Marc Gasol,MEM,True,2-pointer,11,3-2,'OKC',leads
922,922,922,201504030MEM,24.9,2.8,1st quarter,9:56.0,Marc Gasol,MEM,True,2-pointer,0,5-7,'OKC',trails
930,930,930,201504030MEM,24.0,3.1,1st quarter,6:14.0,Marc Gasol,MEM,True,2-pointer,0,15-14,'OKC',leads
958,958,958,201504030MEM,13.1,14.3,2nd quarter,1:10.0,Marc Gasol,MEM,False,2-pointer,15,52-47,'OKC',leads
960,960,960,201504030MEM,24.4,5.6,3rd quarter,10:40.0,Marc Gasol,MEM,True,2-pointer,2,57-51,'OKC',leads
961,961,961,201504030MEM,24.7,7.2,3rd quarter,10:14.0,Marc Gasol,MEM,True,2-pointer,4,59-52,'OKC',leads
966,966,966,201504030MEM,9.4,14.8,3rd quarter,6:44.0,Marc Gasol,MEM,False,2-pointer,18,62-60,'OKC',leads
969,969,969,201504030MEM,24.0,18.4,3rd quarter,5:27.0,Marc Gasol,MEM,False,2-pointer,15,64-64,'OKC',tied
971,971,971,201504030MEM,23.0,3.0,3rd quarter,4:04.0,Marc Gasol,MEM,True,2-pointer,1,68-66,'OKC',leads
972,972,972,201504030MEM,26.0,3.0,3rd quarter,3:41.0,Marc Gasol,MEM,False,2-pointer,2,68-66,'OKC',leads
993,993,993,201504030MEM,24.0,14.2,4th quarter,3:41.0,Marc Gasol,MEM,True,2-pointer,11,90-81,'OKC',leads
995,995,995,201504030MEM,10.6,15.7,4th quarter,2:31.0,Marc Gasol,MEM,False,2-pointer,18,92-86,'OKC',leads
997,997,997,201504030MEM,27.2,13.5,4th quarter,1:15.0,Marc Gasol,MEM,True,2-pointer,10,94-88,'OKC',leads
998,998,998,201504030MEM,28.7,12.9,4th quarter,0:47.0,Marc Gasol,MEM,False,2-pointer,10,94-88,'OKC',leads
891,891,891,201504040MEM,24.0,3.1,1st quarter,10:00.0,Marc Gasol,MEM,True,2-pointer,0,4-5,'MEM',trails
896,896,896,201504040MEM,16.7,13.2,1st quarter,5:44.0,Marc Gasol,MEM,False,2-pointer,12,12-14,'MEM',trails
921,921,921,201504040MEM,22.9,3.0,2nd quarter,3:47.0,Marc Gasol,MEM,False,2-pointer,1,34-41,'MEM',trails
924,924,924,201504040MEM,18.6,13.8,2nd quarter,2:00.0,Marc Gasol,MEM,False,2-pointer,12,34-46,'MEM',trails
926,926,926,201504040MEM,18.1,10.5,2nd quarter,1:18.0,Marc Gasol,MEM,True,2-pointer,9,38-46,'MEM',trails
932,932,932,201504040MEM,27.2,10.1,3rd quarter,7:46.0,Marc Gasol,MEM,False,2-pointer,7,47-58,'MEM',trails
934,934,934,201504040MEM,25.0,3.1,3rd quarter,6:36.0,Marc Gasol,MEM,True,2-pointer,1,49-60,'MEM',trails
939,939,939,201504040MEM,21.9,3.7,3rd quarter,1:45.0,Marc Gasol,MEM,True,2-pointer,2,57-67,'MEM',trails
941,941,941,201504040MEM,27.7,7.7,3rd quarter,1:02.0,Marc Gasol,MEM,True,2-pointer,5,59-69,'MEM',trails
960,960,960,201504040MEM,13.1,7.5,4th quarter,3:07.0,Marc Gasol,MEM,False,2-pointer,11,75-85,'MEM',trails
961,961,961,201504040MEM,23.2,2.8,4th quarter,2:32.0,Marc Gasol,MEM,True,2-pointer,0,77-88,'MEM',trails
966,966,966,201504040MEM,24.0,3.1,4th quarter,0:19.0,Marc Gasol,MEM,True,2-pointer,0,83-90,'MEM',trails
911,911,911,201504080MEM,25.0,18.7,1st quarter,11:41.0,Marc Gasol,MEM,False,2-pointer,15,0-0,'NOP',tied
915,915,915,201504080MEM,18.1,13.1,1st quarter,9:30.0,Marc Gasol,MEM,True,2-pointer,11,4-3,'NOP',leads
917,917,917,201504080MEM,14.0,18.6,1st quarter,7:50.0,Marc Gasol,MEM,True,2-pointer,18,8-8,'NOP',tied
920,920,920,201504080MEM,29.8,7.5,1st quarter,5:38.0,Marc Gasol,MEM,False,2-pointer,7,12-16,'NOP',trails
927,927,927,201504080MEM,18.1,6.6,1st quarter,1:44.0,Marc Gasol,MEM,False,2-pointer,6,21-20,'NOP',leads
930,930,930,201504080MEM,25.0,3.4,1st quarter,0:42.0,Marc Gasol,MEM,True,2-pointer,1,27-22,'NOP',leads
950,950,950,201504080MEM,13.7,7.5,2nd quarter,2:21.0,Marc Gasol,MEM,False,2-pointer,11,48-33,'NOP',leads
957,957,957,201504080MEM,13.9,9.3,3rd quarter,11:36.0,Marc Gasol,MEM,True,2-pointer,11,57-36,'NOP',leads
964,964,964,201504080MEM,25.3,8.5,3rd quarter,7:35.0,Marc Gasol,MEM,True,2-pointer,5,67-44,'NOP',leads
965,965,965,201504080MEM,15.4,3.1,3rd quarter,6:45.0,Marc Gasol,MEM,False,2-pointer,8,67-46,'NOP',leads
967,967,967,201504080MEM,24.7,2.0,3rd quarter,5:43.0,Marc Gasol,MEM,True,2-pointer,1,71-48,'NOP',leads
969,969,969,201504080MEM,25.5,9.4,3rd quarter,4:28.0,Marc Gasol,MEM,False,2-pointer,6,73-50,'NOP',leads
1881,1881,1881,201504100UTA,14.2,19.7,1st quarter,11:40.0,Marc Gasol,MEM,False,2-pointer,19,0-0,'UTA',tied
1892,1892,1892,201504100UTA,23.6,9.3,1st quarter,5:08.0,Marc Gasol,MEM,True,2-pointer,6,16-12,'UTA',leads
1893,1893,1893,201504100UTA,15.0,20.2,1st quarter,4:24.0,Marc Gasol,MEM,True,2-pointer,19,18-15,'UTA',leads
1899,1899,1899,201504100UTA,28.2,13.7,1st quarter,0:05.0,Marc Gasol,MEM,True,2-pointer,11,29-23,'UTA',leads
1909,1909,1909,201504100UTA,18.1,4.2,2nd quarter,4:04.0,Marc Gasol,MEM,False,2-pointer,6,41-40,'UTA',leads
1910,1910,1910,201504100UTA,29.9,6.9,2nd quarter,3:34.0,Marc Gasol,MEM,True,2-pointer,7,43-42,'UTA',leads
1911,1911,1911,201504100UTA,27.7,5.5,2nd quarter,2:58.0,Marc Gasol,MEM,False,2-pointer,4,43-42,'UTA',leads
1916,1916,1916,201504100UTA,26.4,7.4,2nd quarter,0:56.0,Marc Gasol,MEM,False,2-pointer,5,45-47,'UTA',trails
1917,1917,1917,201504100UTA,28.0,17.9,2nd quarter,0:11.0,Marc Gasol,MEM,True,2-pointer,15,49-47,'UTA',leads
1931,1931,1931,201504100UTA,25.2,27.9,3rd quarter,2:47.0,Marc Gasol,MEM,False,3-pointer,24,69-64,'UTA',leads
1939,1939,1939,201504100UTA,16.2,5.5,4th quarter,9:41.0,Marc Gasol,MEM,False,2-pointer,8,73-75,'UTA',trails
1941,1941,1941,201504100UTA,16.7,20.2,4th quarter,8:09.0,Marc Gasol,MEM,True,2-pointer,18,75-82,'UTA',trails
1942,1942,1942,201504100UTA,20.5,16.5,4th quarter,7:21.0,Marc Gasol,MEM,True,2-pointer,13,77-82,'UTA',trails
1943,1943,1943,201504100UTA,9.1,10.4,4th quarter,6:40.0,Marc Gasol,MEM,True,2-pointer,16,79-82,'UTA',trails
1945,1945,1945,201504100UTA,11.5,13.7,4th quarter,4:52.0,Marc Gasol,MEM,False,2-pointer,16,82-84,'UTA',trails
1950,1950,1950,201504100UTA,22.2,3.3,4th quarter,2:35.0,Marc Gasol,MEM,True,2-pointer,1,88-86,'UTA',leads
1951,1951,1951,201504100UTA,17.0,11.3,4th quarter,1:57.0,Marc Gasol,MEM,False,2-pointer,10,89-86,'UTA',leads
1952,1952,1952,201504100UTA,28.3,19.5,4th quarter,1:44.0,Marc Gasol,MEM,False,2-pointer,17,89-86,'UTA',leads
356,356,356,201504110LAC,20.8,16.7,1st quarter,8:22.0,Marc Gasol,MEM,False,2-pointer,14,12-7,'MEM',leads
357,357,357,201504110LAC,24.0,3.1,1st quarter,8:00.0,Marc Gasol,MEM,True,2-pointer,0,14-9,'MEM',leads
363,363,363,201504110LAC,24.7,10.4,1st quarter,4:41.0,Marc Gasol,MEM,False,2-pointer,7,16-19,'MEM',trails
684,684,684,201504130GSW,24.7,11.2,1st quarter,6:07.0,Marc Gasol,MEM,True,2-pointer,8,12-20,'GSW',trails
696,696,696,201504130GSW,25.0,3.9,2nd quarter,11:40.0,Marc Gasol,MEM,False,2-pointer,1,21-36,'GSW',trails
697,697,697,201504130GSW,32.6,20.2,2nd quarter,11:07.0,Marc Gasol,MEM,False,2-pointer,19,21-36,'GSW',trails
702,702,702,201504130GSW,25.3,18.6,2nd quarter,9:06.0,Marc Gasol,MEM,True,2-pointer,15,29-41,'GSW',trails
704,704,704,201504130GSW,24.0,4.2,2nd quarter,7:50.0,Marc Gasol,MEM,True,2-pointer,1,31-45,'GSW',trails
707,707,707,201504130GSW,23.2,18.6,2nd quarter,6:33.0,Marc Gasol,MEM,False,2-pointer,15,33-50,'GSW',trails
734,734,734,201504130GSW,11.7,5.0,3rd quarter,5:56.0,Marc Gasol,MEM,False,2-pointer,12,52-82,'GSW',trails
1302,1302,1302,201504150MEM,22.4,3.7,1st quarter,8:36.0,Marc Gasol,MEM,True,2-pointer,1,7-10,'IND',trails
1303,1303,1303,201504150MEM,12.4,15.9,1st quarter,6:46.0,Marc Gasol,MEM,True,2-pointer,17,13-14,'IND',trails
1306,1306,1306,201504150MEM,12.3,14.3,1st quarter,4:15.0,Marc Gasol,MEM,False,2-pointer,16,15-19,'IND',trails
1309,1309,1309,201504150MEM,24.6,4.7,1st quarter,3:09.0,Marc Gasol,MEM,False,2-pointer,1,15-21,'IND',trails
1310,1310,1310,201504150MEM,16.5,7.4,1st quarter,2:15.0,Marc Gasol,MEM,False,2-pointer,8,15-23,'IND',trails
1311,1311,1311,201504150MEM,16.5,6.9,1st quarter,2:06.0,Marc Gasol,MEM,True,2-pointer,8,17-23,'IND',trails
1312,1312,1312,201504150MEM,33.2,6.4,1st quarter,1:34.0,Marc Gasol,MEM,True,2-pointer,9,20-23,'IND',trails
1313,1313,1313,201504150MEM,12.1,21.7,1st quarter,0:55.0,Marc Gasol,MEM,False,2-pointer,22,20-23,'IND',trails
1318,1318,1318,201504150MEM,24.6,2.0,2nd quarter,9:58.0,Marc Gasol,MEM,True,2-pointer,1,26-26,'IND',tied
1319,1319,1319,201504150MEM,10.9,14.6,2nd quarter,9:15.0,Marc Gasol,MEM,True,2-pointer,17,28-29,'IND',trails
1320,1320,1320,201504150MEM,13.4,6.0,2nd quarter,8:47.0,Marc Gasol,MEM,False,2-pointer,11,28-29,'IND',trails
1334,1334,1334,201504150MEM,12.3,2.5,2nd quarter,2:07.0,Marc Gasol,MEM,True,2-pointer,11,48-36,'IND',leads
1336,1336,1336,201504150MEM,10.4,13.1,2nd quarter,0:55.0,Marc Gasol,MEM,True,2-pointer,16,52-41,'IND',leads
1341,1341,1341,201504150MEM,22.7,3.0,3rd quarter,9:19.0,Marc Gasol,MEM,True,2-pointer,1,56-45,'IND',leads
1343,1343,1343,201504150MEM,21.9,9.1,3rd quarter,7:47.0,Marc Gasol,MEM,False,2-pointer,6,59-46,'IND',leads
1345,1345,1345,201504150MEM,18.3,4.5,3rd quarter,6:29.0,Marc Gasol,MEM,True,2-pointer,5,63-51,'IND',leads
1351,1351,1351,201504150MEM,25.2,3.1,3rd quarter,0:17.0,Marc Gasol,MEM,True,2-pointer,1,72-60,'IND',leads
1366,1366,1366,201504150MEM,14.0,15.3,4th quarter,4:16.0,Marc Gasol,MEM,True,2-pointer,15,85-74,'IND',leads
1369,1369,1369,201504150MEM,19.7,12.9,4th quarter,1:39.0,Marc Gasol,MEM,True,2-pointer,10,92-81,'IND',leads
584,584,584,201504190MEM,24.9,3.0,1st quarter,10:30.0,Marc Gasol,MEM,True,2-pointer,1,4-0,'POR',leads
587,587,587,201504190MEM,13.4,21.7,1st quarter,9:14.0,Marc Gasol,MEM,True,2-pointer,22,6-0,'POR',leads
593,593,593,201504190MEM,18.1,22.8,1st quarter,6:05.0,Marc Gasol,MEM,False,2-pointer,21,10-6,'POR',leads
596,596,596,201504190MEM,18.1,6.1,1st quarter,4:15.0,Marc Gasol,MEM,False,2-pointer,7,12-8,'POR',leads
599,599,599,201504190MEM,36.2,15.4,1st quarter,2:34.0,Marc Gasol,MEM,True,2-pointer,17,17-9,'POR',leads
601,601,601,201504190MEM,22.2,22.5,1st quarter,1:21.0,Marc Gasol,MEM,False,2-pointer,20,19-13,'POR',leads
621,621,621,201504190MEM,22.7,11.0,2nd quarter,3:05.0,Marc Gasol,MEM,True,2-pointer,8,46-35,'POR',leads
623,623,623,201504190MEM,9.9,15.7,2nd quarter,2:13.0,Marc Gasol,MEM,False,2-pointer,19,49-37,'POR',leads
626,626,626,201504190MEM,24.1,3.3,2nd quarter,0:45.0,Marc Gasol,MEM,True,2-pointer,0,56-37,'POR',leads
637,637,637,201504190MEM,25.2,3.1,3rd quarter,5:49.0,Marc Gasol,MEM,True,2-pointer,1,71-48,'POR',leads
641,641,641,201504190MEM,15.4,7.7,3rd quarter,3:35.0,Marc Gasol,MEM,False,2-pointer,10,78-53,'POR',leads
648,648,648,201504190MEM,24.2,8.6,4th quarter,10:51.0,Marc Gasol,MEM,False,2-pointer,6,86-62,'POR',leads
653,653,653,201504190MEM,11.3,16.4,4th quarter,8:19.0,Marc Gasol,MEM,False,2-pointer,18,90-69,'POR',leads
655,655,655,201504190MEM,24.2,2.7,4th quarter,7:52.0,Marc Gasol,MEM,False,2-pointer,0,90-72,'POR',leads
665,665,665,201504190MEM,25.8,2.7,4th quarter,3:30.0,Marc Gasol,MEM,False,2-pointer,2,96-77,'POR',leads
666,666,666,201504190MEM,16.9,16.1,4th quarter,3:03.0,Marc Gasol,MEM,True,2-pointer,15,98-80,'POR',leads
427,427,427,201504220MEM,23.8,17.5,1st quarter,9:43.0,Marc Gasol,MEM,False,2-pointer,15,2-8,'POR',trails
428,428,428,201504220MEM,18.6,6.4,1st quarter,9:09.0,Marc Gasol,MEM,False,2-pointer,6,2-10,'POR',trails
431,431,431,201504220MEM,32.8,3.7,1st quarter,8:25.0,Marc Gasol,MEM,False,2-pointer,9,4-10,'POR',trails
433,433,433,201504220MEM,11.7,10.2,1st quarter,7:11.0,Marc Gasol,MEM,False,2-pointer,14,7-12,'POR',trails
434,434,434,201504220MEM,22.5,2.8,1st quarter,6:27.0,Marc Gasol,MEM,True,2-pointer,2,9-14,'POR',trails
438,438,438,201504220MEM,23.2,16.4,1st quarter,4:44.0,Marc Gasol,MEM,False,2-pointer,13,12-18,'POR',trails
440,440,440,201504220MEM,24.2,4.4,1st quarter,4:10.0,Marc Gasol,MEM,True,2-pointer,1,14-18,'POR',trails
461,461,461,201504220MEM,24.0,20.9,2nd quarter,6:37.0,Marc Gasol,MEM,False,2-pointer,18,31-25,'POR',leads
470,470,470,201504220MEM,24.0,3.1,2nd quarter,1:10.0,Marc Gasol,MEM,False,2-pointer,0,45-37,'POR',leads
476,476,476,201504220MEM,18.4,20.9,3rd quarter,10:21.0,Marc Gasol,MEM,False,2-pointer,19,52-43,'POR',leads
481,481,481,201504220MEM,25.0,9.6,3rd quarter,7:49.0,Marc Gasol,MEM,False,2-pointer,7,58-47,'POR',leads
487,487,487,201504220MEM,17.6,6.9,3rd quarter,5:24.0,Marc Gasol,MEM,True,2-pointer,7,66-51,'POR',leads
488,488,488,201504220MEM,10.4,17.6,3rd quarter,4:40.0,Marc Gasol,MEM,False,2-pointer,20,66-53,'POR',leads
505,505,505,201504220MEM,22.5,11.0,4th quarter,6:06.0,Marc Gasol,MEM,True,2-pointer,8,86-73,'POR',leads
508,508,508,201504220MEM,12.4,15.4,4th quarter,4:04.0,Marc Gasol,MEM,False,2-pointer,17,90-78,'POR',leads
492,492,492,201504250POR,15.0,22.7,1st quarter,10:03.0,Marc Gasol,MEM,False,2-pointer,22,4-0,'POR',leads
499,499,499,201504250POR,19.9,23.0,1st quarter,6:33.0,Marc Gasol,MEM,False,2-pointer,20,11-5,'POR',leads
507,507,507,201504250POR,10.2,5.0,1st quarter,2:34.0,Marc Gasol,MEM,True,2-pointer,14,22-11,'POR',leads
508,508,508,201504250POR,37.5,15.6,1st quarter,1:10.0,Marc Gasol,MEM,False,2-pointer,18,22-14,'POR',leads
509,509,509,201504250POR,14.8,17.9,1st quarter,0:44.0,Marc Gasol,MEM,False,2-pointer,18,22-17,'POR',leads
524,524,524,201504250POR,17.5,7.2,2nd quarter,4:07.0,Marc Gasol,MEM,True,2-pointer,8,50-40,'POR',leads
526,526,526,201504250POR,29.3,8.6,2nd quarter,2:57.0,Marc Gasol,MEM,True,2-pointer,8,52-44,'POR',leads
540,540,540,201504250POR,11.0,10.8,3rd quarter,5:00.0,Marc Gasol,MEM,True,2-pointer,15,74-60,'POR',leads
541,541,541,201504250POR,10.1,18.4,3rd quarter,4:16.0,Marc Gasol,MEM,False,2-pointer,21,74-62,'POR',leads
544,544,544,201504250POR,7.6,5.6,3rd quarter,1:49.0,Marc Gasol,MEM,False,2-pointer,17,82-69,'POR',leads
554,554,554,201504250POR,11.7,4.7,4th quarter,8:55.0,Marc Gasol,MEM,False,2-pointer,12,89-79,'POR',leads
555,555,555,201504250POR,13.7,14.5,4th quarter,7:39.0,Marc Gasol,MEM,False,2-pointer,15,90-79,'POR',leads
557,557,557,201504250POR,24.7,7.8,4th quarter,6:58.0,Marc Gasol,MEM,False,2-pointer,5,90-82,'POR',leads
559,559,559,201504250POR,23.2,9.9,4th quarter,6:03.0,Marc Gasol,MEM,True,2-pointer,7,92-82,'POR',leads
560,560,560,201504250POR,19.2,22.7,4th quarter,5:31.0,Marc Gasol,MEM,True,2-pointer,20,94-82,'POR',leads
562,562,562,201504250POR,36.2,5.2,4th quarter,4:18.0,Marc Gasol,MEM,False,2-pointer,12,94-84,'POR',leads
564,564,564,201504250POR,26.3,1.9,4th quarter,2:31.0,Marc Gasol,MEM,False,2-pointer,3,94-88,'POR',leads
368,368,368,201504270POR,32.9,9.3,1st quarter,9:05.0,Marc Gasol,MEM,False,2-pointer,11,6-2,'POR',leads
371,371,371,201504270POR,26.8,22.8,1st quarter,6:49.0,Marc Gasol,MEM,True,2-pointer,20,12-4,'POR',leads
375,375,375,201504270POR,16.7,7.5,1st quarter,4:45.0,Marc Gasol,MEM,True,2-pointer,9,14-8,'POR',leads
376,376,376,201504270POR,24.9,16.1,1st quarter,3:31.0,Marc Gasol,MEM,False,2-pointer,13,14-12,'POR',leads
397,397,397,201504270POR,28.2,14.6,2nd quarter,2:03.0,Marc Gasol,MEM,False,2-pointer,12,40-47,'POR',trails
403,403,403,201504270POR,24.0,3.1,3rd quarter,11:28.0,Marc Gasol,MEM,True,2-pointer,0,50-55,'POR',trails
404,404,404,201504270POR,21.7,23.0,3rd quarter,11:00.0,Marc Gasol,MEM,False,2-pointer,20,50-55,'POR',trails
413,413,413,201504270POR,9.0,5.5,3rd quarter,4:59.0,Marc Gasol,MEM,False,2-pointer,15,64-59,'POR',leads
417,417,417,201504270POR,40.6,12.3,3rd quarter,3:11.0,Marc Gasol,MEM,False,2-pointer,19,69-62,'POR',leads
420,420,420,201504270POR,16.4,18.3,3rd quarter,1:24.0,Marc Gasol,MEM,True,2-pointer,17,73-68,'POR',leads
427,427,427,201504270POR,20.6,3.7,4th quarter,9:31.0,Marc Gasol,MEM,False,2-pointer,3,77-70,'POR',leads
433,433,433,201504270POR,25.8,3.0,4th quarter,6:10.0,Marc Gasol,MEM,True,2-pointer,2,82-76,'POR',leads
437,437,437,201504270POR,21.9,7.1,4th quarter,3:27.0,Marc Gasol,MEM,True,2-pointer,5,84-82,'POR',leads
438,438,438,201504270POR,13.1,16.2,4th quarter,2:44.0,Marc Gasol,MEM,False,2-pointer,17,84-82,'POR',leads
443,443,443,201504270POR,24.0,3.1,4th quarter,0:09.0,Marc Gasol,MEM,True,2-pointer,0,92-94,'POR',trails
252,252,252,201504290MEM,15.0,8.3,1st quarter,4:53.0,Marc Gasol,MEM,True,2-pointer,10,18-8,'POR',leads
259,259,259,201504290MEM,29.0,6.4,1st quarter,2:30.0,Marc Gasol,MEM,True,2-pointer,6,20-15,'POR',leads
262,262,262,201504290MEM,30.2,7.7,1st quarter,0:51.0,Marc Gasol,MEM,False,2-pointer,8,20-18,'POR',leads
281,281,281,201504290MEM,28.0,24.1,2nd quarter,4:19.0,Marc Gasol,MEM,False,2-pointer,21,34-33,'POR',leads
285,285,285,201504290MEM,17.2,6.3,2nd quarter,2:49.0,Marc Gasol,MEM,True,2-pointer,8,38-35,'POR',leads
290,290,290,201504290MEM,11.0,18.9,3rd quarter,11:22.0,Marc Gasol,MEM,True,2-pointer,21,48-39,'POR',leads
291,291,291,201504290MEM,25.0,3.4,3rd quarter,10:13.0,Marc Gasol,MEM,True,2-pointer,1,52-39,'POR',leads
292,292,292,201504290MEM,24.0,3.1,3rd quarter,9:29.0,Marc Gasol,MEM,True,2-pointer,0,54-41,'POR',leads
293,293,293,201504290MEM,17.8,7.5,3rd quarter,8:40.0,Marc Gasol,MEM,False,2-pointer,8,54-46,'POR',leads
297,297,297,201504290MEM,11.3,19.4,3rd quarter,6:54.0,Marc Gasol,MEM,False,2-pointer,21,58-51,'POR',leads
305,305,305,201504290MEM,25.2,21.3,3rd quarter,2:56.0,Marc Gasol,MEM,True,2-pointer,18,62-61,'POR',leads
308,308,308,201504290MEM,26.8,15.6,3rd quarter,0:25.0,Marc Gasol,MEM,True,2-pointer,13,68-64,'POR',leads
309,309,309,201504290MEM,26.0,7.5,4th quarter,11:40.0,Marc Gasol,MEM,True,2-pointer,5,70-66,'POR',leads
310,310,310,201504290MEM,10.2,15.7,4th quarter,10:53.0,Marc Gasol,MEM,False,2-pointer,19,70-68,'POR',leads
324,324,324,201504290MEM,28.3,20.3,4th quarter,4:30.0,Marc Gasol,MEM,False,2-pointer,18,80-75,'POR',leads
192,192,192,201505030GSW,25.2,10.7,1st quarter,8:33.0,Marc Gasol,MEM,True,2-pointer,8,7-10,'GSW',trails
194,194,194,201505030GSW,13.4,15.6,1st quarter,7:44.0,Marc Gasol,MEM,False,2-pointer,16,9-10,'GSW',trails
204,204,204,201505030GSW,24.0,13.7,1st quarter,3:00.0,Marc Gasol,MEM,True,2-pointer,11,20-27,'GSW',trails
225,225,225,201505030GSW,23.6,21.9,2nd quarter,0:59.0,Marc Gasol,MEM,True,2-pointer,19,51-58,'GSW',trails
227,227,227,201505030GSW,20.3,14.9,3rd quarter,11:18.0,Marc Gasol,MEM,True,2-pointer,12,54-63,'GSW',trails
232,232,232,201505030GSW,24.1,13.8,3rd quarter,6:58.0,Marc Gasol,MEM,False,2-pointer,11,56-72,'GSW',trails
244,244,244,201505030GSW,23.3,12.3,4th quarter,10:22.0,Marc Gasol,MEM,False,2-pointer,9,69-86,'GSW',trails
246,246,246,201505030GSW,19.4,13.5,4th quarter,9:50.0,Marc Gasol,MEM,True,2-pointer,11,71-88,'GSW',trails
257,257,257,201505030GSW,25.3,10.5,4th quarter,2:15.0,Marc Gasol,MEM,False,2-pointer,8,83-101,'GSW',trails
259,259,259,201505030GSW,4.2,17.8,4th quarter,1:03.0,Marc Gasol,MEM,False,3-pointer,25,83-101,'GSW',trails
168,168,168,201505050GSW,23.6,20.8,1st quarter,10:55.0,Marc Gasol,MEM,False,2-pointer,18,2-0,'GSW',leads
192,192,192,201505050GSW,23.6,4.5,2nd quarter,10:28.0,Marc Gasol,MEM,True,2-pointer,2,30-25,'GSW',leads
194,194,194,201505050GSW,24.0,13.5,2nd quarter,9:19.0,Marc Gasol,MEM,True,2-pointer,11,32-28,'GSW',leads
207,207,207,201505050GSW,10.2,4.7,2nd quarter,1:15.0,Marc Gasol,MEM,True,2-pointer,14,43-39,'GSW',leads
214,214,214,201505050GSW,23.6,19.0,3rd quarter,9:11.0,Marc Gasol,MEM,True,2-pointer,16,55-45,'GSW',leads
216,216,216,201505050GSW,23.3,14.9,3rd quarter,8:03.0,Marc Gasol,MEM,True,2-pointer,12,59-45,'GSW',leads
222,222,222,201505050GSW,30.7,7.4,3rd quarter,3:15.0,Marc Gasol,MEM,False,2-pointer,8,67-57,'GSW',leads
243,243,243,201505050GSW,19.7,8.5,4th quarter,5:00.0,Marc Gasol,MEM,False,2-pointer,7,87-76,'GSW',leads
246,246,246,201505050GSW,22.7,21.6,4th quarter,2:53.0,Marc Gasol,MEM,False,2-pointer,19,87-80,'GSW',leads
248,248,248,201505050GSW,30.1,15.3,4th quarter,1:38.0,Marc Gasol,MEM,False,2-pointer,14,90-82,'GSW',leads
79,79,79,201505090MEM,23.3,14.6,1st quarter,9:33.0,Marc Gasol,MEM,False,2-pointer,12,4-4,'MEM',tied
81,81,81,201505090MEM,24.6,11.0,1st quarter,7:43.0,Marc Gasol,MEM,False,2-pointer,8,8-7,'MEM',leads
89,89,89,201505090MEM,23.0,3.4,1st quarter,3:26.0,Marc Gasol,MEM,True,2-pointer,1,17-17,'MEM',tied
100,100,100,201505090MEM,25.3,6.0,2nd quarter,9:47.0,Marc Gasol,MEM,True,2-pointer,3,29-20,'MEM',leads
104,104,104,201505090MEM,20.0,4.1,2nd quarter,8:34.0,Marc Gasol,MEM,True,2-pointer,4,33-24,'MEM',leads
105,105,105,201505090MEM,33.1,19.0,2nd quarter,8:11.0,Marc Gasol,MEM,False,2-pointer,18,33-24,'MEM',leads
110,110,110,201505090MEM,26.1,3.4,2nd quarter,5:39.0,Marc Gasol,MEM,True,2-pointer,2,42-28,'MEM',leads
115,115,115,201505090MEM,26.9,3.0,2nd quarter,3:18.0,Marc Gasol,MEM,True,2-pointer,3,51-35,'MEM',leads
117,117,117,201505090MEM,17.6,20.0,2nd quarter,2:16.0,Marc Gasol,MEM,False,2-pointer,18,51-37,'MEM',leads
121,121,121,201505090MEM,25.1,3.6,3rd quarter,10:02.0,Marc Gasol,MEM,False,2-pointer,1,58-44,'MEM',leads
128,128,128,201505090MEM,18.9,19.0,3rd quarter,6:37.0,Marc Gasol,MEM,False,2-pointer,17,62-54,'MEM',leads
129,129,129,201505090MEM,22.4,3.4,3rd quarter,4:09.0,Marc Gasol,MEM,False,2-pointer,2,65-56,'MEM',leads
130,130,130,201505090MEM,21.7,2.7,3rd quarter,4:07.0,Marc Gasol,MEM,False,2-pointer,2,65-56,'MEM',leads
145,145,145,201505090MEM,17.3,9.7,4th quarter,7:03.0,Marc Gasol,MEM,False,2-pointer,9,85-71,'MEM',leads
147,147,147,201505090MEM,24.1,11.6,4th quarter,5:14.0,Marc Gasol,MEM,False,2-pointer,9,86-76,'MEM',leads
149,149,149,201505090MEM,25.0,2.8,4th quarter,4:06.0,Marc Gasol,MEM,False,2-pointer,1,88-79,'MEM',leads
151,151,151,201505090MEM,14.3,24.1,4th quarter,2:06.0,Marc Gasol,MEM,True,2-pointer,23,93-85,'MEM',leads
80,80,80,201505110MEM,26.9,10.4,1st quarter,11:18.0,Marc Gasol,MEM,False,2-pointer,8,0-0,'MEM',tied
82,82,82,201505110MEM,24.0,3.1,1st quarter,9:54.0,Marc Gasol,MEM,True,2-pointer,0,4-5,'MEM',trails
87,87,87,201505110MEM,8.0,7.2,1st quarter,8:07.0,Marc Gasol,MEM,False,2-pointer,17,6-7,'MEM',trails
93,93,93,201505110MEM,26.4,7.5,1st quarter,4:29.0,Marc Gasol,MEM,True,2-pointer,5,13-14,'MEM',trails
95,95,95,201505110MEM,13.4,15.4,1st quarter,3:01.0,Marc Gasol,MEM,False,2-pointer,16,16-18,'MEM',trails
102,102,102,201505110MEM,16.9,5.2,2nd quarter,11:43.0,Marc Gasol,MEM,False,2-pointer,7,20-28,'MEM',trails
109,109,109,201505110MEM,23.8,4.4,2nd quarter,8:08.0,Marc Gasol,MEM,True,2-pointer,1,32-38,'MEM',trails
110,110,110,201505110MEM,19.4,11.3,2nd quarter,7:32.0,Marc Gasol,MEM,False,2-pointer,9,32-41,'MEM',trails
111,111,111,201505110MEM,21.6,3.3,2nd quarter,6:13.0,Marc Gasol,MEM,False,2-pointer,2,33-43,'MEM',trails
114,114,114,201505110MEM,24.2,4.5,2nd quarter,4:51.0,Marc Gasol,MEM,False,2-pointer,2,33-47,'MEM',trails
115,115,115,201505110MEM,24.2,4.5,2nd quarter,4:50.0,Marc Gasol,MEM,True,2-pointer,2,35-47,'MEM',trails
116,116,116,201505110MEM,22.5,3.6,2nd quarter,4:26.0,Marc Gasol,MEM,True,2-pointer,2,37-47,'MEM',trails
121,121,121,201505110MEM,26.1,4.1,2nd quarter,3:31.0,Marc Gasol,MEM,False,2-pointer,2,37-50,'MEM',trails
126,126,126,201505110MEM,23.5,4.2,2nd quarter,0:56.0,Marc Gasol,MEM,False,2-pointer,1,44-59,'MEM',trails
137,137,137,201505110MEM,20.3,4.2,3rd quarter,6:25.0,Marc Gasol,MEM,False,2-pointer,4,49-68,'MEM',trails
146,146,146,201505110MEM,24.9,3.3,3rd quarter,2:00.0,Marc Gasol,MEM,True,2-pointer,1,58-77,'MEM',trails
148,148,148,201505110MEM,24.0,3.1,3rd quarter,0:39.0,Marc Gasol,MEM,True,2-pointer,0,61-79,'MEM',trails
160,160,160,201505110MEM,23.3,5.0,4th quarter,4:43.0,Marc Gasol,MEM,False,2-pointer,2,75-95,'MEM',trails
162,162,162,201505110MEM,26.6,2.5,4th quarter,3:26.0,Marc Gasol,MEM,False,2-pointer,3,77-97,'MEM',trails
171,171,171,201505130GSW,20.0,14.0,1st quarter,11:00.0,Marc Gasol,MEM,False,2-pointer,12,2-0,'GSW',leads
172,172,172,201505130GSW,16.9,12.4,1st quarter,10:25.0,Marc Gasol,MEM,False,2-pointer,12,2-0,'GSW',leads
174,174,174,201505130GSW,27.2,9.6,1st quarter,9:31.0,Marc Gasol,MEM,False,2-pointer,7,4-2,'GSW',leads
178,178,178,201505130GSW,24.2,8.3,1st quarter,7:45.0,Marc Gasol,MEM,True,2-pointer,5,13-4,'GSW',leads
180,180,180,201505130GSW,32.8,20.2,1st quarter,6:47.0,Marc Gasol,MEM,True,2-pointer,19,15-7,'GSW',leads
185,185,185,201505130GSW,16.9,15.1,1st quarter,3:26.0,Marc Gasol,MEM,True,2-pointer,14,23-10,'GSW',leads
197,197,197,201505130GSW,9.8,6.4,2nd quarter,8:21.0,Marc Gasol,MEM,False,2-pointer,15,31-34,'GSW',trails
202,202,202,201505130GSW,33.2,5.0,2nd quarter,6:01.0,Marc Gasol,MEM,False,2-pointer,9,35-38,'GSW',trails
205,205,205,201505130GSW,22.4,6.4,2nd quarter,4:59.0,Marc Gasol,MEM,False,2-pointer,4,37-41,'GSW',trails
206,206,206,201505130GSW,22.4,6.4,2nd quarter,4:58.0,Marc Gasol,MEM,False,2-pointer,4,37-41,'GSW',trails
208,208,208,201505130GSW,30.4,14.6,2nd quarter,3:12.0,Marc Gasol,MEM,False,2-pointer,13,37-46,'GSW',trails
219,219,219,201505130GSW,12.6,16.8,3rd quarter,8:57.0,Marc Gasol,MEM,False,2-pointer,18,45-53,'GSW',trails
220,220,220,201505130GSW,16.9,5.5,3rd quarter,8:02.0,Marc Gasol,MEM,False,2-pointer,8,47-55,'GSW',trails
221,221,221,201505130GSW,21.4,22.0,3rd quarter,7:27.0,Marc Gasol,MEM,True,2-pointer,19,49-58,'GSW',trails
222,222,222,201505130GSW,30.5,9.3,3rd quarter,6:28.0,Marc Gasol,MEM,True,2-pointer,9,51-60,'GSW',trails
223,223,223,201505130GSW,25.3,19.7,3rd quarter,5:09.0,Marc Gasol,MEM,False,2-pointer,17,51-63,'GSW',trails
224,224,224,201505130GSW,24.0,3.1,3rd quarter,4:56.0,Marc Gasol,MEM,True,2-pointer,0,53-63,'GSW',trails
227,227,227,201505130GSW,23.5,9.7,3rd quarter,3:32.0,Marc Gasol,MEM,False,2-pointer,7,55-68,'GSW',trails
228,228,228,201505130GSW,37.3,18.7,3rd quarter,3:00.0,Marc Gasol,MEM,False,2-pointer,21,55-70,'GSW',trails
241,241,241,201505130GSW,24.7,13.4,4th quarter,7:36.0,Marc Gasol,MEM,True,2-pointer,10,68-84,'GSW',trails
243,243,243,201505130GSW,14.7,5.3,4th quarter,5:28.0,Marc Gasol,MEM,True,2-pointer,10,70-92,'GSW',trails
245,245,245,201505130GSW,26.4,8.2,4th quarter,3:15.0,Marc Gasol,MEM,False,2-pointer,6,74-94,'GSW',trails
91,91,91,201505150MEM,24.0,3.1,1st quarter,5:26.0,Marc Gasol,MEM,False,2-pointer,0,10-22,'MEM',trails
92,92,92,201505150MEM,32.6,20.3,1st quarter,5:13.0,Marc Gasol,MEM,False,2-pointer,19,10-22,'MEM',trails
93,93,93,201505150MEM,24.7,9.0,1st quarter,4:46.0,Marc Gasol,MEM,True,2-pointer,6,12-25,'MEM',trails
94,94,94,201505150MEM,25.0,3.0,1st quarter,4:16.0,Marc Gasol,MEM,False,2-pointer,1,12-27,'MEM',trails
95,95,95,201505150MEM,24.0,3.1,1st quarter,3:55.0,Marc Gasol,MEM,True,2-pointer,0,14-27,'MEM',trails
100,100,100,201505150MEM,24.7,11.0,1st quarter,1:27.0,Marc Gasol,MEM,False,2-pointer,8,17-32,'MEM',trails
101,101,101,201505150MEM,24.0,3.6,1st quarter,1:25.0,Marc Gasol,MEM,False,2-pointer,1,17-32,'MEM',trails
108,108,108,201505150MEM,30.1,3.9,2nd quarter,10:03.0,Marc Gasol,MEM,True,2-pointer,6,25-34,'MEM',trails
121,121,121,201505150MEM,30.4,9.6,2nd quarter,2:53.0,Marc Gasol,MEM,False,2-pointer,9,39-52,'MEM',trails
122,122,122,201505150MEM,20.8,7.2,2nd quarter,2:13.0,Marc Gasol,MEM,True,2-pointer,5,43-54,'MEM',trails
123,123,123,201505150MEM,11.5,10.8,2nd quarter,1:47.0,Marc Gasol,MEM,False,2-pointer,15,43-54,'MEM',trails
124,124,124,201505150MEM,24.4,3.0,2nd quarter,1:28.0,Marc Gasol,MEM,True,2-pointer,0,45-55,'MEM',trails
127,127,127,201505150MEM,24.7,17.9,3rd quarter,11:52.0,Marc Gasol,MEM,True,2-pointer,15,51-58,'MEM',trails
128,128,128,201505150MEM,18.1,6.9,3rd quarter,11:11.0,Marc Gasol,MEM,True,2-pointer,7,53-58,'MEM',trails
129,129,129,201505150MEM,19.4,14.2,3rd quarter,10:34.0,Marc Gasol,MEM,False,2-pointer,12,53-58,'MEM',trails
130,130,130,201505150MEM,10.1,14.5,3rd quarter,9:57.0,Marc Gasol,MEM,False,2-pointer,18,53-61,'MEM',trails
143,143,143,201505150MEM,26.0,10.4,3rd quarter,2:13.0,Marc Gasol,MEM,False,2-pointer,8,64-68,'MEM',trails
146,146,146,201505150MEM,25.3,20.2,3rd quarter,0:42.0,Marc Gasol,MEM,False,2-pointer,17,66-73,'MEM',trails
149,149,149,201505150MEM,15.1,14.3,4th quarter,11:10.0,Marc Gasol,MEM,False,2-pointer,14,68-78,'MEM',trails
155,155,155,201505150MEM,19.9,4.2,4th quarter,8:17.0,Marc Gasol,MEM,False,2-pointer,4,72-87,'MEM',trails
157,157,157,201505150MEM,24.1,14.5,4th quarter,7:24.0,Marc Gasol,MEM,False,2-pointer,12,74-88,'MEM',trails
158,158,158,201505150MEM,21.1,6.9,4th quarter,7:21.0,Marc Gasol,MEM,False,2-pointer,5,74-88,'MEM',trails
165,165,165,201505150MEM,10.4,17.9,4th quarter,2:53.0,Marc Gasol,MEM,False,2-pointer,20,89-100,'MEM',trails
913,913,913,201510280MEM,27.2,6.6,1st quarter,11:06.0,Marc Gasol,MEM,False,2-pointer,4,0-0,'MEM',tied
917,917,917,201510280MEM,31.1,8.6,1st quarter,8:27.0,Marc Gasol,MEM,False,2-pointer,9,6-5,'MEM',leads
923,923,923,201510280MEM,35.7,19.5,1st quarter,5:39.0,Marc Gasol,MEM,True,2-pointer,20,8-15,'MEM',trails
926,926,926,201510280MEM,14.3,10.0,1st quarter,3:48.0,Marc Gasol,MEM,False,2-pointer,11,8-18,'MEM',trails
947,947,947,201510280MEM,24.6,22.8,2nd quarter,5:29.0,Marc Gasol,MEM,False,2-pointer,19,20-43,'MEM',trails
949,949,949,201510280MEM,17.0,10.0,2nd quarter,4:23.0,Marc Gasol,MEM,True,2-pointer,9,24-46,'MEM',trails
950,950,950,201510280MEM,24.6,3.8,2nd quarter,3:39.0,Marc Gasol,MEM,True,2-pointer,1,26-48,'MEM',trails
954,954,954,201510280MEM,30.3,14.0,2nd quarter,0:33.0,Marc Gasol,MEM,True,2-pointer,12,32-53,'MEM',trails
956,956,956,201510280MEM,26.7,14.1,3rd quarter,11:15.0,Marc Gasol,MEM,False,2-pointer,11,32-53,'MEM',trails
957,957,957,201510280MEM,23.1,3.2,3rd quarter,9:35.0,Marc Gasol,MEM,True,2-pointer,0,34-58,'MEM',trails
961,961,961,201510280MEM,9.8,13.6,3rd quarter,7:20.0,Marc Gasol,MEM,False,2-pointer,17,40-60,'MEM',trails
962,962,962,201510280MEM,24.1,21.8,3rd quarter,6:47.0,Marc Gasol,MEM,True,2-pointer,18,42-60,'MEM',trails
6,6,6,201510290IND,33.9,15.0,1st quarter,9:10.0,Marc Gasol,MEM,False,2-pointer,15,7-2,'IND',leads
8,8,8,201510290IND,42.6,13.0,1st quarter,8:06.0,Marc Gasol,MEM,False,2-pointer,21,9-6,'IND',leads
10,10,10,201510290IND,24.0,3.1,1st quarter,7:25.0,Marc Gasol,MEM,True,2-pointer,0,13-6,'IND',leads
11,11,11,201510290IND,22.0,23.0,1st quarter,6:54.0,Marc Gasol,MEM,False,2-pointer,20,13-7,'IND',leads
17,17,17,201510290IND,23.4,8.6,1st quarter,3:15.0,Marc Gasol,MEM,False,2-pointer,5,22-10,'IND',leads
36,36,36,201510290IND,24.0,3.1,2nd quarter,2:54.0,Marc Gasol,MEM,True,2-pointer,0,44-43,'IND',leads
38,38,38,201510290IND,32.1,19.4,2nd quarter,1:43.0,Marc Gasol,MEM,True,2-pointer,18,46-45,'IND',leads
40,40,40,201510290IND,22.6,23.3,3rd quarter,11:21.0,Marc Gasol,MEM,False,2-pointer,20,50-51,'IND',trails
41,41,41,201510290IND,15.2,16.6,3rd quarter,10:25.0,Marc Gasol,MEM,False,2-pointer,16,51-55,'IND',trails
59,59,59,201510290IND,23.9,13.0,3rd quarter,1:00.0,Marc Gasol,MEM,True,2-pointer,10,71-75,'IND',trails
74,74,74,201510290IND,20.6,12.0,4th quarter,3:49.0,Marc Gasol,MEM,True,2-pointer,9,96-96,'IND',tied
76,76,76,201510290IND,22.8,3.2,4th quarter,2:47.0,Marc Gasol,MEM,True,2-pointer,1,101-96,'IND',leads
77,77,77,201510290IND,22.9,22.5,4th quarter,2:09.0,Marc Gasol,MEM,True,2-pointer,19,103-99,'IND',leads
411,411,411,201510310MEM,24.0,6.1,1st quarter,11:18.0,Marc Gasol,MEM,False,2-pointer,3,0-2,'MEM',trails
412,412,412,201510310MEM,24.2,21.8,1st quarter,10:15.0,Marc Gasol,MEM,True,2-pointer,18,4-2,'MEM',leads
422,422,422,201510310MEM,29.3,10.2,1st quarter,4:23.0,Marc Gasol,MEM,False,2-pointer,8,21-14,'MEM',leads
433,433,433,201510310MEM,19.0,3.7,2nd quarter,9:05.0,Marc Gasol,MEM,False,2-pointer,5,37-28,'MEM',leads
434,434,434,201510310MEM,24.6,23.0,2nd quarter,8:33.0,Marc Gasol,MEM,False,2-pointer,20,37-28,'MEM',leads
438,438,438,201510310MEM,17.0,5.3,2nd quarter,7:00.0,Marc Gasol,MEM,False,2-pointer,7,39-32,'MEM',leads
439,439,439,201510310MEM,0.7,1.9,2nd quarter,6:55.0,Marc Gasol,MEM,False,3-pointer,23,39-32,'MEM',leads
451,451,451,201510310MEM,25.0,2.5,3rd quarter,9:27.0,Marc Gasol,MEM,True,2-pointer,1,64-49,'MEM',leads
477,477,477,201510310MEM,24.4,3.3,4th quarter,5:24.0,Marc Gasol,MEM,False,2-pointer,0,92-78,'MEM',leads
481,481,481,201510310MEM,19.3,13.0,4th quarter,4:12.0,Marc Gasol,MEM,False,2-pointer,11,92-80,'MEM',leads
157,157,157,201511020GSW,23.8,10.5,1st quarter,9:13.0,Marc Gasol,MEM,False,2-pointer,7,4-9,'GSW',trails
160,160,160,201511020GSW,23.1,12.2,1st quarter,7:45.0,Marc Gasol,MEM,False,2-pointer,9,8-9,'GSW',trails
161,161,161,201511020GSW,22.6,4.1,1st quarter,7:01.0,Marc Gasol,MEM,True,2-pointer,1,12-11,'GSW',leads
164,164,164,201511020GSW,23.6,3.8,1st quarter,5:57.0,Marc Gasol,MEM,False,2-pointer,0,13-13,'GSW',tied
166,166,166,201511020GSW,16.7,9.1,1st quarter,4:56.0,Marc Gasol,MEM,False,2-pointer,9,13-15,'GSW',trails
169,169,169,201511020GSW,5.1,4.6,1st quarter,3:43.0,Marc Gasol,MEM,True,2-pointer,18,15-19,'GSW',trails
172,172,172,201511020GSW,27.2,12.7,1st quarter,2:02.0,Marc Gasol,MEM,True,2-pointer,10,19-19,'GSW',tied
207,207,207,201511020GSW,9.8,14.5,3rd quarter,9:17.0,Marc Gasol,MEM,True,2-pointer,18,38-59,'GSW',trails
209,209,209,201511020GSW,21.3,12.0,3rd quarter,7:58.0,Marc Gasol,MEM,False,2-pointer,9,38-67,'GSW',trails
211,211,211,201511020GSW,13.0,15.6,3rd quarter,6:05.0,Marc Gasol,MEM,True,2-pointer,16,42-75,'GSW',trails
215,215,215,201511020GSW,18.5,12.2,3rd quarter,4:36.0,Marc Gasol,MEM,False,2-pointer,10,42-81,'GSW',trails
219,219,219,201511020GSW,29.5,14.0,3rd quarter,3:05.0,Marc Gasol,MEM,False,2-pointer,12,44-84,'GSW',trails
1056,1056,1056,201511030SAC,21.0,15.6,1st quarter,7:23.0,Marc Gasol,MEM,False,2-pointer,12,9-5,'SAC',leads
1058,1058,1058,201511030SAC,9.8,14.5,1st quarter,6:12.0,Marc Gasol,MEM,True,2-pointer,18,13-9,'SAC',leads
1059,1059,1059,201511030SAC,27.2,14.5,1st quarter,5:50.0,Marc Gasol,MEM,True,2-pointer,11,15-11,'SAC',leads
1061,1061,1061,201511030SAC,14.3,8.1,1st quarter,4:50.0,Marc Gasol,MEM,False,2-pointer,10,17-13,'SAC',leads
1067,1067,1067,201511030SAC,19.7,23.8,1st quarter,2:07.0,Marc Gasol,MEM,True,2-pointer,21,23-21,'SAC',leads
1068,1068,1068,201511030SAC,25.2,11.0,1st quarter,1:39.0,Marc Gasol,MEM,True,2-pointer,8,25-21,'SAC',leads
1087,1087,1087,201511030SAC,28.5,21.8,2nd quarter,4:45.0,Marc Gasol,MEM,False,2-pointer,19,35-33,'SAC',leads
1090,1090,1090,201511030SAC,23.4,19.9,2nd quarter,2:28.0,Marc Gasol,MEM,False,2-pointer,16,40-38,'SAC',leads
666,666,666,201511050POR,13.1,21.0,1st quarter,8:07.0,Marc Gasol,MEM,False,2-pointer,21,5-6,'POR',trails
670,670,670,201511050POR,24.0,3.1,1st quarter,6:19.0,Marc Gasol,MEM,True,2-pointer,0,9-8,'POR',leads
675,675,675,201511050POR,20.3,3.7,1st quarter,3:24.0,Marc Gasol,MEM,False,2-pointer,3,15-14,'POR',leads
676,676,676,201511050POR,23.6,5.1,1st quarter,2:41.0,Marc Gasol,MEM,True,2-pointer,2,17-16,'POR',leads
694,694,694,201511050POR,11.0,14.5,2nd quarter,3:55.0,Marc Gasol,MEM,False,2-pointer,17,39-37,'POR',leads
699,699,699,201511050POR,25.5,4.8,2nd quarter,0:27.0,Marc Gasol,MEM,False,2-pointer,2,44-48,'POR',trails
704,704,704,201511050POR,16.9,13.0,3rd quarter,10:09.0,Marc Gasol,MEM,False,2-pointer,12,50-53,'POR',trails
709,709,709,201511050POR,22.4,3.3,3rd quarter,7:42.0,Marc Gasol,MEM,False,2-pointer,1,58-60,'POR',trails
710,710,710,201511050POR,22.4,3.3,3rd quarter,7:41.0,Marc Gasol,MEM,True,2-pointer,1,60-60,'POR',tied
711,711,711,201511050POR,22.6,22.8,3rd quarter,6:25.0,Marc Gasol,MEM,False,2-pointer,19,62-65,'POR',trails
712,712,712,201511050POR,11.0,6.6,3rd quarter,4:55.0,Marc Gasol,MEM,False,2-pointer,13,63-69,'POR',trails
717,717,717,201511050POR,13.4,3.7,3rd quarter,2:09.0,Marc Gasol,MEM,False,2-pointer,10,67-78,'POR',trails
732,732,732,201511050POR,22.4,3.7,4th quarter,4:11.0,Marc Gasol,MEM,True,2-pointer,1,87-109,'POR',trails
1367,1367,1367,201511070UTA,13.6,8.6,1st quarter,9:02.0,Marc Gasol,MEM,False,2-pointer,11,9-3,'UTA',leads
1371,1371,1371,201511070UTA,23.1,6.1,1st quarter,6:43.0,Marc Gasol,MEM,False,2-pointer,3,11-5,'UTA',leads
1374,1374,1374,201511070UTA,18.8,21.3,1st quarter,5:26.0,Marc Gasol,MEM,True,2-pointer,19,13-5,'UTA',leads
1375,1375,1375,201511070UTA,18.4,3.0,1st quarter,4:27.0,Marc Gasol,MEM,True,2-pointer,5,15-10,'UTA',leads
1376,1376,1376,201511070UTA,26.0,20.4,1st quarter,3:39.0,Marc Gasol,MEM,False,2-pointer,17,15-13,'UTA',leads
1385,1385,1385,201511070UTA,7.2,10.2,2nd quarter,9:02.0,Marc Gasol,MEM,False,2-pointer,18,21-27,'UTA',trails
1396,1396,1396,201511070UTA,18.8,1.9,2nd quarter,2:27.0,Marc Gasol,MEM,True,2-pointer,5,34-43,'UTA',trails
1405,1405,1405,201511070UTA,27.2,21.0,3rd quarter,10:10.0,Marc Gasol,MEM,False,2-pointer,18,38-56,'UTA',trails
1406,1406,1406,201511070UTA,26.5,8.6,3rd quarter,9:45.0,Marc Gasol,MEM,False,2-pointer,6,38-56,'UTA',trails
1408,1408,1408,201511070UTA,22.8,10.5,3rd quarter,8:37.0,Marc Gasol,MEM,True,2-pointer,7,40-56,'UTA',trails
1442,1442,1442,201511070UTA,23.4,3.7,4th quarter,4:03.0,Marc Gasol,MEM,False,2-pointer,0,70-80,'UTA',trails
1443,1443,1443,201511070UTA,23.1,3.2,4th quarter,3:59.0,Marc Gasol,MEM,False,2-pointer,0,70-80,'UTA',trails
1448,1448,1448,201511070UTA,27.7,4.6,4th quarter,0:49.0,Marc Gasol,MEM,False,2-pointer,4,79-85,'UTA',trails
1451,1451,1451,201511070UTA,23.4,6.6,4th quarter,0:16.0,Marc Gasol,MEM,False,2-pointer,3,79-87,'UTA',trails
684,684,684,201511090LAC,11.0,9.1,1st quarter,1:36.0,Marc Gasol,MEM,False,2-pointer,14,24-21,'MEM',leads
696,696,696,201511090LAC,10.7,7.7,2nd quarter,7:21.0,Marc Gasol,MEM,False,2-pointer,14,28-31,'MEM',trails
697,697,697,201511090LAC,23.3,22.8,2nd quarter,6:54.0,Marc Gasol,MEM,True,2-pointer,19,30-34,'MEM',trails
704,704,704,201511090LAC,23.6,14.0,2nd quarter,1:17.0,Marc Gasol,MEM,False,2-pointer,11,44-44,'MEM',tied
711,711,711,201511090LAC,13.6,18.1,3rd quarter,10:24.0,Marc Gasol,MEM,True,2-pointer,18,52-46,'MEM',leads
717,717,717,201511090LAC,16.2,8.6,3rd quarter,7:28.0,Marc Gasol,MEM,True,2-pointer,9,54-53,'MEM',leads
719,719,719,201511090LAC,23.9,9.1,3rd quarter,6:12.0,Marc Gasol,MEM,True,2-pointer,6,58-55,'MEM',leads
732,732,732,201511090LAC,24.0,3.1,4th quarter,8:08.0,Marc Gasol,MEM,True,2-pointer,0,74-76,'MEM',trails
1087,1087,1087,201511110MEM,24.1,10.0,1st quarter,8:16.0,Marc Gasol,MEM,True,2-pointer,7,9-9,'MEM',tied
1099,1099,1099,201511110MEM,23.1,15.9,1st quarter,1:33.0,Marc Gasol,MEM,False,2-pointer,12,13-21,'MEM',trails
1100,1100,1100,201511110MEM,37.7,15.0,1st quarter,0:48.0,Marc Gasol,MEM,False,2-pointer,18,13-24,'MEM',trails
1108,1108,1108,201511110MEM,29.8,5.8,2nd quarter,8:42.0,Marc Gasol,MEM,True,2-pointer,6,21-34,'MEM',trails
1109,1109,1109,201511110MEM,20.8,8.1,2nd quarter,8:11.0,Marc Gasol,MEM,True,2-pointer,6,23-35,'MEM',trails
1112,1112,1112,201511110MEM,23.6,3.2,2nd quarter,6:15.0,Marc Gasol,MEM,False,2-pointer,0,26-39,'MEM',trails
1121,1121,1121,201511110MEM,28.5,11.0,2nd quarter,1:39.0,Marc Gasol,MEM,False,2-pointer,9,39-45,'MEM',trails
1122,1122,1122,201511110MEM,19.0,15.4,2nd quarter,1:28.0,Marc Gasol,MEM,False,2-pointer,13,39-45,'MEM',trails
1126,1126,1126,201511110MEM,26.8,10.5,3rd quarter,9:57.0,Marc Gasol,MEM,False,2-pointer,8,41-49,'MEM',trails
1127,1127,1127,201511110MEM,23.2,9.5,3rd quarter,9:54.0,Marc Gasol,MEM,False,2-pointer,6,41-49,'MEM',trails
1133,1133,1133,201511110MEM,14.6,3.3,3rd quarter,6:20.0,Marc Gasol,MEM,False,2-pointer,9,49-54,'MEM',trails
1140,1140,1140,201511110MEM,10.7,14.6,4th quarter,9:31.0,Marc Gasol,MEM,True,2-pointer,17,67-76,'MEM',trails
1142,1142,1142,201511110MEM,24.9,18.4,4th quarter,8:17.0,Marc Gasol,MEM,True,2-pointer,15,71-78,'MEM',trails
1145,1145,1145,201511110MEM,19.0,14.6,4th quarter,6:37.0,Marc Gasol,MEM,False,2-pointer,12,71-83,'MEM',trails
1152,1152,1152,201511110MEM,23.6,27.7,4th quarter,0:32.0,Marc Gasol,MEM,True,3-pointer,24,84-100,'MEM',trails
932,932,932,201511130MEM,6.6,4.6,1st quarter,7:25.0,Marc Gasol,MEM,True,2-pointer,17,8-10,'POR',trails
934,934,934,201511130MEM,26.4,6.1,1st quarter,6:10.0,Marc Gasol,MEM,False,2-pointer,3,8-12,'POR',trails
942,942,942,201511130MEM,21.3,2.5,1st quarter,1:10.0,Marc Gasol,MEM,True,2-pointer,2,20-22,'POR',trails
943,943,943,201511130MEM,24.0,3.1,1st quarter,0:42.0,Marc Gasol,MEM,False,2-pointer,0,20-24,'POR',trails
953,953,953,201511130MEM,23.6,6.6,2nd quarter,6:15.0,Marc Gasol,MEM,True,2-pointer,3,36-36,'POR',tied
954,954,954,201511130MEM,9.7,4.6,2nd quarter,5:44.0,Marc Gasol,MEM,False,2-pointer,14,36-36,'POR',tied
959,959,959,201511130MEM,22.0,2.5,2nd quarter,3:01.0,Marc Gasol,MEM,True,2-pointer,2,42-44,'POR',trails
965,965,965,201511130MEM,30.1,15.9,3rd quarter,11:41.0,Marc Gasol,MEM,True,2-pointer,14,55-52,'POR',leads
966,966,966,201511130MEM,10.2,14.5,3rd quarter,10:56.0,Marc Gasol,MEM,True,2-pointer,17,57-55,'POR',leads
967,967,967,201511130MEM,5.4,12.5,3rd quarter,10:25.0,Marc Gasol,MEM,False,2-pointer,20,57-55,'POR',leads
972,972,972,201511130MEM,24.9,4.3,3rd quarter,7:23.0,Marc Gasol,MEM,False,2-pointer,1,62-55,'POR',leads
973,973,973,201511130MEM,24.9,4.3,3rd quarter,7:22.0,Marc Gasol,MEM,True,2-pointer,1,64-55,'POR',leads
976,976,976,201511130MEM,5.0,23.7,3rd quarter,6:19.0,Marc Gasol,MEM,True,3-pointer,28,69-55,'POR',leads
979,979,979,201511130MEM,27.0,6.6,3rd quarter,4:31.0,Marc Gasol,MEM,True,2-pointer,4,71-59,'POR',leads
988,988,988,201511130MEM,13.1,6.8,4th quarter,11:18.0,Marc Gasol,MEM,False,2-pointer,11,79-70,'POR',leads
991,991,991,201511130MEM,15.2,3.2,4th quarter,9:53.0,Marc Gasol,MEM,True,2-pointer,8,81-70,'POR',leads
996,996,996,201511130MEM,17.2,20.4,4th quarter,6:16.0,Marc Gasol,MEM,True,2-pointer,18,87-77,'POR',leads
1003,1003,1003,201511130MEM,18.4,10.5,4th quarter,1:15.0,Marc Gasol,MEM,False,2-pointer,9,96-93,'POR',leads
496,496,496,201511150MIN,16.7,21.8,1st quarter,9:52.0,Marc Gasol,MEM,True,2-pointer,20,4-2,'MIN',leads
523,523,523,201511150MIN,22.6,15.4,2nd quarter,2:31.0,Marc Gasol,MEM,True,2-pointer,12,49-43,'MIN',leads
524,524,524,201511150MIN,22.1,6.3,2nd quarter,1:51.0,Marc Gasol,MEM,False,2-pointer,3,49-45,'MIN',leads
530,530,530,201511150MIN,35.5,7.1,3rd quarter,10:40.0,Marc Gasol,MEM,False,2-pointer,12,57-53,'MIN',leads
537,537,537,201511150MIN,29.0,7.3,3rd quarter,5:21.0,Marc Gasol,MEM,True,2-pointer,6,67-69,'MIN',trails
538,538,538,201511150MIN,13.1,20.5,3rd quarter,4:46.0,Marc Gasol,MEM,True,2-pointer,20,69-69,'MIN',tied
539,539,539,201511150MIN,25.0,7.7,3rd quarter,3:59.0,Marc Gasol,MEM,False,2-pointer,4,69-71,'MIN',trails
543,543,543,201511150MIN,26.5,3.2,3rd quarter,1:24.0,Marc Gasol,MEM,True,2-pointer,2,76-77,'MIN',trails
555,555,555,201511150MIN,18.8,22.0,4th quarter,6:19.0,Marc Gasol,MEM,True,2-pointer,19,89-85,'MIN',leads
562,562,562,201511150MIN,18.5,14.0,4th quarter,2:46.0,Marc Gasol,MEM,True,2-pointer,12,96-93,'MIN',leads
432,432,432,201511160MEM,30.6,10.0,1st quarter,9:22.0,Marc Gasol,MEM,True,2-pointer,9,6-6,'OKC',tied
434,434,434,201511160MEM,23.6,3.2,1st quarter,8:43.0,Marc Gasol,MEM,True,2-pointer,0,8-8,'OKC',tied
435,435,435,201511160MEM,24.0,18.9,1st quarter,8:12.0,Marc Gasol,MEM,False,2-pointer,15,8-8,'OKC',tied
438,438,438,201511160MEM,29.6,9.5,1st quarter,6:28.0,Marc Gasol,MEM,False,2-pointer,8,10-10,'OKC',tied
442,442,442,201511160MEM,20.2,9.5,1st quarter,4:27.0,Marc Gasol,MEM,True,2-pointer,7,15-12,'OKC',leads
444,444,444,201511160MEM,21.8,6.1,1st quarter,1:28.0,Marc Gasol,MEM,False,2-pointer,3,17-21,'OKC',trails
463,463,463,201511160MEM,24.4,14.5,2nd quarter,2:53.0,Marc Gasol,MEM,True,2-pointer,11,53-44,'OKC',leads
494,494,494,201511160MEM,25.0,12.5,3rd quarter,1:01.0,Marc Gasol,MEM,False,2-pointer,9,76-75,'OKC',leads
498,498,498,201511160MEM,22.9,5.1,4th quarter,11:19.0,Marc Gasol,MEM,True,2-pointer,2,81-80,'OKC',leads
505,505,505,201511160MEM,14.8,7.1,4th quarter,5:49.0,Marc Gasol,MEM,True,2-pointer,10,100-91,'OKC',leads
506,506,506,201511160MEM,37.0,19.4,4th quarter,4:46.0,Marc Gasol,MEM,True,2-pointer,20,102-95,'OKC',leads
508,508,508,201511160MEM,24.2,23.8,4th quarter,3:40.0,Marc Gasol,MEM,False,2-pointer,20,104-95,'OKC',leads
510,510,510,201511160MEM,9.7,18.4,4th quarter,1:45.0,Marc Gasol,MEM,False,2-pointer,21,108-103,'OKC',leads
1063,1063,1063,201511200MEM,34.5,12.5,1st quarter,11:09.0,Marc Gasol,MEM,True,2-pointer,14,2-3,'HOU',trails
1066,1066,1066,201511200MEM,21.6,23.8,1st quarter,9:37.0,Marc Gasol,MEM,False,2-pointer,20,2-7,'HOU',trails
1077,1077,1077,201511200MEM,28.0,6.3,1st quarter,4:14.0,Marc Gasol,MEM,False,2-pointer,5,10-15,'HOU',trails
1078,1078,1078,201511200MEM,25.7,4.1,1st quarter,3:40.0,Marc Gasol,MEM,True,2-pointer,2,12-16,'HOU',trails
1090,1090,1090,201511200MEM,31.3,4.3,2nd quarter,9:59.0,Marc Gasol,MEM,True,2-pointer,7,27-23,'HOU',leads
1093,1093,1093,201511200MEM,23.3,3.8,2nd quarter,8:57.0,Marc Gasol,MEM,True,2-pointer,1,32-26,'HOU',leads
1097,1097,1097,201511200MEM,6.4,3.2,2nd quarter,5:49.0,Marc Gasol,MEM,True,2-pointer,17,46-34,'HOU',leads
1117,1117,1117,201511200MEM,25.7,22.3,3rd quarter,7:08.0,Marc Gasol,MEM,False,2-pointer,19,73-56,'HOU',leads
1119,1119,1119,201511200MEM,20.3,5.1,3rd quarter,5:12.0,Marc Gasol,MEM,False,2-pointer,4,75-59,'HOU',leads
1122,1122,1122,201511200MEM,27.7,2.9,3rd quarter,3:52.0,Marc Gasol,MEM,False,2-pointer,3,75-60,'HOU',leads
1124,1124,1124,201511200MEM,18.8,5.6,3rd quarter,2:26.0,Marc Gasol,MEM,True,2-pointer,5,77-62,'HOU',leads
1125,1125,1125,201511200MEM,24.4,8.1,3rd quarter,1:41.0,Marc Gasol,MEM,False,2-pointer,5,77-65,'HOU',leads
1127,1127,1127,201511200MEM,18.5,20.5,3rd quarter,0:25.0,Marc Gasol,MEM,False,2-pointer,18,79-68,'HOU',leads
1132,1132,1132,201511200MEM,25.7,10.5,4th quarter,9:29.0,Marc Gasol,MEM,True,2-pointer,7,85-71,'HOU',leads
984,984,984,201511210SAS,23.9,23.3,1st quarter,9:54.0,Marc Gasol,MEM,False,2-pointer,20,2-0,'SAS',leads
990,990,990,201511210SAS,23.9,11.7,1st quarter,6:28.0,Marc Gasol,MEM,False,2-pointer,8,4-6,'SAS',trails
1007,1007,1007,201511210SAS,30.1,7.6,2nd quarter,7:14.0,Marc Gasol,MEM,True,2-pointer,7,31-37,'SAS',trails
1008,1008,1008,201511210SAS,22.3,2.4,2nd quarter,6:37.0,Marc Gasol,MEM,False,2-pointer,1,31-37,'SAS',trails
1017,1017,1017,201511210SAS,23.1,12.0,2nd quarter,1:34.0,Marc Gasol,MEM,False,2-pointer,9,35-49,'SAS',trails
1027,1027,1027,201511210SAS,24.4,21.8,3rd quarter,6:51.0,Marc Gasol,MEM,True,2-pointer,18,53-61,'SAS',trails
1030,1030,1030,201511210SAS,24.1,5.1,3rd quarter,4:09.0,Marc Gasol,MEM,False,2-pointer,2,57-64,'SAS',trails
1042,1042,1042,201511210SAS,15.6,5.3,4th quarter,7:16.0,Marc Gasol,MEM,False,2-pointer,8,65-80,'SAS',trails
1052,1052,1052,201511210SAS,22.4,3.3,4th quarter,0:39.0,Marc Gasol,MEM,True,2-pointer,1,82-88,'SAS',trails
567,567,567,201511240MEM,24.9,2.4,1st quarter,11:42.0,Marc Gasol,MEM,False,2-pointer,1,0-0,'DAL',tied
573,573,573,201511240MEM,17.7,3.8,1st quarter,9:20.0,Marc Gasol,MEM,True,2-pointer,6,6-2,'DAL',leads
574,574,574,201511240MEM,21.0,10.5,1st quarter,8:52.0,Marc Gasol,MEM,False,2-pointer,8,6-2,'DAL',leads
577,577,577,201511240MEM,10.0,3.3,1st quarter,8:01.0,Marc Gasol,MEM,False,2-pointer,14,6-5,'DAL',leads
578,578,578,201511240MEM,24.9,8.7,1st quarter,7:30.0,Marc Gasol,MEM,False,2-pointer,6,6-5,'DAL',leads
585,585,585,201511240MEM,3.9,0.9,1st quarter,3:05.0,Marc Gasol,MEM,False,2-pointer,20,18-9,'DAL',leads
604,604,604,201511240MEM,17.9,9.1,2nd quarter,5:06.0,Marc Gasol,MEM,True,2-pointer,9,37-24,'DAL',leads
616,616,616,201511240MEM,24.2,6.6,3rd quarter,10:17.0,Marc Gasol,MEM,True,2-pointer,4,53-38,'DAL',leads
617,617,617,201511240MEM,33.9,16.9,3rd quarter,9:46.0,Marc Gasol,MEM,True,2-pointer,17,56-38,'DAL',leads
637,637,637,201511240MEM,19.0,6.1,4th quarter,10:56.0,Marc Gasol,MEM,False,2-pointer,6,85-62,'DAL',leads
638,638,638,201511240MEM,18.5,5.3,4th quarter,10:22.0,Marc Gasol,MEM,False,2-pointer,6,85-64,'DAL',leads
639,639,639,201511240MEM,26.5,9.2,4th quarter,8:56.0,Marc Gasol,MEM,False,2-pointer,7,87-70,'DAL',leads
525,525,525,201511250HOU,14.3,9.1,1st quarter,8:21.0,Marc Gasol,MEM,False,2-pointer,11,7-7,'HOU',tied
526,526,526,201511250HOU,24.4,21.8,1st quarter,8:17.0,Marc Gasol,MEM,True,2-pointer,18,9-7,'HOU',leads
527,527,527,201511250HOU,24.9,5.6,1st quarter,7:38.0,Marc Gasol,MEM,False,2-pointer,2,9-7,'HOU',leads
543,543,543,201511250HOU,30.0,13.1,2nd quarter,9:57.0,Marc Gasol,MEM,False,2-pointer,11,32-26,'HOU',leads
546,546,546,201511250HOU,23.9,2.9,2nd quarter,9:05.0,Marc Gasol,MEM,True,2-pointer,0,38-26,'HOU',leads
548,548,548,201511250HOU,28.5,12.5,2nd quarter,7:40.0,Marc Gasol,MEM,False,2-pointer,10,38-30,'HOU',leads
549,549,549,201511250HOU,39.0,15.0,2nd quarter,7:12.0,Marc Gasol,MEM,False,2-pointer,19,38-30,'HOU',leads
557,557,557,201511250HOU,7.2,3.2,2nd quarter,2:58.0,Marc Gasol,MEM,True,2-pointer,16,47-42,'HOU',leads
563,563,563,201511250HOU,9.2,15.1,3rd quarter,11:24.0,Marc Gasol,MEM,True,2-pointer,19,58-53,'HOU',leads
575,575,575,201511250HOU,21.6,6.3,3rd quarter,4:01.0,Marc Gasol,MEM,True,2-pointer,4,78-69,'HOU',leads
588,588,588,201511250HOU,8.5,14.5,4th quarter,6:31.0,Marc Gasol,MEM,False,2-pointer,19,88-80,'HOU',leads
591,591,591,201511250HOU,9.2,12.7,4th quarter,4:38.0,Marc Gasol,MEM,False,2-pointer,17,92-85,'HOU',leads
1082,1082,1082,201511270MEM,12.0,10.0,1st quarter,10:12.0,Marc Gasol,MEM,False,2-pointer,13,4-2,'MEM',leads
1086,1086,1086,201511270MEM,17.4,6.6,1st quarter,8:52.0,Marc Gasol,MEM,True,2-pointer,7,6-2,'MEM',leads
1095,1095,1095,201511270MEM,18.7,7.6,1st quarter,1:42.0,Marc Gasol,MEM,True,2-pointer,7,25-23,'MEM',leads
1110,1110,1110,201511270MEM,28.0,18.4,2nd quarter,4:26.0,Marc Gasol,MEM,False,2-pointer,15,48-40,'MEM',leads
1112,1112,1112,201511270MEM,24.0,3.1,2nd quarter,3:23.0,Marc Gasol,MEM,True,2-pointer,0,50-41,'MEM',leads
1120,1120,1120,201511270MEM,23.3,2.9,3rd quarter,10:17.0,Marc Gasol,MEM,False,2-pointer,0,61-58,'MEM',leads
1148,1148,1148,201511270MEM,24.4,8.7,4th quarter,3:59.0,Marc Gasol,MEM,True,2-pointer,5,97-105,'MEM',trails
1149,1149,1149,201511270MEM,25.5,4.1,4th quarter,2:52.0,Marc Gasol,MEM,False,2-pointer,1,99-110,'MEM',trails
1150,1150,1150,201511270MEM,27.2,3.2,4th quarter,2:50.0,Marc Gasol,MEM,False,2-pointer,3,99-110,'MEM',trails
751,751,751,201511290MEM,28.8,5.3,1st quarter,10:42.0,Marc Gasol,MEM,False,2-pointer,5,2-0,'MEM',leads
757,757,757,201511290MEM,30.4,10.5,1st quarter,7:16.0,Marc Gasol,MEM,False,2-pointer,9,6-2,'MEM',leads
768,768,768,201511290MEM,11.1,6.1,2nd quarter,11:43.0,Marc Gasol,MEM,True,2-pointer,13,23-13,'MEM',leads
769,769,769,201511290MEM,17.7,5.1,2nd quarter,10:50.0,Marc Gasol,MEM,False,2-pointer,6,23-18,'MEM',leads
781,781,781,201511290MEM,18.4,6.8,2nd quarter,6:02.0,Marc Gasol,MEM,False,2-pointer,6,29-20,'MEM',leads
809,809,809,201511290MEM,13.6,15.0,3rd quarter,1:08.0,Marc Gasol,MEM,True,2-pointer,15,60-61,'MEM',trails
810,810,810,201511290MEM,10.2,17.4,3rd quarter,0:40.0,Marc Gasol,MEM,True,2-pointer,19,62-61,'MEM',leads
814,814,814,201511290MEM,27.0,6.1,4th quarter,9:59.0,Marc Gasol,MEM,True,2-pointer,4,66-69,'MEM',trails
488,488,488,201512010NOP,14.6,17.4,1st quarter,11:01.0,Marc Gasol,MEM,True,2-pointer,17,2-3,'NOP',trails
489,489,489,201512010NOP,23.9,8.1,1st quarter,10:07.0,Marc Gasol,MEM,False,2-pointer,5,2-5,'NOP',trails
508,508,508,201512010NOP,25.7,4.1,2nd quarter,10:56.0,Marc Gasol,MEM,False,2-pointer,2,29-41,'NOP',trails
512,512,512,201512010NOP,22.8,3.2,2nd quarter,9:42.0,Marc Gasol,MEM,True,2-pointer,1,35-43,'NOP',trails
515,515,515,201512010NOP,8.4,9.1,2nd quarter,8:14.0,Marc Gasol,MEM,True,2-pointer,16,42-45,'NOP',trails
516,516,516,201512010NOP,24.9,20.4,2nd quarter,7:08.0,Marc Gasol,MEM,True,2-pointer,17,46-48,'NOP',trails
519,519,519,201512010NOP,11.0,11.5,2nd quarter,5:08.0,Marc Gasol,MEM,False,2-pointer,15,52-53,'NOP',trails
521,521,521,201512010NOP,30.8,10.5,2nd quarter,4:05.0,Marc Gasol,MEM,True,2-pointer,10,58-55,'NOP',leads
522,522,522,201512010NOP,35.5,14.0,2nd quarter,3:19.0,Marc Gasol,MEM,True,2-pointer,15,60-55,'NOP',leads
525,525,525,201512010NOP,22.0,21.8,2nd quarter,1:40.0,Marc Gasol,MEM,False,2-pointer,18,62-59,'NOP',leads
527,527,527,201512010NOP,28.8,7.6,2nd quarter,0:50.0,Marc Gasol,MEM,False,2-pointer,6,62-64,'NOP',trails
531,531,531,201512010NOP,21.8,22.3,3rd quarter,11:19.0,Marc Gasol,MEM,True,2-pointer,19,66-65,'NOP',leads
533,533,533,201512010NOP,9.5,13.6,3rd quarter,10:07.0,Marc Gasol,MEM,False,2-pointer,17,66-67,'NOP',trails
539,539,539,201512010NOP,18.2,19.4,3rd quarter,7:20.0,Marc Gasol,MEM,True,2-pointer,17,70-73,'NOP',trails
558,558,558,201512010NOP,11.1,3.2,4th quarter,9:25.0,Marc Gasol,MEM,False,2-pointer,12,95-87,'NOP',leads
561,561,561,201512010NOP,29.5,6.6,4th quarter,8:12.0,Marc Gasol,MEM,True,2-pointer,6,97-90,'NOP',leads
565,565,565,201512010NOP,13.9,6.1,4th quarter,6:24.0,Marc Gasol,MEM,False,2-pointer,10,101-93,'NOP',leads
566,566,566,201512010NOP,26.8,23.3,4th quarter,5:55.0,Marc Gasol,MEM,True,2-pointer,20,103-93,'NOP',leads
567,567,567,201512010NOP,23.1,23.8,4th quarter,5:18.0,Marc Gasol,MEM,True,2-pointer,20,105-95,'NOP',leads
571,571,571,201512010NOP,20.5,16.1,4th quarter,2:33.0,Marc Gasol,MEM,False,2-pointer,13,107-102,'NOP',leads
575,575,575,201512010NOP,22.8,4.1,4th quarter,0:35.0,Marc Gasol,MEM,False,2-pointer,1,113-104,'NOP',leads
576,576,576,201512010NOP,25.7,3.3,4th quarter,0:06.0,Marc Gasol,MEM,False,2-pointer,1,113-104,'NOP',leads
85,85,85,201512030MEM,29.6,18.6,1st quarter,8:39.0,Marc Gasol,MEM,True,2-pointer,16,11-4,'SAS',leads
87,87,87,201512030MEM,28.2,20.4,1st quarter,7:20.0,Marc Gasol,MEM,False,2-pointer,17,11-6,'SAS',leads
94,94,94,201512030MEM,16.6,7.3,1st quarter,2:57.0,Marc Gasol,MEM,True,2-pointer,8,17-14,'SAS',leads
103,103,103,201512030MEM,19.5,5.1,2nd quarter,7:39.0,Marc Gasol,MEM,False,2-pointer,4,25-29,'SAS',trails
106,106,106,201512030MEM,24.1,22.8,2nd quarter,6:16.0,Marc Gasol,MEM,True,2-pointer,19,29-32,'SAS',trails
112,112,112,201512030MEM,31.4,8.1,2nd quarter,1:29.0,Marc Gasol,MEM,True,2-pointer,8,33-41,'SAS',trails
127,127,127,201512030MEM,22.1,4.8,3rd quarter,6:28.0,Marc Gasol,MEM,True,2-pointer,2,45-56,'SAS',trails
128,128,128,201512030MEM,25.9,9.2,3rd quarter,4:51.0,Marc Gasol,MEM,True,2-pointer,6,49-60,'SAS',trails
131,131,131,201512030MEM,8.4,15.1,3rd quarter,3:13.0,Marc Gasol,MEM,False,2-pointer,19,49-65,'SAS',trails
132,132,132,201512030MEM,17.9,4.1,3rd quarter,2:41.0,Marc Gasol,MEM,True,2-pointer,6,51-68,'SAS',trails
139,139,139,201512030MEM,15.9,4.8,4th quarter,10:14.0,Marc Gasol,MEM,False,2-pointer,8,60-80,'SAS',trails
433,433,433,201512060MEM,23.3,7.6,1st quarter,8:13.0,Marc Gasol,MEM,True,2-pointer,4,4-12,'PHO',trails
436,436,436,201512060MEM,17.7,7.3,1st quarter,6:55.0,Marc Gasol,MEM,False,2-pointer,7,6-12,'PHO',trails
451,451,451,201512060MEM,11.3,18.4,2nd quarter,10:46.0,Marc Gasol,MEM,False,2-pointer,19,21-16,'PHO',leads
453,453,453,201512060MEM,18.2,3.3,2nd quarter,9:25.0,Marc Gasol,MEM,True,2-pointer,5,25-18,'PHO',leads
455,455,455,201512060MEM,17.4,1.9,2nd quarter,7:50.0,Marc Gasol,MEM,False,2-pointer,6,27-22,'PHO',leads
457,457,457,201512060MEM,11.0,8.6,2nd quarter,6:48.0,Marc Gasol,MEM,True,2-pointer,14,29-25,'PHO',leads
460,460,460,201512060MEM,30.6,3.3,2nd quarter,4:46.0,Marc Gasol,MEM,True,2-pointer,6,31-27,'PHO',leads
461,461,461,201512060MEM,23.3,3.8,2nd quarter,4:27.0,Marc Gasol,MEM,True,2-pointer,1,33-29,'PHO',leads
463,463,463,201512060MEM,23.3,23.3,2nd quarter,3:24.0,Marc Gasol,MEM,True,2-pointer,20,39-29,'PHO',leads
469,469,469,201512060MEM,25.2,14.5,2nd quarter,0:23.0,Marc Gasol,MEM,True,2-pointer,11,43-41,'PHO',leads
470,470,470,201512060MEM,17.0,5.1,3rd quarter,11:16.0,Marc Gasol,MEM,False,2-pointer,7,43-43,'PHO',tied
472,472,472,201512060MEM,27.2,8.1,3rd quarter,8:50.0,Marc Gasol,MEM,False,2-pointer,6,46-48,'PHO',trails
478,478,478,201512060MEM,19.0,3.3,3rd quarter,5:11.0,Marc Gasol,MEM,False,2-pointer,5,50-58,'PHO',trails
482,482,482,201512060MEM,22.6,8.7,3rd quarter,3:51.0,Marc Gasol,MEM,True,2-pointer,5,56-60,'PHO',trails
505,505,505,201512060MEM,38.8,16.1,4th quarter,4:41.0,Marc Gasol,MEM,True,2-pointer,19,87-83,'PHO',leads
513,513,513,201512060MEM,26.0,2.9,4th quarter,1:04.0,Marc Gasol,MEM,False,2-pointer,2,93-89,'PHO',leads
514,514,514,201512060MEM,29.3,17.6,4th quarter,1:01.0,Marc Gasol,MEM,False,2-pointer,15,93-89,'PHO',leads
774,774,774,201512080MEM,12.1,3.2,1st quarter,9:32.0,Marc Gasol,MEM,True,2-pointer,11,2-3,'OKC',trails
775,775,775,201512080MEM,18.2,5.1,1st quarter,8:52.0,Marc Gasol,MEM,False,2-pointer,6,2-5,'OKC',trails
781,781,781,201512080MEM,15.6,8.6,1st quarter,5:10.0,Marc Gasol,MEM,True,2-pointer,10,10-11,'OKC',trails
784,784,784,201512080MEM,30.4,3.3,1st quarter,3:52.0,Marc Gasol,MEM,True,2-pointer,6,14-14,'OKC',tied
785,785,785,201512080MEM,25.4,2.9,1st quarter,3:26.0,Marc Gasol,MEM,False,2-pointer,1,14-16,'OKC',trails
789,789,789,201512080MEM,24.6,3.3,1st quarter,1:03.0,Marc Gasol,MEM,False,2-pointer,0,18-22,'OKC',trails
791,791,791,201512080MEM,24.9,7.7,1st quarter,0:30.0,Marc Gasol,MEM,True,2-pointer,4,22-25,'OKC',trails
807,807,807,201512080MEM,28.0,6.6,2nd quarter,2:52.0,Marc Gasol,MEM,False,2-pointer,5,43-50,'OKC',trails
816,816,816,201512080MEM,22.3,22.8,3rd quarter,11:06.0,Marc Gasol,MEM,False,2-pointer,19,49-59,'OKC',trails
518,518,518,201512090DET,11.3,7.6,1st quarter,11:17.0,Marc Gasol,MEM,True,2-pointer,13,2-0,'DET',leads
521,521,521,201512090DET,23.6,17.4,1st quarter,9:22.0,Marc Gasol,MEM,True,2-pointer,14,4-2,'DET',leads
522,522,522,201512090DET,23.9,3.2,1st quarter,8:28.0,Marc Gasol,MEM,True,2-pointer,0,6-2,'DET',leads
523,523,523,201512090DET,14.1,14.6,1st quarter,7:47.0,Marc Gasol,MEM,False,2-pointer,15,6-4,'DET',leads
525,525,525,201512090DET,19.3,4.6,1st quarter,7:22.0,Marc Gasol,MEM,False,2-pointer,4,8-4,'DET',leads
526,526,526,201512090DET,7.9,4.8,1st quarter,6:48.0,Marc Gasol,MEM,False,2-pointer,16,8-6,'DET',leads
545,545,545,201512090DET,18.5,5.3,2nd quarter,8:07.0,Marc Gasol,MEM,True,2-pointer,5,30-25,'DET',leads
546,546,546,201512090DET,23.1,21.0,2nd quarter,7:36.0,Marc Gasol,MEM,False,2-pointer,18,30-28,'DET',leads
561,561,561,201512090DET,24.1,7.6,3rd quarter,10:58.0,Marc Gasol,MEM,False,2-pointer,4,43-50,'DET',trails
562,562,562,201512090DET,26.2,18.9,3rd quarter,10:52.0,Marc Gasol,MEM,True,2-pointer,16,45-50,'DET',trails
564,564,564,201512090DET,25.0,17.9,3rd quarter,9:49.0,Marc Gasol,MEM,True,2-pointer,14,49-54,'DET',trails
573,573,573,201512090DET,21.0,5.1,3rd quarter,3:51.0,Marc Gasol,MEM,True,2-pointer,3,62-68,'DET',trails
578,578,578,201512090DET,20.8,4.1,3rd quarter,0:40.0,Marc Gasol,MEM,False,2-pointer,3,64-73,'DET',trails
579,579,579,201512090DET,13.4,2.9,3rd quarter,0:36.0,Marc Gasol,MEM,True,2-pointer,10,66-73,'DET',trails
592,592,592,201512090DET,24.9,12.0,4th quarter,6:11.0,Marc Gasol,MEM,False,2-pointer,9,79-85,'DET',trails
593,593,593,201512090DET,24.0,3.1,4th quarter,5:53.0,Marc Gasol,MEM,True,2-pointer,0,81-85,'DET',trails
594,594,594,201512090DET,25.7,8.7,4th quarter,5:11.0,Marc Gasol,MEM,False,2-pointer,5,81-85,'DET',trails
596,596,596,201512090DET,40.9,13.6,4th quarter,4:30.0,Marc Gasol,MEM,False,2-pointer,19,81-85,'DET',trails
645,645,645,201512110MEM,24.9,3.0,1st quarter,6:36.0,Marc Gasol,MEM,True,2-pointer,0,18-6,'CHO',leads
648,648,648,201512110MEM,38.5,9.1,1st quarter,2:55.0,Marc Gasol,MEM,False,2-pointer,15,25-16,'CHO',leads
661,661,661,201512110MEM,20.0,6.1,2nd quarter,7:10.0,Marc Gasol,MEM,False,2-pointer,5,39-40,'CHO',trails
665,665,665,201512110MEM,22.1,20.0,2nd quarter,5:19.0,Marc Gasol,MEM,True,2-pointer,17,43-43,'CHO',tied
677,677,677,201512110MEM,20.8,12.7,3rd quarter,10:58.0,Marc Gasol,MEM,True,2-pointer,10,56-59,'CHO',trails
678,678,678,201512110MEM,23.1,10.2,3rd quarter,10:23.0,Marc Gasol,MEM,True,2-pointer,7,58-62,'CHO',trails
683,683,683,201512110MEM,18.0,11.0,3rd quarter,8:15.0,Marc Gasol,MEM,False,2-pointer,10,58-70,'CHO',trails
687,687,687,201512110MEM,24.0,3.1,3rd quarter,5:27.0,Marc Gasol,MEM,True,2-pointer,0,64-79,'CHO',trails
694,694,694,201512110MEM,11.3,16.9,4th quarter,11:46.0,Marc Gasol,MEM,False,2-pointer,18,73-93,'CHO',trails
695,695,695,201512110MEM,30.9,4.3,4th quarter,11:15.0,Marc Gasol,MEM,False,2-pointer,7,74-93,'CHO',trails
698,698,698,201512110MEM,28.5,9.1,4th quarter,10:32.0,Marc Gasol,MEM,False,2-pointer,7,74-93,'CHO',trails
3,3,3,201512130MIA,13.3,15.4,1st quarter,10:00.0,Marc Gasol,MEM,False,2-pointer,16,3-4,'MIA',trails
8,8,8,201512130MIA,20.2,20.4,1st quarter,6:48.0,Marc Gasol,MEM,True,2-pointer,17,8-11,'MIA',trails
9,9,9,201512130MIA,20.0,11.7,1st quarter,6:15.0,Marc Gasol,MEM,False,2-pointer,9,8-11,'MIA',trails
12,12,12,201512130MIA,11.0,3.8,1st quarter,4:42.0,Marc Gasol,MEM,True,2-pointer,13,12-11,'MIA',leads
13,13,13,201512130MIA,22.9,9.1,1st quarter,3:44.0,Marc Gasol,MEM,True,2-pointer,6,16-13,'MIA',leads
34,34,34,201512130MIA,23.4,19.5,2nd quarter,3:12.0,Marc Gasol,MEM,False,2-pointer,16,47-44,'MIA',leads
36,36,36,201512130MIA,16.6,18.4,2nd quarter,2:24.0,Marc Gasol,MEM,True,2-pointer,17,51-46,'MIA',leads
42,42,42,201512130MIA,38.8,18.1,3rd quarter,10:42.0,Marc Gasol,MEM,False,2-pointer,21,58-48,'MIA',leads
45,45,45,201512130MIA,32.6,2.9,3rd quarter,8:37.0,Marc Gasol,MEM,True,2-pointer,8,65-52,'MIA',leads
66,66,66,201512130MIA,41.1,16.4,4th quarter,5:24.0,Marc Gasol,MEM,False,2-pointer,21,89-82,'MIA',leads
1268,1268,1268,201512140MEM,18.0,4.6,1st quarter,10:06.0,Marc Gasol,MEM,False,2-pointer,6,0-0,'MEM',tied
1270,1270,1270,201512140MEM,14.1,3.2,1st quarter,9:14.0,Marc Gasol,MEM,True,2-pointer,9,5-3,'MEM',leads
1273,1273,1273,201512140MEM,26.8,16.9,1st quarter,7:16.0,Marc Gasol,MEM,True,2-pointer,14,12-8,'MEM',leads
1275,1275,1275,201512140MEM,18.2,4.6,1st quarter,6:19.0,Marc Gasol,MEM,False,2-pointer,6,12-10,'MEM',leads
1278,1278,1278,201512140MEM,30.1,17.9,1st quarter,5:03.0,Marc Gasol,MEM,True,2-pointer,16,16-15,'MEM',leads
1279,1279,1279,201512140MEM,23.1,2.0,1st quarter,4:38.0,Marc Gasol,MEM,False,2-pointer,1,16-15,'MEM',leads
1282,1282,1282,201512140MEM,24.1,22.5,1st quarter,2:30.0,Marc Gasol,MEM,False,2-pointer,19,20-19,'MEM',leads
1293,1293,1293,201512140MEM,24.0,3.1,2nd quarter,7:07.0,Marc Gasol,MEM,False,2-pointer,0,38-32,'MEM',leads
1295,1295,1295,201512140MEM,30.8,13.5,2nd quarter,6:06.0,Marc Gasol,MEM,False,2-pointer,12,40-34,'MEM',leads
1302,1302,1302,201512140MEM,10.2,17.1,2nd quarter,2:49.0,Marc Gasol,MEM,True,2-pointer,19,49-41,'MEM',leads
1303,1303,1303,201512140MEM,24.0,3.1,2nd quarter,1:52.0,Marc Gasol,MEM,True,2-pointer,0,51-44,'MEM',leads
1309,1309,1309,201512140MEM,28.3,19.5,3rd quarter,10:22.0,Marc Gasol,MEM,True,2-pointer,17,64-46,'MEM',leads
1310,1310,1310,201512140MEM,19.3,21.5,3rd quarter,9:56.0,Marc Gasol,MEM,True,2-pointer,19,66-46,'MEM',leads
1311,1311,1311,201512140MEM,22.9,21.3,3rd quarter,9:29.0,Marc Gasol,MEM,True,2-pointer,18,68-48,'MEM',leads
1313,1313,1313,201512140MEM,21.5,4.6,3rd quarter,8:26.0,Marc Gasol,MEM,True,2-pointer,2,70-48,'MEM',leads
1315,1315,1315,201512140MEM,13.8,20.4,3rd quarter,7:10.0,Marc Gasol,MEM,False,2-pointer,20,70-50,'MEM',leads
1332,1332,1332,201512140MEM,31.8,6.1,4th quarter,6:42.0,Marc Gasol,MEM,False,2-pointer,8,90-79,'MEM',leads
320,320,320,201512160CHI,5.3,3.7,1st quarter,9:24.0,Marc Gasol,MEM,False,2-pointer,18,2-2,'CHI',tied
321,321,321,201512160CHI,31.6,19.5,1st quarter,8:58.0,Marc Gasol,MEM,False,2-pointer,18,2-4,'CHI',trails
323,323,323,201512160CHI,12.3,3.0,1st quarter,8:06.0,Marc Gasol,MEM,True,2-pointer,11,6-8,'CHI',trails
324,324,324,201512160CHI,28.3,20.5,1st quarter,7:37.0,Marc Gasol,MEM,True,2-pointer,18,8-10,'CHI',trails
346,346,346,201512160CHI,23.8,9.2,2nd quarter,5:59.0,Marc Gasol,MEM,False,2-pointer,6,37-43,'CHI',trails
348,348,348,201512160CHI,5.7,2.0,2nd quarter,4:42.0,Marc Gasol,MEM,True,2-pointer,18,41-46,'CHI',trails
355,355,355,201512160CHI,9.5,4.6,2nd quarter,1:08.0,Marc Gasol,MEM,False,2-pointer,14,49-46,'CHI',leads
362,362,362,201512160CHI,24.2,22.0,3rd quarter,9:48.0,Marc Gasol,MEM,False,2-pointer,19,56-52,'CHI',leads
363,363,363,201512160CHI,26.2,3.3,3rd quarter,9:08.0,Marc Gasol,MEM,False,2-pointer,2,56-54,'CHI',leads
378,378,378,201512160CHI,25.9,3.7,4th quarter,7:22.0,Marc Gasol,MEM,True,2-pointer,2,74-81,'CHI',trails
410,410,410,201512180DAL,22.4,3.3,1st quarter,9:51.0,Marc Gasol,MEM,False,2-pointer,1,2-0,'DAL',leads
411,411,411,201512180DAL,22.4,3.3,1st quarter,9:50.0,Marc Gasol,MEM,False,2-pointer,1,2-0,'DAL',leads
412,412,412,201512180DAL,36.8,20.4,1st quarter,9:28.0,Marc Gasol,MEM,True,2-pointer,21,4-0,'DAL',leads
414,414,414,201512180DAL,9.8,14.0,1st quarter,8:31.0,Marc Gasol,MEM,True,2-pointer,17,6-0,'DAL',leads
417,417,417,201512180DAL,29.1,3.7,1st quarter,6:25.0,Marc Gasol,MEM,False,2-pointer,5,12-4,'DAL',leads
432,432,432,201512180DAL,24.6,3.7,2nd quarter,8:30.0,Marc Gasol,MEM,True,2-pointer,0,35-29,'DAL',leads
436,436,436,201512180DAL,9.7,5.3,2nd quarter,5:07.0,Marc Gasol,MEM,False,2-pointer,14,37-40,'DAL',trails
446,446,446,201512180DAL,21.1,17.9,3rd quarter,9:28.0,Marc Gasol,MEM,True,2-pointer,15,51-59,'DAL',trails
449,449,449,201512180DAL,23.3,3.8,3rd quarter,7:02.0,Marc Gasol,MEM,True,2-pointer,1,55-61,'DAL',trails
453,453,453,201512180DAL,23.9,21.8,3rd quarter,4:28.0,Marc Gasol,MEM,False,2-pointer,18,58-68,'DAL',trails
455,455,455,201512180DAL,20.6,12.0,3rd quarter,3:29.0,Marc Gasol,MEM,False,2-pointer,9,58-70,'DAL',trails
460,460,460,201512180DAL,23.6,15.6,4th quarter,11:45.0,Marc Gasol,MEM,True,2-pointer,12,68-75,'DAL',trails
461,461,461,201512180DAL,13.9,4.6,4th quarter,11:09.0,Marc Gasol,MEM,False,2-pointer,10,68-77,'DAL',trails
463,463,463,201512180DAL,19.5,7.1,4th quarter,9:53.0,Marc Gasol,MEM,False,2-pointer,6,70-80,'DAL',trails
238,238,238,201512190MEM,23.9,6.9,1st quarter,11:40.0,Marc Gasol,MEM,False,2-pointer,3,0-0,'IND',tied
245,245,245,201512190MEM,16.6,9.1,1st quarter,7:42.0,Marc Gasol,MEM,True,2-pointer,9,11-4,'IND',leads
247,247,247,201512190MEM,23.7,3.4,1st quarter,7:16.0,Marc Gasol,MEM,False,2-pointer,0,11-4,'IND',leads
250,250,250,201512190MEM,24.9,18.6,1st quarter,4:52.0,Marc Gasol,MEM,False,2-pointer,15,13-8,'IND',leads
251,251,251,201512190MEM,14.9,11.5,1st quarter,4:18.0,Marc Gasol,MEM,True,2-pointer,12,15-8,'IND',leads
252,252,252,201512190MEM,26.4,20.4,1st quarter,3:48.0,Marc Gasol,MEM,True,2-pointer,17,17-8,'IND',leads
254,254,254,201512190MEM,22.0,3.2,1st quarter,2:53.0,Marc Gasol,MEM,True,2-pointer,2,19-10,'IND',leads
270,270,270,201512190MEM,17.4,6.1,2nd quarter,4:52.0,Marc Gasol,MEM,True,2-pointer,7,38-32,'IND',leads
272,272,272,201512190MEM,17.9,4.1,2nd quarter,3:52.0,Marc Gasol,MEM,False,2-pointer,6,38-32,'IND',leads
286,286,286,201512190MEM,28.8,9.5,3rd quarter,6:45.0,Marc Gasol,MEM,True,2-pointer,8,56-48,'IND',leads
288,288,288,201512190MEM,14.6,4.6,3rd quarter,5:26.0,Marc Gasol,MEM,False,2-pointer,9,58-50,'IND',leads
295,295,295,201512190MEM,24.0,3.1,3rd quarter,1:35.0,Marc Gasol,MEM,False,2-pointer,0,64-59,'IND',leads
299,299,299,201512190MEM,27.3,12.0,4th quarter,11:03.0,Marc Gasol,MEM,False,2-pointer,9,72-66,'IND',leads
310,310,310,201512190MEM,26.2,3.3,4th quarter,5:03.0,Marc Gasol,MEM,True,2-pointer,2,88-75,'IND',leads
312,312,312,201512190MEM,26.3,3.4,4th quarter,4:30.0,Marc Gasol,MEM,False,2-pointer,2,88-78,'IND',leads
313,313,313,201512190MEM,30.1,11.0,4th quarter,4:08.0,Marc Gasol,MEM,True,2-pointer,10,90-80,'IND',leads
315,315,315,201512190MEM,27.0,22.5,4th quarter,2:54.0,Marc Gasol,MEM,True,2-pointer,19,94-80,'IND',leads
318,318,318,201512190MEM,24.1,23.3,4th quarter,1:06.0,Marc Gasol,MEM,False,2-pointer,20,94-82,'IND',leads
344,344,344,201512220PHI,19.8,8.1,1st quarter,9:09.0,Marc Gasol,MEM,False,2-pointer,6,3-7,'MEM',trails
346,346,346,201512220PHI,15.1,3.7,1st quarter,8:40.0,Marc Gasol,MEM,False,2-pointer,8,5-7,'MEM',trails
347,347,347,201512220PHI,23.8,9.7,1st quarter,8:03.0,Marc Gasol,MEM,True,2-pointer,6,7-9,'MEM',trails
351,351,351,201512220PHI,38.1,10.0,1st quarter,6:26.0,Marc Gasol,MEM,True,2-pointer,15,12-11,'MEM',leads
353,353,353,201512220PHI,23.9,22.0,1st quarter,5:21.0,Marc Gasol,MEM,True,2-pointer,19,16-16,'MEM',tied
355,355,355,201512220PHI,14.6,18.1,1st quarter,3:52.0,Marc Gasol,MEM,True,2-pointer,17,19-16,'MEM',leads
369,369,369,201512220PHI,12.6,12.5,2nd quarter,8:00.0,Marc Gasol,MEM,False,2-pointer,14,40-33,'MEM',leads
370,370,370,201512220PHI,28.3,11.0,2nd quarter,7:19.0,Marc Gasol,MEM,False,2-pointer,9,40-36,'MEM',leads
390,390,390,201512220PHI,15.1,1.9,3rd quarter,6:06.0,Marc Gasol,MEM,True,2-pointer,8,69-56,'MEM',leads
391,391,391,201512220PHI,24.2,21.3,3rd quarter,5:40.0,Marc Gasol,MEM,False,2-pointer,18,69-56,'MEM',leads
411,411,411,201512220PHI,20.8,21.8,4th quarter,8:19.0,Marc Gasol,MEM,False,2-pointer,19,89-71,'MEM',leads
414,414,414,201512220PHI,7.1,2.4,4th quarter,6:52.0,Marc Gasol,MEM,True,2-pointer,16,91-73,'MEM',leads
415,415,415,201512220PHI,13.0,18.4,4th quarter,6:11.0,Marc Gasol,MEM,False,2-pointer,18,91-75,'MEM',leads
418,418,418,201512220PHI,24.0,3.1,4th quarter,4:04.0,Marc Gasol,MEM,True,2-pointer,0,97-79,'MEM',leads
419,419,419,201512220PHI,33.2,18.9,4th quarter,2:49.0,Marc Gasol,MEM,False,2-pointer,18,97-83,'MEM',leads
2067,2067,2067,201512230WAS,10.3,4.6,1st quarter,7:28.0,Marc Gasol,MEM,True,2-pointer,13,10-12,'WAS',trails
2068,2068,2068,201512230WAS,23.1,7.7,1st quarter,6:54.0,Marc Gasol,MEM,False,2-pointer,4,10-12,'WAS',trails
2072,2072,2072,201512230WAS,22.9,2.0,1st quarter,5:39.0,Marc Gasol,MEM,True,2-pointer,1,14-16,'WAS',trails
2073,2073,2073,201512230WAS,12.1,8.1,1st quarter,5:16.0,Marc Gasol,MEM,False,2-pointer,12,14-16,'WAS',trails
2076,2076,2076,201512230WAS,24.2,1.5,1st quarter,3:59.0,Marc Gasol,MEM,False,2-pointer,1,16-18,'WAS',trails
2090,2090,2090,201512230WAS,11.3,6.1,2nd quarter,5:54.0,Marc Gasol,MEM,True,2-pointer,13,30-47,'WAS',trails
2093,2093,2093,201512230WAS,11.0,12.0,2nd quarter,3:19.0,Marc Gasol,MEM,False,2-pointer,15,35-52,'WAS',trails
2104,2104,2104,201512230WAS,8.7,17.1,3rd quarter,9:17.0,Marc Gasol,MEM,False,2-pointer,20,53-63,'WAS',trails
2125,2125,2125,201512230WAS,18.0,11.0,4th quarter,4:52.0,Marc Gasol,MEM,False,2-pointer,10,84-95,'WAS',trails
346,346,346,201512260CHO,13.6,6.6,1st quarter,7:03.0,Marc Gasol,MEM,False,2-pointer,11,13-13,'CHO',tied
349,349,349,201512260CHO,24.9,7.6,1st quarter,5:34.0,Marc Gasol,MEM,False,2-pointer,4,15-18,'CHO',trails
364,364,364,201512260CHO,32.9,4.1,2nd quarter,9:10.0,Marc Gasol,MEM,True,2-pointer,8,32-40,'CHO',trails
365,365,365,201512260CHO,26.4,21.3,2nd quarter,8:47.0,Marc Gasol,MEM,True,2-pointer,18,34-40,'CHO',trails
366,366,366,201512260CHO,32.7,4.1,2nd quarter,8:12.0,Marc Gasol,MEM,True,2-pointer,8,36-40,'CHO',trails
369,369,369,201512260CHO,22.4,13.5,2nd quarter,6:37.0,Marc Gasol,MEM,False,2-pointer,10,40-42,'CHO',trails
371,371,371,201512260CHO,24.1,8.1,2nd quarter,5:35.0,Marc Gasol,MEM,False,2-pointer,5,40-47,'CHO',trails
374,374,374,201512260CHO,24.0,3.1,2nd quarter,4:46.0,Marc Gasol,MEM,True,2-pointer,0,44-49,'CHO',trails
375,375,375,201512260CHO,16.4,7.7,2nd quarter,4:12.0,Marc Gasol,MEM,True,2-pointer,8,46-49,'CHO',trails
376,376,376,201512260CHO,23.4,13.1,2nd quarter,3:49.0,Marc Gasol,MEM,True,2-pointer,10,48-49,'CHO',trails
383,383,383,201512260CHO,12.1,18.4,2nd quarter,0:59.0,Marc Gasol,MEM,False,2-pointer,19,52-53,'CHO',trails
387,387,387,201512260CHO,17.7,15.6,3rd quarter,11:42.0,Marc Gasol,MEM,True,2-pointer,14,55-53,'CHO',leads
389,389,389,201512260CHO,25.7,3.7,3rd quarter,10:41.0,Marc Gasol,MEM,True,2-pointer,1,57-56,'CHO',leads
392,392,392,201512260CHO,25.2,3.2,3rd quarter,8:28.0,Marc Gasol,MEM,False,2-pointer,1,57-67,'CHO',trails
397,397,397,201512260CHO,32.6,6.1,3rd quarter,5:23.0,Marc Gasol,MEM,False,2-pointer,9,62-72,'CHO',trails
416,416,416,201512260CHO,20.2,22.3,4th quarter,6:18.0,Marc Gasol,MEM,False,2-pointer,19,83-80,'CHO',leads
419,419,419,201512260CHO,23.9,18.9,4th quarter,4:09.0,Marc Gasol,MEM,False,2-pointer,15,86-85,'CHO',leads
423,423,423,201512260CHO,21.8,4.1,4th quarter,1:40.0,Marc Gasol,MEM,False,2-pointer,2,88-89,'CHO',trails
260,260,260,201512270MEM,20.2,6.3,1st quarter,10:32.0,Marc Gasol,MEM,True,2-pointer,5,6-1,'LAL',leads
261,261,261,201512270MEM,17.9,4.3,1st quarter,9:39.0,Marc Gasol,MEM,False,2-pointer,6,7-3,'LAL',leads
268,268,268,201512270MEM,8.2,0.9,1st quarter,7:28.0,Marc Gasol,MEM,False,2-pointer,15,13-7,'LAL',leads
269,269,269,201512270MEM,24.6,7.6,1st quarter,6:15.0,Marc Gasol,MEM,True,2-pointer,4,16-11,'LAL',leads
270,270,270,201512270MEM,26.2,3.3,1st quarter,5:35.0,Marc Gasol,MEM,True,2-pointer,2,18-11,'LAL',leads
291,291,291,201512270MEM,22.6,22.3,2nd quarter,5:28.0,Marc Gasol,MEM,True,2-pointer,19,46-38,'LAL',leads
292,292,292,201512270MEM,16.9,9.1,2nd quarter,3:50.0,Marc Gasol,MEM,True,2-pointer,9,50-40,'LAL',leads
293,293,293,201512270MEM,24.4,18.1,2nd quarter,3:09.0,Marc Gasol,MEM,False,2-pointer,15,50-40,'LAL',leads
295,295,295,201512270MEM,33.7,6.3,2nd quarter,1:41.0,Marc Gasol,MEM,True,2-pointer,10,56-44,'LAL',leads
303,303,303,201512270MEM,12.5,16.4,3rd quarter,9:20.0,Marc Gasol,MEM,False,2-pointer,17,67-52,'LAL',leads
308,308,308,201512270MEM,14.8,3.0,3rd quarter,5:52.0,Marc Gasol,MEM,True,2-pointer,9,80-61,'LAL',leads
424,424,424,201512290MEM,21.8,20.4,1st quarter,11:36.0,Marc Gasol,MEM,False,2-pointer,17,0-0,'MIA',tied
428,428,428,201512290MEM,12.5,12.2,1st quarter,8:58.0,Marc Gasol,MEM,True,2-pointer,14,7-8,'MIA',trails
429,429,429,201512290MEM,24.4,9.5,1st quarter,8:26.0,Marc Gasol,MEM,True,2-pointer,6,9-8,'MIA',leads
436,436,436,201512290MEM,23.8,23.0,1st quarter,4:33.0,Marc Gasol,MEM,False,2-pointer,20,16-17,'MIA',trails
439,439,439,201512290MEM,17.7,4.6,1st quarter,2:40.0,Marc Gasol,MEM,True,2-pointer,6,23-23,'MIA',tied
444,444,444,201512290MEM,26.2,10.0,1st quarter,0:12.0,Marc Gasol,MEM,False,2-pointer,7,26-30,'MIA',trails
459,459,459,201512290MEM,25.0,3.3,2nd quarter,4:36.0,Marc Gasol,MEM,True,2-pointer,1,39-44,'MIA',trails
469,469,469,201512290MEM,9.8,13.0,3rd quarter,9:12.0,Marc Gasol,MEM,False,2-pointer,17,50-53,'MIA',trails
476,476,476,201512290MEM,17.7,12.0,3rd quarter,4:54.0,Marc Gasol,MEM,True,2-pointer,10,60-62,'MIA',trails
477,477,477,201512290MEM,23.1,7.7,3rd quarter,4:07.0,Marc Gasol,MEM,True,2-pointer,4,62-62,'MIA',tied
478,478,478,201512290MEM,24.9,22.3,3rd quarter,3:27.0,Marc Gasol,MEM,False,2-pointer,19,62-62,'MIA',tied
479,479,479,201512290MEM,19.5,12.0,3rd quarter,2:57.0,Marc Gasol,MEM,False,2-pointer,10,62-62,'MIA',tied
485,485,485,201512290MEM,11.1,10.2,3rd quarter,0:51.0,Marc Gasol,MEM,False,2-pointer,14,67-62,'MIA',leads
491,491,491,201512290MEM,19.0,20.5,4th quarter,8:39.0,Marc Gasol,MEM,False,2-pointer,18,73-70,'MIA',leads
501,501,501,201512290MEM,20.8,12.5,4th quarter,1:04.0,Marc Gasol,MEM,False,2-pointer,10,83-83,'MIA',tied
503,503,503,201512290MEM,31.1,6.8,1st overtime,4:40.0,Marc Gasol,MEM,False,2-pointer,8,83-83,'MIA',tied
505,505,505,201512290MEM,14.4,9.5,1st overtime,4:03.0,Marc Gasol,MEM,True,2-pointer,11,87-83,'MIA',leads
509,509,509,201512290MEM,23.9,4.1,1st overtime,1:22.0,Marc Gasol,MEM,True,2-pointer,1,95-88,'MIA',leads
1680,1680,1680,201601020UTA,8.7,3.7,1st quarter,11:16.0,Marc Gasol,MEM,False,2-pointer,15,0-2,'UTA',trails
1683,1683,1683,201601020UTA,29.5,20.0,1st quarter,8:55.0,Marc Gasol,MEM,False,2-pointer,17,7-6,'UTA',leads
1692,1692,1692,201601020UTA,20.0,12.5,1st quarter,2:27.0,Marc Gasol,MEM,False,2-pointer,10,17-20,'UTA',trails
1703,1703,1703,201601020UTA,26.4,3.3,2nd quarter,8:00.0,Marc Gasol,MEM,True,2-pointer,2,29-35,'UTA',trails
1704,1704,1704,201601020UTA,26.7,3.0,2nd quarter,7:31.0,Marc Gasol,MEM,False,2-pointer,2,30-37,'UTA',trails
1707,1707,1707,201601020UTA,25.9,4.1,2nd quarter,4:46.0,Marc Gasol,MEM,True,2-pointer,2,35-42,'UTA',trails
1708,1708,1708,201601020UTA,23.6,7.7,2nd quarter,2:41.0,Marc Gasol,MEM,True,2-pointer,4,38-44,'UTA',trails
1710,1710,1710,201601020UTA,14.8,17.4,2nd quarter,1:08.0,Marc Gasol,MEM,True,2-pointer,17,42-44,'UTA',trails
1716,1716,1716,201601020UTA,20.0,19.9,3rd quarter,9:12.0,Marc Gasol,MEM,False,2-pointer,17,51-50,'UTA',leads
1720,1720,1720,201601020UTA,24.0,21.3,3rd quarter,6:56.0,Marc Gasol,MEM,True,2-pointer,18,57-55,'UTA',leads
1724,1724,1724,201601020UTA,23.1,9.5,3rd quarter,5:02.0,Marc Gasol,MEM,False,2-pointer,6,62-58,'UTA',leads
1726,1726,1726,201601020UTA,11.1,8.6,3rd quarter,3:48.0,Marc Gasol,MEM,True,2-pointer,14,64-58,'UTA',leads
1740,1740,1740,201601020UTA,28.0,21.0,4th quarter,7:16.0,Marc Gasol,MEM,False,2-pointer,18,71-73,'UTA',trails
1747,1747,1747,201601020UTA,23.4,3.3,4th quarter,4:10.0,Marc Gasol,MEM,False,2-pointer,0,74-79,'UTA',trails
1749,1749,1749,201601020UTA,7.2,3.2,4th quarter,2:59.0,Marc Gasol,MEM,False,2-pointer,16,76-79,'UTA',trails
1750,1750,1750,201601020UTA,24.2,10.2,4th quarter,2:53.0,Marc Gasol,MEM,True,2-pointer,7,78-79,'UTA',trails
1753,1753,1753,201601020UTA,28.5,20.8,4th quarter,0:01.0,Marc Gasol,MEM,False,2-pointer,18,84-84,'UTA',tied
1754,1754,1754,201601020UTA,24.2,21.3,1st overtime,4:04.0,Marc Gasol,MEM,True,2-pointer,18,87-86,'UTA',leads
1756,1756,1756,201601020UTA,26.8,3.2,1st overtime,2:03.0,Marc Gasol,MEM,False,2-pointer,2,87-86,'UTA',leads
1758,1758,1758,201601020UTA,11.6,17.4,1st overtime,0:53.0,Marc Gasol,MEM,False,2-pointer,19,87-87,'UTA',tied
1354,1354,1354,201601040POR,10.0,4.1,1st quarter,8:58.0,Marc Gasol,MEM,False,2-pointer,14,3-0,'POR',leads
1359,1359,1359,201601040POR,24.9,5.8,1st quarter,7:32.0,Marc Gasol,MEM,False,2-pointer,2,5-2,'POR',leads
1364,1364,1364,201601040POR,15.9,10.5,1st quarter,4:48.0,Marc Gasol,MEM,False,2-pointer,11,5-6,'POR',trails
1386,1386,1386,201601040POR,15.9,2.9,2nd quarter,5:31.0,Marc Gasol,MEM,False,2-pointer,8,29-24,'POR',leads
1390,1390,1390,201601040POR,26.4,22.3,2nd quarter,2:15.0,Marc Gasol,MEM,True,2-pointer,19,38-32,'POR',leads
1394,1394,1394,201601040POR,24.2,11.0,3rd quarter,9:14.0,Marc Gasol,MEM,False,2-pointer,8,40-40,'POR',tied
1417,1417,1417,201601040POR,25.5,24.8,4th quarter,9:14.0,Marc Gasol,MEM,False,2-pointer,21,74-56,'POR',leads
1418,1418,1418,201601040POR,13.6,19.0,4th quarter,8:43.0,Marc Gasol,MEM,False,2-pointer,19,74-58,'POR',leads
1425,1425,1425,201601040POR,17.5,4.3,4th quarter,5:28.0,Marc Gasol,MEM,False,2-pointer,6,80-71,'POR',leads
1430,1430,1430,201601040POR,16.9,4.6,4th quarter,3:26.0,Marc Gasol,MEM,True,2-pointer,7,88-76,'POR',leads
1433,1433,1433,201601040POR,13.1,17.6,4th quarter,2:03.0,Marc Gasol,MEM,True,2-pointer,18,90-76,'POR',leads
1434,1434,1434,201601040POR,23.9,23.3,4th quarter,1:29.0,Marc Gasol,MEM,False,2-pointer,20,90-76,'POR',leads
807,807,807,201601060OKC,14.9,3.2,1st quarter,9:20.0,Marc Gasol,MEM,True,2-pointer,9,4-4,'OKC',tied
808,808,808,201601060OKC,16.9,18.9,1st quarter,8:54.0,Marc Gasol,MEM,False,2-pointer,17,4-4,'OKC',tied
809,809,809,201601060OKC,7.5,11.5,1st quarter,8:30.0,Marc Gasol,MEM,False,2-pointer,18,4-7,'OKC',trails
841,841,841,201601060OKC,32.2,4.6,2nd quarter,5:50.0,Marc Gasol,MEM,True,2-pointer,8,30-41,'OKC',trails
845,845,845,201601060OKC,22.6,22.3,2nd quarter,3:36.0,Marc Gasol,MEM,False,2-pointer,19,30-47,'OKC',trails
848,848,848,201601060OKC,24.6,3.7,2nd quarter,2:01.0,Marc Gasol,MEM,False,2-pointer,0,33-52,'OKC',trails
854,854,854,201601060OKC,31.4,5.1,3rd quarter,9:23.0,Marc Gasol,MEM,False,2-pointer,7,46-65,'OKC',trails
856,856,856,201601060OKC,10.5,9.1,3rd quarter,8:45.0,Marc Gasol,MEM,False,2-pointer,14,46-65,'OKC',trails
860,860,860,201601060OKC,17.2,3.2,3rd quarter,6:25.0,Marc Gasol,MEM,False,2-pointer,6,50-69,'OKC',trails
861,861,861,201601060OKC,7.5,6.8,3rd quarter,6:21.0,Marc Gasol,MEM,False,2-pointer,16,50-69,'OKC',trails
862,862,862,201601060OKC,25.9,8.1,3rd quarter,5:55.0,Marc Gasol,MEM,False,2-pointer,5,50-69,'OKC',trails
415,415,415,201601080MEM,9.2,1.4,1st quarter,11:02.0,Marc Gasol,MEM,False,2-pointer,14,0-3,'DEN',trails
418,418,418,201601080MEM,25.2,2.9,1st quarter,9:54.0,Marc Gasol,MEM,False,2-pointer,1,2-5,'DEN',trails
421,421,421,201601080MEM,29.0,13.6,1st quarter,8:26.0,Marc Gasol,MEM,True,2-pointer,11,9-9,'DEN',tied
425,425,425,201601080MEM,38.3,14.1,1st quarter,5:49.0,Marc Gasol,MEM,False,2-pointer,18,15-11,'DEN',leads
445,445,445,201601080MEM,29.5,8.2,2nd quarter,5:53.0,Marc Gasol,MEM,True,2-pointer,7,37-35,'DEN',leads
450,450,450,201601080MEM,14.9,3.3,2nd quarter,2:28.0,Marc Gasol,MEM,False,2-pointer,9,43-37,'DEN',leads
451,451,451,201601080MEM,18.5,5.1,2nd quarter,1:38.0,Marc Gasol,MEM,True,2-pointer,5,47-37,'DEN',leads
454,454,454,201601080MEM,23.9,5.6,2nd quarter,0:09.0,Marc Gasol,MEM,False,2-pointer,2,49-37,'DEN',leads
455,455,455,201601080MEM,30.3,8.1,2nd quarter,0:05.0,Marc Gasol,MEM,False,2-pointer,8,49-37,'DEN',leads
458,458,458,201601080MEM,19.3,14.0,3rd quarter,9:53.0,Marc Gasol,MEM,False,2-pointer,11,52-41,'DEN',leads
462,462,462,201601080MEM,13.0,18.9,3rd quarter,6:08.0,Marc Gasol,MEM,False,2-pointer,19,53-49,'DEN',leads
465,465,465,201601080MEM,24.4,18.1,3rd quarter,4:40.0,Marc Gasol,MEM,False,2-pointer,15,55-54,'DEN',leads
477,477,477,201601080MEM,25.5,7.1,4th quarter,10:41.0,Marc Gasol,MEM,True,2-pointer,4,69-66,'DEN',leads
479,479,479,201601080MEM,33.6,20.8,4th quarter,9:55.0,Marc Gasol,MEM,False,2-pointer,20,69-68,'DEN',leads
482,482,482,201601080MEM,24.1,17.1,4th quarter,8:13.0,Marc Gasol,MEM,False,2-pointer,14,71-70,'DEN',leads
487,487,487,201601080MEM,16.9,6.6,4th quarter,4:43.0,Marc Gasol,MEM,True,2-pointer,7,78-76,'DEN',leads
488,488,488,201601080MEM,12.6,6.8,4th quarter,4:12.0,Marc Gasol,MEM,False,2-pointer,12,78-76,'DEN',leads
776,776,776,201601100MEM,9.3,3.2,1st quarter,9:34.0,Marc Gasol,MEM,False,2-pointer,14,3-5,'BOS',trails
779,779,779,201601100MEM,25.9,6.6,1st quarter,6:59.0,Marc Gasol,MEM,False,2-pointer,4,4-14,'BOS',trails
780,780,780,201601100MEM,21.6,7.1,1st quarter,6:26.0,Marc Gasol,MEM,False,2-pointer,4,4-17,'BOS',trails
783,783,783,201601100MEM,9.7,14.0,1st quarter,4:45.0,Marc Gasol,MEM,True,2-pointer,18,12-21,'BOS',trails
785,785,785,201601100MEM,17.0,7.1,1st quarter,2:31.0,Marc Gasol,MEM,False,2-pointer,8,14-26,'BOS',trails
788,788,788,201601100MEM,20.6,5.3,1st quarter,1:01.0,Marc Gasol,MEM,False,2-pointer,4,14-30,'BOS',trails
790,790,790,201601100MEM,24.1,12.0,1st quarter,0:02.0,Marc Gasol,MEM,False,2-pointer,9,16-34,'BOS',trails
812,812,812,201601100MEM,25.9,6.8,3rd quarter,11:04.0,Marc Gasol,MEM,False,2-pointer,4,38-55,'BOS',trails
813,813,813,201601100MEM,21.5,21.3,3rd quarter,10:27.0,Marc Gasol,MEM,True,2-pointer,18,40-58,'BOS',trails
821,821,821,201601100MEM,17.5,6.3,3rd quarter,8:17.0,Marc Gasol,MEM,False,2-pointer,7,44-63,'BOS',trails
826,826,826,201601100MEM,17.9,21.3,3rd quarter,5:22.0,Marc Gasol,MEM,False,2-pointer,19,53-63,'BOS',trails
828,828,828,201601100MEM,24.9,4.1,3rd quarter,5:05.0,Marc Gasol,MEM,False,2-pointer,1,53-63,'BOS',trails
843,843,843,201601100MEM,10.3,5.1,4th quarter,7:48.0,Marc Gasol,MEM,False,2-pointer,13,74-81,'BOS',trails
846,846,846,201601100MEM,26.4,15.4,4th quarter,4:46.0,Marc Gasol,MEM,True,2-pointer,12,82-83,'BOS',trails
847,847,847,201601100MEM,23.3,2.9,4th quarter,4:13.0,Marc Gasol,MEM,True,2-pointer,0,84-85,'BOS',trails
848,848,848,201601100MEM,20.0,6.8,4th quarter,3:49.0,Marc Gasol,MEM,True,2-pointer,5,86-85,'BOS',leads
849,849,849,201601100MEM,25.4,8.6,4th quarter,3:18.0,Marc Gasol,MEM,False,2-pointer,5,87-87,'BOS',tied
774,774,774,201601120MEM,28.2,20.4,1st quarter,10:42.0,Marc Gasol,MEM,False,2-pointer,17,3-3,'HOU',tied
775,775,775,201601120MEM,8.2,9.2,1st quarter,10:12.0,Marc Gasol,MEM,True,2-pointer,16,5-3,'HOU',leads
780,780,780,201601120MEM,17.4,7.6,1st quarter,6:48.0,Marc Gasol,MEM,True,2-pointer,8,12-10,'HOU',leads
784,784,784,201601120MEM,37.0,7.7,1st quarter,4:36.0,Marc Gasol,MEM,True,2-pointer,13,16-14,'HOU',leads
786,786,786,201601120MEM,24.2,8.6,1st quarter,3:18.0,Marc Gasol,MEM,True,2-pointer,5,18-17,'HOU',leads
788,788,788,201601120MEM,11.8,8.6,1st quarter,2:16.0,Marc Gasol,MEM,True,2-pointer,13,20-18,'HOU',leads
805,805,805,201601120MEM,29.0,18.6,2nd quarter,1:09.0,Marc Gasol,MEM,False,2-pointer,16,38-49,'HOU',trails
820,820,820,201601120MEM,10.7,16.9,3rd quarter,2:54.0,Marc Gasol,MEM,False,2-pointer,19,65-63,'HOU',leads
821,821,821,201601120MEM,34.5,3.7,3rd quarter,2:14.0,Marc Gasol,MEM,False,2-pointer,10,65-66,'HOU',trails
822,822,822,201601120MEM,17.0,6.6,3rd quarter,2:03.0,Marc Gasol,MEM,True,2-pointer,7,67-66,'HOU',leads
823,823,823,201601120MEM,14.4,19.5,3rd quarter,1:12.0,Marc Gasol,MEM,False,2-pointer,19,67-68,'HOU',trails
826,826,826,201601120MEM,16.9,8.6,4th quarter,10:47.0,Marc Gasol,MEM,False,2-pointer,9,71-77,'HOU',trails
829,829,829,201601120MEM,24.4,4.3,4th quarter,9:10.0,Marc Gasol,MEM,True,2-pointer,1,78-80,'HOU',trails
834,834,834,201601120MEM,30.1,22.0,4th quarter,6:30.0,Marc Gasol,MEM,False,2-pointer,19,83-88,'HOU',trails
842,842,842,201601120MEM,26.8,8.1,4th quarter,1:48.0,Marc Gasol,MEM,True,2-pointer,5,89-101,'HOU',trails
245,245,245,201601140MEM,11.3,4.1,1st quarter,11:27.0,Marc Gasol,MEM,False,2-pointer,12,0-0,'DET',tied
260,260,260,201601140MEM,18.4,4.6,1st quarter,2:36.0,Marc Gasol,MEM,False,2-pointer,5,14-21,'DET',trails
264,264,264,201601140MEM,14.9,17.4,1st quarter,0:59.0,Marc Gasol,MEM,False,2-pointer,17,19-22,'DET',trails
270,270,270,201601140MEM,24.9,3.7,2nd quarter,9:16.0,Marc Gasol,MEM,False,2-pointer,1,27-30,'DET',trails
279,279,279,201601140MEM,21.1,8.1,2nd quarter,3:22.0,Marc Gasol,MEM,True,2-pointer,5,38-41,'DET',trails
287,287,287,201601140MEM,24.9,7.1,3rd quarter,11:42.0,Marc Gasol,MEM,True,2-pointer,4,50-43,'DET',leads
288,288,288,201601140MEM,18.5,6.1,3rd quarter,10:18.0,Marc Gasol,MEM,True,2-pointer,6,52-47,'DET',leads
289,289,289,201601140MEM,6.7,9.2,3rd quarter,9:44.0,Marc Gasol,MEM,False,2-pointer,18,52-47,'DET',leads
292,292,292,201601140MEM,10.8,6.8,3rd quarter,8:08.0,Marc Gasol,MEM,False,2-pointer,13,53-49,'DET',leads
293,293,293,201601140MEM,18.8,5.8,3rd quarter,7:47.0,Marc Gasol,MEM,False,2-pointer,5,53-49,'DET',leads
295,295,295,201601140MEM,26.8,15.4,3rd quarter,7:00.0,Marc Gasol,MEM,True,2-pointer,12,57-52,'DET',leads
296,296,296,201601140MEM,24.2,2.9,3rd quarter,5:57.0,Marc Gasol,MEM,True,2-pointer,0,60-57,'DET',leads
297,297,297,201601140MEM,27.2,9.5,3rd quarter,5:26.0,Marc Gasol,MEM,True,2-pointer,7,63-57,'DET',leads
298,298,298,201601140MEM,11.1,17.9,3rd quarter,4:52.0,Marc Gasol,MEM,False,2-pointer,19,63-59,'DET',leads
308,308,308,201601140MEM,29.8,6.6,4th quarter,9:32.0,Marc Gasol,MEM,False,2-pointer,6,86-78,'DET',leads
312,312,312,201601140MEM,17.2,7.1,4th quarter,6:19.0,Marc Gasol,MEM,False,2-pointer,7,88-93,'DET',trails
314,314,314,201601140MEM,17.2,14.5,4th quarter,5:14.0,Marc Gasol,MEM,True,2-pointer,13,90-96,'DET',trails
316,316,316,201601140MEM,10.7,9.7,4th quarter,4:07.0,Marc Gasol,MEM,True,2-pointer,14,95-98,'DET',trails
317,317,317,201601140MEM,34.9,20.5,4th quarter,2:03.0,Marc Gasol,MEM,False,2-pointer,20,96-101,'DET',trails
319,319,319,201601140MEM,29.6,9.7,4th quarter,1:00.0,Marc Gasol,MEM,False,2-pointer,8,98-101,'DET',trails
758,758,758,201601160MEM,20.5,21.0,1st quarter,11:42.0,Marc Gasol,MEM,False,2-pointer,18,0-0,'NYK',tied
759,759,759,201601160MEM,9.0,2.9,1st quarter,11:07.0,Marc Gasol,MEM,True,2-pointer,15,2-2,'NYK',tied
761,761,761,201601160MEM,17.2,4.1,1st quarter,10:00.0,Marc Gasol,MEM,True,2-pointer,6,6-2,'NYK',leads
763,763,763,201601160MEM,9.7,20.4,1st quarter,8:59.0,Marc Gasol,MEM,True,2-pointer,22,10-4,'NYK',leads
769,769,769,201601160MEM,15.6,20.5,1st quarter,6:01.0,Marc Gasol,MEM,False,2-pointer,19,16-15,'NYK',leads
770,770,770,201601160MEM,22.4,3.7,1st quarter,5:23.0,Marc Gasol,MEM,True,2-pointer,1,18-18,'NYK',tied
771,771,771,201601160MEM,31.1,3.7,1st quarter,4:56.0,Marc Gasol,MEM,False,2-pointer,7,18-20,'NYK',trails
775,775,775,201601160MEM,25.9,2.9,1st quarter,1:37.0,Marc Gasol,MEM,True,2-pointer,1,26-27,'NYK',trails
787,787,787,201601160MEM,13.6,7.3,2nd quarter,4:16.0,Marc Gasol,MEM,False,2-pointer,11,41-45,'NYK',trails
793,793,793,201601160MEM,24.0,3.1,2nd quarter,2:20.0,Marc Gasol,MEM,True,2-pointer,0,45-47,'NYK',trails
797,797,797,201601160MEM,8.0,9.2,3rd quarter,11:16.0,Marc Gasol,MEM,True,2-pointer,17,54-56,'NYK',trails
799,799,799,201601160MEM,20.2,12.0,3rd quarter,9:41.0,Marc Gasol,MEM,True,2-pointer,9,58-56,'NYK',leads
800,800,800,201601160MEM,8.9,10.5,3rd quarter,9:10.0,Marc Gasol,MEM,False,2-pointer,16,58-58,'NYK',tied
802,802,802,201601160MEM,23.4,18.6,3rd quarter,8:16.0,Marc Gasol,MEM,True,2-pointer,15,60-60,'NYK',tied
805,805,805,201601160MEM,28.5,7.6,3rd quarter,6:19.0,Marc Gasol,MEM,True,2-pointer,6,66-62,'NYK',leads
806,806,806,201601160MEM,23.1,5.6,3rd quarter,5:42.0,Marc Gasol,MEM,False,2-pointer,2,66-64,'NYK',leads
808,808,808,201601160MEM,27.7,17.4,3rd quarter,4:28.0,Marc Gasol,MEM,False,2-pointer,14,66-68,'NYK',trails
810,810,810,201601160MEM,12.6,3.0,3rd quarter,3:34.0,Marc Gasol,MEM,True,2-pointer,11,68-68,'NYK',tied
813,813,813,201601160MEM,12.0,2.9,3rd quarter,1:16.0,Marc Gasol,MEM,True,2-pointer,12,72-71,'NYK',leads
815,815,815,201601160MEM,33.6,9.1,3rd quarter,0:14.0,Marc Gasol,MEM,False,2-pointer,11,73-73,'NYK',tied
817,817,817,201601160MEM,26.0,21.0,4th quarter,11:14.0,Marc Gasol,MEM,True,2-pointer,18,75-73,'NYK',leads
819,819,819,201601160MEM,25.0,1.1,4th quarter,10:15.0,Marc Gasol,MEM,True,2-pointer,2,77-73,'NYK',leads
820,820,820,201601160MEM,12.3,5.1,4th quarter,9:31.0,Marc Gasol,MEM,False,2-pointer,11,78-75,'NYK',leads
822,822,822,201601160MEM,16.4,3.0,4th quarter,8:14.0,Marc Gasol,MEM,False,2-pointer,7,80-77,'NYK',leads
826,826,826,201601160MEM,9.8,2.4,4th quarter,6:02.0,Marc Gasol,MEM,True,2-pointer,14,89-79,'NYK',leads
827,827,827,201601160MEM,22.3,22.5,4th quarter,5:08.0,Marc Gasol,MEM,False,2-pointer,19,89-79,'NYK',leads
829,829,829,201601160MEM,5.4,9.1,4th quarter,4:13.0,Marc Gasol,MEM,False,2-pointer,19,89-79,'NYK',leads
832,832,832,201601160MEM,26.5,8.6,4th quarter,3:27.0,Marc Gasol,MEM,False,2-pointer,6,91-79,'NYK',leads
837,837,837,201601160MEM,26.4,4.6,4th quarter,1:12.0,Marc Gasol,MEM,False,2-pointer,2,98-87,'NYK',leads
1143,1143,1143,201601180MEM,34.9,19.0,1st quarter,8:51.0,Marc Gasol,MEM,True,2-pointer,19,12-4,'NOP',leads
1147,1147,1147,201601180MEM,11.8,6.3,1st quarter,6:32.0,Marc Gasol,MEM,False,2-pointer,12,12-10,'NOP',leads
1149,1149,1149,201601180MEM,25.0,7.6,1st quarter,5:22.0,Marc Gasol,MEM,False,2-pointer,4,14-10,'NOP',leads
1150,1150,1150,201601180MEM,28.2,8.6,1st quarter,4:22.0,Marc Gasol,MEM,True,2-pointer,7,16-12,'NOP',leads
1165,1165,1165,201601180MEM,17.4,3.8,2nd quarter,7:06.0,Marc Gasol,MEM,False,2-pointer,6,35-32,'NOP',leads
1178,1178,1178,201601180MEM,14.4,14.1,3rd quarter,11:24.0,Marc Gasol,MEM,False,2-pointer,14,49-51,'NOP',trails
1181,1181,1181,201601180MEM,17.4,14.5,3rd quarter,9:47.0,Marc Gasol,MEM,False,2-pointer,13,53-54,'NOP',trails
1187,1187,1187,201601180MEM,19.3,8.6,3rd quarter,7:23.0,Marc Gasol,MEM,True,2-pointer,7,60-58,'NOP',leads
1189,1189,1189,201601180MEM,16.6,6.9,3rd quarter,6:27.0,Marc Gasol,MEM,False,2-pointer,8,60-60,'NOP',tied
1194,1194,1194,201601180MEM,30.4,3.7,3rd quarter,3:48.0,Marc Gasol,MEM,True,2-pointer,6,66-65,'NOP',leads
1200,1200,1200,201601180MEM,24.0,3.1,4th quarter,11:45.0,Marc Gasol,MEM,True,2-pointer,0,74-76,'NOP',trails
1203,1203,1203,201601180MEM,20.3,9.5,4th quarter,7:54.0,Marc Gasol,MEM,False,2-pointer,7,80-81,'NOP',trails
1204,1204,1204,201601180MEM,24.0,3.1,4th quarter,6:46.0,Marc Gasol,MEM,True,2-pointer,0,84-81,'NOP',leads
164,164,164,201601210DEN,10.5,4.3,1st quarter,10:17.0,Marc Gasol,MEM,True,2-pointer,13,6-2,'DEN',leads
168,168,168,201601210DEN,10.2,10.2,1st quarter,7:42.0,Marc Gasol,MEM,True,2-pointer,15,16-11,'DEN',leads
174,174,174,201601210DEN,18.8,7.7,1st quarter,2:37.0,Marc Gasol,MEM,True,2-pointer,7,31-17,'DEN',leads
192,192,192,201601210DEN,36.5,9.7,2nd quarter,3:44.0,Marc Gasol,MEM,False,2-pointer,14,48-39,'DEN',leads
195,195,195,201601210DEN,22.9,18.6,2nd quarter,2:37.0,Marc Gasol,MEM,False,2-pointer,15,52-41,'DEN',leads
198,198,198,201601210DEN,22.9,17.9,2nd quarter,1:20.0,Marc Gasol,MEM,False,2-pointer,14,52-46,'DEN',leads
201,201,201,201601210DEN,24.2,23.5,3rd quarter,11:01.0,Marc Gasol,MEM,False,2-pointer,20,55-52,'DEN',leads
211,211,211,201601210DEN,26.2,9.2,3rd quarter,6:15.0,Marc Gasol,MEM,True,2-pointer,6,66-65,'DEN',leads
212,212,212,201601210DEN,14.8,4.3,3rd quarter,5:10.0,Marc Gasol,MEM,True,2-pointer,9,68-69,'DEN',trails
214,214,214,201601210DEN,13.8,3.0,3rd quarter,4:03.0,Marc Gasol,MEM,True,2-pointer,10,74-69,'DEN',leads
215,215,215,201601210DEN,12.3,4.1,3rd quarter,3:30.0,Marc Gasol,MEM,True,2-pointer,11,76-71,'DEN',leads
216,216,216,201601210DEN,34.7,6.1,3rd quarter,2:26.0,Marc Gasol,MEM,True,2-pointer,11,79-73,'DEN',leads
228,228,228,201601210DEN,11.3,3.3,4th quarter,6:45.0,Marc Gasol,MEM,False,2-pointer,12,87-84,'DEN',leads
234,234,234,201601210DEN,22.6,3.0,4th quarter,0:12.0,Marc Gasol,MEM,True,2-pointer,1,99-98,'DEN',leads
506,506,506,201601230MIN,13.1,16.6,1st quarter,7:30.0,Marc Gasol,MEM,False,2-pointer,17,9-6,'MIN',leads
507,507,507,201601230MIN,16.4,11.7,1st quarter,7:21.0,Marc Gasol,MEM,True,2-pointer,11,11-6,'MIN',leads
508,508,508,201601230MIN,9.7,2.9,1st quarter,6:12.0,Marc Gasol,MEM,True,2-pointer,14,13-8,'MIN',leads
513,513,513,201601230MIN,24.0,3.1,1st quarter,2:02.0,Marc Gasol,MEM,True,2-pointer,0,21-14,'MIN',leads
527,527,527,201601230MIN,17.0,15.1,2nd quarter,5:00.0,Marc Gasol,MEM,False,2-pointer,13,38-34,'MIN',leads
534,534,534,201601230MIN,24.1,9.5,2nd quarter,2:06.0,Marc Gasol,MEM,False,2-pointer,6,39-49,'MIN',trails
535,535,535,201601230MIN,23.1,3.7,2nd quarter,1:34.0,Marc Gasol,MEM,False,2-pointer,1,39-49,'MIN',trails
540,540,540,201601230MIN,11.3,11.7,3rd quarter,10:49.0,Marc Gasol,MEM,False,2-pointer,15,46-57,'MIN',trails
545,545,545,201601230MIN,24.2,8.6,3rd quarter,7:19.0,Marc Gasol,MEM,True,2-pointer,5,58-65,'MIN',trails
548,548,548,201601230MIN,23.8,22.8,3rd quarter,4:43.0,Marc Gasol,MEM,True,2-pointer,19,63-71,'MIN',trails
551,551,551,201601230MIN,15.4,6.1,3rd quarter,2:00.0,Marc Gasol,MEM,True,2-pointer,9,71-78,'MIN',trails
574,574,574,201601230MIN,20.8,11.0,4th quarter,1:28.0,Marc Gasol,MEM,True,2-pointer,8,101-101,'MIN',tied
756,756,756,201601250MEM,37.7,3.7,1st quarter,11:17.0,Marc Gasol,MEM,False,2-pointer,13,0-0,'ORL',tied
758,758,758,201601250MEM,39.1,12.0,1st quarter,10:34.0,Marc Gasol,MEM,True,2-pointer,17,2-2,'ORL',tied
766,766,766,201601250MEM,15.6,18.9,1st quarter,6:35.0,Marc Gasol,MEM,False,2-pointer,17,13-16,'ORL',trails
767,767,767,201601250MEM,25.2,3.2,1st quarter,5:44.0,Marc Gasol,MEM,True,2-pointer,1,16-16,'ORL',tied
769,769,769,201601250MEM,10.8,14.0,1st quarter,4:44.0,Marc Gasol,MEM,False,2-pointer,17,18-16,'ORL',leads
773,773,773,201601250MEM,26.2,7.6,1st quarter,2:50.0,Marc Gasol,MEM,False,2-pointer,5,22-20,'ORL',leads
776,776,776,201601250MEM,24.0,3.2,1st quarter,0:25.0,Marc Gasol,MEM,True,2-pointer,0,31-31,'ORL',tied
806,806,806,201601250MEM,17.2,11.5,3rd quarter,8:55.0,Marc Gasol,MEM,False,2-pointer,10,69-65,'ORL',leads
807,807,807,201601250MEM,10.7,9.7,3rd quarter,8:13.0,Marc Gasol,MEM,False,2-pointer,14,69-68,'ORL',leads
809,809,809,201601250MEM,26.4,3.2,3rd quarter,6:57.0,Marc Gasol,MEM,True,2-pointer,2,71-70,'ORL',leads
825,825,825,201601250MEM,22.6,1.9,4th quarter,9:57.0,Marc Gasol,MEM,False,2-pointer,1,82-85,'ORL',trails
827,827,827,201601250MEM,24.9,13.6,4th quarter,9:48.0,Marc Gasol,MEM,False,2-pointer,10,82-85,'ORL',trails
830,830,830,201601250MEM,27.2,4.1,4th quarter,8:06.0,Marc Gasol,MEM,False,2-pointer,3,84-87,'ORL',trails
833,833,833,201601250MEM,23.4,5.1,4th quarter,7:31.0,Marc Gasol,MEM,True,2-pointer,2,86-87,'ORL',trails
834,834,834,201601250MEM,25.2,8.1,4th quarter,6:58.0,Marc Gasol,MEM,False,2-pointer,5,86-87,'ORL',trails
836,836,836,201601250MEM,24.0,3.1,4th quarter,6:13.0,Marc Gasol,MEM,True,2-pointer,0,90-87,'ORL',leads
839,839,839,201601250MEM,26.5,16.1,4th quarter,4:41.0,Marc Gasol,MEM,True,2-pointer,13,94-89,'ORL',leads
842,842,842,201601250MEM,17.0,8.1,4th quarter,2:18.0,Marc Gasol,MEM,False,2-pointer,8,96-95,'ORL',leads
845,845,845,201601250MEM,10.5,12.5,4th quarter,0:50.0,Marc Gasol,MEM,False,2-pointer,16,96-96,'ORL',tied
850,850,850,201601250MEM,14.3,3.8,1st overtime,2:21.0,Marc Gasol,MEM,False,2-pointer,9,103-102,'ORL',leads
421,421,421,201601280MEM,23.6,15.9,1st quarter,10:28.0,Marc Gasol,MEM,True,2-pointer,12,4-2,'MEM',leads
425,425,425,201601280MEM,17.7,8.2,1st quarter,7:56.0,Marc Gasol,MEM,True,2-pointer,8,10-9,'MEM',leads
426,426,426,201601280MEM,32.9,21.3,1st quarter,7:15.0,Marc Gasol,MEM,True,2-pointer,20,12-9,'MEM',leads
431,431,431,201601280MEM,24.9,12.5,1st quarter,4:34.0,Marc Gasol,MEM,False,2-pointer,9,15-14,'MEM',leads
443,443,443,201601280MEM,12.8,4.6,2nd quarter,7:28.0,Marc Gasol,MEM,True,2-pointer,11,37-33,'MEM',leads
446,446,446,201601280MEM,33.9,11.0,2nd quarter,5:40.0,Marc Gasol,MEM,True,2-pointer,12,39-35,'MEM',leads
447,447,447,201601280MEM,28.8,22.8,2nd quarter,5:01.0,Marc Gasol,MEM,False,2-pointer,20,39-37,'MEM',leads
450,450,450,201601280MEM,19.7,22.3,2nd quarter,4:15.0,Marc Gasol,MEM,False,2-pointer,19,42-37,'MEM',leads
453,453,453,201601280MEM,24.0,3.1,2nd quarter,3:09.0,Marc Gasol,MEM,True,2-pointer,0,46-39,'MEM',leads
464,464,464,201601280MEM,12.1,17.4,3rd quarter,8:15.0,Marc Gasol,MEM,False,2-pointer,18,61-45,'MEM',leads
489,489,489,201601280MEM,11.6,2.5,4th quarter,6:17.0,Marc Gasol,MEM,True,2-pointer,12,95-71,'MEM',leads
612,612,612,201601300MEM,31.8,4.6,1st quarter,11:34.0,Marc Gasol,MEM,True,2-pointer,7,2-0,'SAC',leads
617,617,617,201601300MEM,21.6,21.3,1st quarter,8:06.0,Marc Gasol,MEM,False,2-pointer,18,13-6,'SAC',leads
618,618,618,201601300MEM,16.7,4.3,1st quarter,7:45.0,Marc Gasol,MEM,True,2-pointer,7,15-7,'SAC',leads
623,623,623,201601300MEM,26.7,7.6,1st quarter,4:59.0,Marc Gasol,MEM,False,2-pointer,5,20-12,'SAC',leads
631,631,631,201601300MEM,24.0,3.1,1st quarter,2:04.0,Marc Gasol,MEM,False,2-pointer,0,28-18,'SAC',leads
634,634,634,201601300MEM,14.9,5.1,1st quarter,0:01.0,Marc Gasol,MEM,True,2-pointer,9,36-22,'SAC',leads
653,653,653,201601300MEM,22.1,2.9,2nd quarter,1:20.0,Marc Gasol,MEM,True,2-pointer,1,62-49,'SAC',leads
660,660,660,201601300MEM,5.4,4.6,3rd quarter,8:30.0,Marc Gasol,MEM,False,2-pointer,18,73-59,'SAC',leads
661,661,661,201601300MEM,17.4,4.1,3rd quarter,8:00.0,Marc Gasol,MEM,True,2-pointer,6,75-59,'SAC',leads
664,664,664,201601300MEM,17.7,12.0,3rd quarter,5:41.0,Marc Gasol,MEM,False,2-pointer,10,82-64,'SAC',leads
667,667,667,201601300MEM,13.3,7.7,3rd quarter,4:36.0,Marc Gasol,MEM,False,2-pointer,11,82-64,'SAC',leads
669,669,669,201601300MEM,22.6,18.1,3rd quarter,2:24.0,Marc Gasol,MEM,True,2-pointer,15,87-69,'SAC',leads
682,682,682,201601300MEM,12.8,6.1,4th quarter,6:49.0,Marc Gasol,MEM,False,2-pointer,11,104-94,'SAC',leads
687,687,687,201601300MEM,11.8,15.1,4th quarter,3:44.0,Marc Gasol,MEM,True,2-pointer,17,108-102,'SAC',leads
695,695,695,201602010NOP,11.5,10.5,1st quarter,9:46.0,Marc Gasol,MEM,True,2-pointer,14,6-7,'NOP',trails
698,698,698,201602010NOP,7.5,5.6,1st quarter,7:25.0,Marc Gasol,MEM,True,2-pointer,16,12-9,'NOP',leads
699,699,699,201602010NOP,26.8,3.8,1st quarter,6:52.0,Marc Gasol,MEM,True,2-pointer,2,14-11,'NOP',leads
701,701,701,201602010NOP,22.1,3.2,1st quarter,5:03.0,Marc Gasol,MEM,True,2-pointer,1,18-17,'NOP',leads
703,703,703,201602010NOP,10.2,3.2,1st quarter,2:36.0,Marc Gasol,MEM,False,2-pointer,13,20-21,'NOP',trails
706,706,706,201602010NOP,27.0,7.6,1st quarter,1:11.0,Marc Gasol,MEM,False,2-pointer,5,22-24,'NOP',trails
721,721,721,201602010NOP,24.4,7.7,2nd quarter,3:19.0,Marc Gasol,MEM,True,2-pointer,4,42-47,'NOP',trails
726,726,726,201602010NOP,12.5,16.1,2nd quarter,1:04.0,Marc Gasol,MEM,True,2-pointer,17,52-50,'NOP',leads
728,728,728,201602010NOP,6.4,10.0,3rd quarter,11:16.0,Marc Gasol,MEM,False,2-pointer,18,54-52,'NOP',leads
730,730,730,201602010NOP,13.8,14.5,3rd quarter,9:27.0,Marc Gasol,MEM,False,2-pointer,15,56-57,'NOP',trails
732,732,732,201602010NOP,23.3,13.5,3rd quarter,8:37.0,Marc Gasol,MEM,False,2-pointer,10,59-57,'NOP',leads
754,754,754,201602010NOP,24.0,3.1,4th quarter,5:19.0,Marc Gasol,MEM,True,2-pointer,0,94-86,'NOP',leads
1026,1026,1026,201602050NYK,13.0,13.6,1st quarter,10:38.0,Marc Gasol,MEM,True,2-pointer,15,7-0,'NYK',leads
1034,1034,1034,201602050NYK,11.0,10.5,1st quarter,5:31.0,Marc Gasol,MEM,False,2-pointer,15,14-10,'NYK',leads
1053,1053,1053,201602050NYK,25.5,7.7,2nd quarter,2:43.0,Marc Gasol,MEM,True,2-pointer,4,48-39,'NYK',leads
1056,1056,1056,201602050NYK,13.3,6.1,2nd quarter,0:57.0,Marc Gasol,MEM,False,2-pointer,11,48-40,'NYK',leads
1064,1064,1064,201602050NYK,19.7,9.5,3rd quarter,8:05.0,Marc Gasol,MEM,False,2-pointer,7,52-46,'NYK',leads
1066,1066,1066,201602050NYK,10.5,15.4,3rd quarter,6:40.0,Marc Gasol,MEM,True,2-pointer,18,57-48,'NYK',leads
1086,1086,1086,201602050NYK,23.6,20.5,4th quarter,8:15.0,Marc Gasol,MEM,False,2-pointer,17,75-71,'NYK',leads
1089,1089,1089,201602050NYK,25.5,16.9,4th quarter,6:58.0,Marc Gasol,MEM,True,2-pointer,13,77-71,'NYK',leads
1091,1091,1091,201602050NYK,13.8,9.7,4th quarter,5:50.0,Marc Gasol,MEM,False,2-pointer,12,77-71,'NYK',leads
1096,1096,1096,201602050NYK,24.0,3.1,4th quarter,2:22.0,Marc Gasol,MEM,True,2-pointer,0,85-77,'NYK',leads
1099,1099,1099,201602050NYK,23.8,2.9,4th quarter,0:17.0,Marc Gasol,MEM,False,2-pointer,0,87-85,'NYK',leads
933,933,933,201602060MEM,15.4,15.4,1st quarter,9:36.0,Marc Gasol,MEM,True,2-pointer,15,7-2,'DAL',leads
935,935,935,201602060MEM,29.0,7.6,1st quarter,8:12.0,Marc Gasol,MEM,True,2-pointer,6,12-4,'DAL',leads
936,936,936,201602060MEM,11.8,2.5,1st quarter,7:35.0,Marc Gasol,MEM,True,2-pointer,12,14-6,'DAL',leads
938,938,938,201602060MEM,29.5,21.3,1st quarter,5:14.0,Marc Gasol,MEM,True,2-pointer,19,17-14,'DAL',leads
942,942,942,201602060MEM,29.3,14.5,1st quarter,3:37.0,Marc Gasol,MEM,False,2-pointer,12,21-20,'DAL',leads
961,961,961,201602060MEM,12.6,3.7,2nd quarter,6:03.0,Marc Gasol,MEM,False,2-pointer,11,44-36,'DAL',leads
965,965,965,201602060MEM,27.2,18.1,2nd quarter,2:44.0,Marc Gasol,MEM,True,2-pointer,15,46-45,'DAL',leads
966,966,966,201602060MEM,25.2,4.3,2nd quarter,1:50.0,Marc Gasol,MEM,True,2-pointer,1,50-47,'DAL',leads
967,967,967,201602060MEM,8.5,12.0,2nd quarter,1:27.0,Marc Gasol,MEM,False,2-pointer,17,50-47,'DAL',leads
971,971,971,201602060MEM,17.7,5.3,3rd quarter,9:00.0,Marc Gasol,MEM,False,2-pointer,6,54-58,'DAL',trails
1004,1004,1004,201602060MEM,29.5,17.6,4th quarter,4:13.0,Marc Gasol,MEM,False,2-pointer,15,91-97,'DAL',trails
1013,1013,1013,201602060MEM,24.2,7.7,1st overtime,3:21.0,Marc Gasol,MEM,True,2-pointer,4,104-105,'DAL',trails
1014,1014,1014,201602060MEM,25.0,12.0,1st overtime,2:44.0,Marc Gasol,MEM,True,2-pointer,9,106-107,'DAL',trails
1016,1016,1016,201602060MEM,27.8,6.1,1st overtime,1:12.0,Marc Gasol,MEM,True,2-pointer,4,109-110,'DAL',trails
1017,1017,1017,201602060MEM,18.7,7.6,1st overtime,0:33.0,Marc Gasol,MEM,False,2-pointer,7,109-110,'DAL',trails
1109,1109,1109,201602080MEM,27.3,8.6,1st quarter,11:35.0,Marc Gasol,MEM,True,2-pointer,6,2-0,'POR',leads
1117,1117,1117,201602080MEM,13.6,21.5,1st quarter,6:05.0,Marc Gasol,MEM,True,2-pointer,21,18-12,'POR',leads
1119,1119,1119,201602080MEM,9.8,13.5,1st quarter,4:32.0,Marc Gasol,MEM,True,2-pointer,17,20-15,'POR',leads
1120,1120,1120,201602080MEM,14.3,3.8,1st quarter,3:43.0,Marc Gasol,MEM,False,2-pointer,9,20-15,'POR',leads
1121,1121,1121,201602080MEM,28.6,17.6,1st quarter,3:15.0,Marc Gasol,MEM,False,2-pointer,15,20-15,'POR',leads
1123,1123,1123,201602080MEM,21.5,5.8,1st quarter,2:10.0,Marc Gasol,MEM,True,2-pointer,3,22-19,'POR',leads
643,643,643,201610260MEM,24.1,7.7,1st quarter,9:58.0,Marc Gasol,MEM,False,2-pointer,4,1-9,'MEM',trails
647,647,647,201610260MEM,24.4,4.1,1st quarter,6:53.0,Marc Gasol,MEM,True,2-pointer,1,5-20,'MEM',trails
649,649,649,201610260MEM,34.7,26.2,1st quarter,5:35.0,Marc Gasol,MEM,True,3-pointer,25,11-20,'MEM',trails
652,652,652,201610260MEM,41.1,22.5,1st quarter,4:17.0,Marc Gasol,MEM,False,3-pointer,25,11-22,'MEM',trails
675,675,675,201610260MEM,24.2,4.6,2nd quarter,5:52.0,Marc Gasol,MEM,False,2-pointer,1,41-45,'MEM',trails
676,676,676,201610260MEM,25.9,8.6,2nd quarter,5:48.0,Marc Gasol,MEM,True,2-pointer,5,43-45,'MEM',trails
677,677,677,201610260MEM,11.8,6.6,2nd quarter,5:13.0,Marc Gasol,MEM,True,2-pointer,12,45-45,'MEM',tied
679,679,679,201610260MEM,10.5,4.1,2nd quarter,3:48.0,Marc Gasol,MEM,True,2-pointer,13,47-49,'MEM',trails
680,680,680,201610260MEM,26.2,9.5,2nd quarter,2:19.0,Marc Gasol,MEM,False,2-pointer,6,48-52,'MEM',trails
681,681,681,201610260MEM,13.3,26.7,2nd quarter,1:12.0,Marc Gasol,MEM,False,3-pointer,26,48-54,'MEM',trails
686,686,686,201610260MEM,44.2,3.7,3rd quarter,11:11.0,Marc Gasol,MEM,False,2-pointer,20,50-61,'MEM',trails
692,692,692,201610260MEM,29.3,7.6,3rd quarter,9:13.0,Marc Gasol,MEM,False,2-pointer,7,58-61,'MEM',trails
698,698,698,201610260MEM,12.8,8.7,3rd quarter,4:04.0,Marc Gasol,MEM,False,2-pointer,12,70-69,'MEM',leads
700,700,700,201610260MEM,24.0,3.9,3rd quarter,3:01.0,Marc Gasol,MEM,False,2-pointer,0,73-69,'MEM',leads
715,715,715,201610260MEM,23.4,8.7,4th quarter,3:15.0,Marc Gasol,MEM,False,2-pointer,5,86-88,'MEM',trails
717,717,717,201610260MEM,27.3,9.5,4th quarter,2:00.0,Marc Gasol,MEM,True,2-pointer,7,91-90,'MEM',leads
719,719,719,201610260MEM,33.2,11.0,4th quarter,0:57.0,Marc Gasol,MEM,True,2-pointer,12,96-93,'MEM',leads
873,873,873,201610290NYK,11.0,1.4,1st quarter,10:14.0,Marc Gasol,MEM,False,2-pointer,13,2-6,'NYK',trails
879,879,879,201610290NYK,23.1,19.4,1st quarter,7:14.0,Marc Gasol,MEM,False,2-pointer,16,6-16,'NYK',trails
884,884,884,201610290NYK,16.2,15.4,1st quarter,5:00.0,Marc Gasol,MEM,False,2-pointer,14,9-20,'NYK',trails
885,885,885,201610290NYK,22.0,6.3,1st quarter,4:31.0,Marc Gasol,MEM,True,2-pointer,3,11-22,'NYK',trails
908,908,908,201610290NYK,19.0,2.9,2nd quarter,4:30.0,Marc Gasol,MEM,False,2-pointer,5,35-50,'NYK',trails
910,910,910,201610290NYK,25.9,3.3,2nd quarter,3:35.0,Marc Gasol,MEM,False,2-pointer,1,38-54,'NYK',trails
913,913,913,201610290NYK,22.8,7.9,2nd quarter,0:58.0,Marc Gasol,MEM,False,2-pointer,5,44-56,'NYK',trails
914,914,914,201610290NYK,22.0,2.5,2nd quarter,0:38.0,Marc Gasol,MEM,True,2-pointer,2,46-56,'NYK',trails
915,915,915,201610290NYK,21.1,7.6,3rd quarter,11:48.0,Marc Gasol,MEM,True,2-pointer,5,51-57,'NYK',trails
916,916,916,201610290NYK,5.3,19.9,3rd quarter,11:08.0,Marc Gasol,MEM,False,3-pointer,25,51-59,'NYK',trails
921,921,921,201610290NYK,13.3,2.4,3rd quarter,7:10.0,Marc Gasol,MEM,False,2-pointer,10,57-70,'NYK',trails
947,947,947,201610290NYK,24.9,26.9,4th quarter,3:53.0,Marc Gasol,MEM,False,3-pointer,23,88-99,'NYK',trails
948,948,948,201610290NYK,21.8,3.3,4th quarter,3:13.0,Marc Gasol,MEM,True,2-pointer,2,91-99,'NYK',trails
954,954,954,201610290NYK,44.5,16.9,4th quarter,1:25.0,Marc Gasol,MEM,True,3-pointer,24,101-106,'NYK',trails
955,955,955,201610290NYK,13.4,25.3,4th quarter,1:01.0,Marc Gasol,MEM,False,3-pointer,24,101-108,'NYK',trails
577,577,577,201610300MEM,14.3,24.3,1st quarter,11:33.0,Marc Gasol,MEM,False,2-pointer,23,0-0,'MEM',tied
578,578,578,201610300MEM,25.5,28.2,1st quarter,11:12.0,Marc Gasol,MEM,True,3-pointer,25,3-0,'MEM',leads
582,582,582,201610300MEM,30.3,27.7,1st quarter,8:46.0,Marc Gasol,MEM,False,3-pointer,25,3-5,'MEM',trails
583,583,583,201610300MEM,29.8,11.7,1st quarter,8:35.0,Marc Gasol,MEM,False,2-pointer,10,3-5,'MEM',trails
585,585,585,201610300MEM,10.5,5.6,1st quarter,7:41.0,Marc Gasol,MEM,False,2-pointer,13,6-7,'MEM',trails
606,606,606,201610300MEM,32.9,14.5,2nd quarter,6:37.0,Marc Gasol,MEM,True,2-pointer,14,43-31,'MEM',leads
621,621,621,201610300MEM,14.1,4.8,3rd quarter,10:14.0,Marc Gasol,MEM,False,2-pointer,10,58-58,'MEM',tied
622,622,622,201610300MEM,11.0,11.5,3rd quarter,9:17.0,Marc Gasol,MEM,False,2-pointer,15,58-58,'MEM',tied
625,625,625,201610300MEM,16.9,5.6,3rd quarter,7:02.0,Marc Gasol,MEM,True,2-pointer,7,66-62,'MEM',leads
627,627,627,201610300MEM,7.4,21.3,3rd quarter,6:21.0,Marc Gasol,MEM,False,3-pointer,24,66-62,'MEM',leads
650,650,650,201610300MEM,33.4,21.3,4th quarter,5:17.0,Marc Gasol,MEM,False,2-pointer,20,88-91,'MEM',trails
659,659,659,201610300MEM,5.1,22.8,4th quarter,0:16.0,Marc Gasol,MEM,True,3-pointer,27,100-100,'MEM',tied
660,660,660,201610300MEM,3.8,19.4,1st overtime,3:23.0,Marc Gasol,MEM,True,3-pointer,26,107-100,'MEM',leads
662,662,662,201610300MEM,20.2,27.4,1st overtime,1:46.0,Marc Gasol,MEM,True,3-pointer,24,110-100,'MEM',leads
920,920,920,201611020MEM,24.6,19.0,1st quarter,10:10.0,Marc Gasol,MEM,False,2-pointer,16,4-3,'NOP',leads
921,921,921,201611020MEM,20.8,7.3,1st quarter,9:43.0,Marc Gasol,MEM,False,2-pointer,5,4-3,'NOP',leads
923,923,923,201611020MEM,28.0,11.0,1st quarter,8:26.0,Marc Gasol,MEM,True,2-pointer,8,9-5,'NOP',leads
929,929,929,201611020MEM,39.1,18.6,1st quarter,5:23.0,Marc Gasol,MEM,False,2-pointer,21,15-9,'NOP',leads
932,932,932,201611020MEM,7.1,23.8,1st quarter,3:48.0,Marc Gasol,MEM,False,3-pointer,26,17-11,'NOP',leads
933,933,933,201611020MEM,25.5,4.3,1st quarter,3:25.0,Marc Gasol,MEM,False,2-pointer,1,17-11,'NOP',leads
960,960,960,201611020MEM,24.9,4.1,2nd quarter,1:51.0,Marc Gasol,MEM,False,2-pointer,1,35-41,'NOP',trails
962,962,962,201611020MEM,10.0,10.5,2nd quarter,1:00.0,Marc Gasol,MEM,True,2-pointer,15,39-44,'NOP',trails
964,964,964,201611020MEM,32.7,28.2,2nd quarter,0:01.0,Marc Gasol,MEM,False,3-pointer,26,41-48,'NOP',trails
966,966,966,201611020MEM,9.5,16.6,3rd quarter,10:57.0,Marc Gasol,MEM,False,2-pointer,19,43-48,'NOP',trails
967,967,967,201611020MEM,23.8,4.1,3rd quarter,10:33.0,Marc Gasol,MEM,False,2-pointer,1,43-48,'NOP',trails
969,969,969,201611020MEM,18.2,17.6,3rd quarter,8:48.0,Marc Gasol,MEM,False,2-pointer,15,44-48,'NOP',trails
991,991,991,201611020MEM,21.8,13.0,4th quarter,7:53.0,Marc Gasol,MEM,False,2-pointer,10,68-66,'NOP',leads
992,992,992,201611020MEM,23.6,13.0,4th quarter,7:42.0,Marc Gasol,MEM,False,2-pointer,10,68-66,'NOP',leads
1000,1000,1000,201611020MEM,8.2,11.2,4th quarter,3:20.0,Marc Gasol,MEM,False,2-pointer,17,72-75,'NOP',trails
1005,1005,1005,201611020MEM,43.2,25.3,4th quarter,0:23.0,Marc Gasol,MEM,False,3-pointer,29,75-75,'NOP',tied
1007,1007,1007,201611020MEM,24.4,28.2,1st overtime,2:39.0,Marc Gasol,MEM,True,3-pointer,25,84-76,'NOP',leads
1009,1009,1009,201611020MEM,19.2,28.7,1st overtime,1:30.0,Marc Gasol,MEM,False,3-pointer,26,87-77,'NOP',leads
773,773,773,201611040MEM,35.0,20.4,1st quarter,11:41.0,Marc Gasol,MEM,False,2-pointer,20,0-0,'MEM',tied
776,776,776,201611040MEM,11.6,2.9,1st quarter,10:23.0,Marc Gasol,MEM,False,2-pointer,12,0-0,'MEM',tied
780,780,780,201611040MEM,40.9,4.6,1st quarter,9:12.0,Marc Gasol,MEM,False,2-pointer,16,3-4,'MEM',trails
784,784,784,201611040MEM,27.7,21.3,1st quarter,6:32.0,Marc Gasol,MEM,True,2-pointer,18,11-15,'MEM',trails
786,786,786,201611040MEM,26.2,28.4,1st quarter,5:17.0,Marc Gasol,MEM,False,3-pointer,25,11-15,'MEM',trails
788,788,788,201611040MEM,27.7,27.7,1st quarter,3:31.0,Marc Gasol,MEM,False,3-pointer,24,13-18,'MEM',trails
804,804,804,201611040MEM,25.9,20.8,2nd quarter,6:58.0,Marc Gasol,MEM,False,2-pointer,17,28-34,'MEM',trails
807,807,807,201611040MEM,33.1,20.8,2nd quarter,5:49.0,Marc Gasol,MEM,False,2-pointer,19,28-34,'MEM',trails
809,809,809,201611040MEM,22.1,8.7,2nd quarter,4:32.0,Marc Gasol,MEM,False,2-pointer,6,28-38,'MEM',trails
813,813,813,201611040MEM,23.9,5.8,2nd quarter,3:10.0,Marc Gasol,MEM,False,2-pointer,2,30-45,'MEM',trails
817,817,817,201611040MEM,16.9,8.6,3rd quarter,11:14.0,Marc Gasol,MEM,False,2-pointer,9,35-53,'MEM',trails
819,819,819,201611040MEM,23.6,12.5,3rd quarter,10:27.0,Marc Gasol,MEM,True,2-pointer,9,39-55,'MEM',trails
821,821,821,201611040MEM,24.1,15.9,3rd quarter,9:17.0,Marc Gasol,MEM,True,2-pointer,12,41-59,'MEM',trails
830,830,830,201611040MEM,11.0,17.9,3rd quarter,5:34.0,Marc Gasol,MEM,True,2-pointer,19,47-64,'MEM',trails
840,840,840,201611040MEM,20.2,27.2,4th quarter,11:18.0,Marc Gasol,MEM,True,3-pointer,24,62-76,'MEM',trails
848,848,848,201611040MEM,6.1,19.9,4th quarter,4:21.0,Marc Gasol,MEM,False,3-pointer,24,73-87,'MEM',trails
850,850,850,201611040MEM,21.0,7.6,4th quarter,3:51.0,Marc Gasol,MEM,True,2-pointer,5,75-87,'MEM',trails
851,851,851,201611040MEM,22.4,3.2,4th quarter,3:14.0,Marc Gasol,MEM,True,2-pointer,1,77-87,'MEM',trails
594,594,594,201611060MEM,29.5,13.6,1st quarter,10:39.0,Marc Gasol,MEM,False,2-pointer,12,2-3,'POR',trails
602,602,602,201611060MEM,25.4,3.7,1st quarter,6:36.0,Marc Gasol,MEM,True,2-pointer,2,8-13,'POR',trails
603,603,603,201611060MEM,21.6,2.9,1st quarter,6:09.0,Marc Gasol,MEM,False,2-pointer,2,8-15,'POR',trails
604,604,604,201611060MEM,6.4,15.4,1st quarter,5:48.0,Marc Gasol,MEM,True,2-pointer,22,10-15,'POR',trails
624,624,624,201611060MEM,12.5,6.1,2nd quarter,4:20.0,Marc Gasol,MEM,True,2-pointer,12,38-38,'POR',tied
626,626,626,201611060MEM,15.2,5.6,2nd quarter,2:09.0,Marc Gasol,MEM,False,2-pointer,9,41-41,'POR',tied
627,627,627,201611060MEM,25.9,4.3,2nd quarter,1:48.0,Marc Gasol,MEM,True,2-pointer,2,43-41,'POR',leads
633,633,633,201611060MEM,39.0,12.7,3rd quarter,11:21.0,Marc Gasol,MEM,True,2-pointer,18,53-49,'POR',leads
636,636,636,201611060MEM,37.8,26.2,3rd quarter,9:48.0,Marc Gasol,MEM,True,3-pointer,27,58-51,'POR',leads
638,638,638,201611060MEM,24.1,11.0,3rd quarter,8:33.0,Marc Gasol,MEM,False,2-pointer,8,61-53,'POR',leads
640,640,640,201611060MEM,9.2,14.5,3rd quarter,7:06.0,Marc Gasol,MEM,False,2-pointer,19,63-57,'POR',leads
642,642,642,201611060MEM,19.7,19.9,3rd quarter,5:47.0,Marc Gasol,MEM,False,2-pointer,17,66-62,'POR',leads
643,643,643,201611060MEM,18.7,5.8,3rd quarter,5:29.0,Marc Gasol,MEM,True,2-pointer,6,68-62,'POR',leads
664,664,664,201611060MEM,13.4,27.9,4th quarter,4:17.0,Marc Gasol,MEM,False,3-pointer,27,90-95,'POR',trails
579,579,579,201611080MEM,28.0,5.1,1st quarter,9:59.0,Marc Gasol,MEM,True,2-pointer,5,4-7,'DEN',trails
581,581,581,201611080MEM,24.0,3.1,1st quarter,9:07.0,Marc Gasol,MEM,True,2-pointer,0,6-11,'DEN',trails
588,588,588,201611080MEM,11.0,8.6,1st quarter,6:07.0,Marc Gasol,MEM,True,2-pointer,14,16-11,'DEN',leads
589,589,589,201611080MEM,36.8,24.9,1st quarter,5:40.0,Marc Gasol,MEM,False,3-pointer,25,16-12,'DEN',leads
612,612,612,201611080MEM,26.8,3.8,2nd quarter,5:35.0,Marc Gasol,MEM,True,2-pointer,3,44-38,'DEN',leads
613,613,613,201611080MEM,38.1,16.4,2nd quarter,4:35.0,Marc Gasol,MEM,False,2-pointer,19,44-41,'DEN',leads
614,614,614,201611080MEM,19.2,7.1,2nd quarter,4:03.0,Marc Gasol,MEM,True,2-pointer,6,46-43,'DEN',leads
621,621,621,201611080MEM,21.1,3.8,2nd quarter,0:08.0,Marc Gasol,MEM,True,2-pointer,3,56-56,'DEN',tied
623,623,623,201611080MEM,25.2,21.3,3rd quarter,11:15.0,Marc Gasol,MEM,False,2-pointer,18,56-56,'DEN',tied
631,631,631,201611080MEM,28.2,20.0,3rd quarter,5:42.0,Marc Gasol,MEM,True,2-pointer,18,67-60,'DEN',leads
633,633,633,201611080MEM,23.6,10.0,3rd quarter,3:29.0,Marc Gasol,MEM,True,2-pointer,7,72-69,'DEN',leads
650,650,650,201611080MEM,28.0,22.0,4th quarter,6:00.0,Marc Gasol,MEM,False,2-pointer,19,95-91,'DEN',leads
659,659,659,201611080MEM,12.0,16.4,4th quarter,1:07.0,Marc Gasol,MEM,False,2-pointer,18,106-105,'DEN',leads
661,661,661,201611080MEM,24.0,5.8,4th quarter,0:00.0,Marc Gasol,MEM,True,2-pointer,3,108-107,'DEN',leads
1039,1039,1039,201611120MIL,30.9,29.4,1st quarter,6:00.0,Marc Gasol,MEM,False,3-pointer,27,8-14,'MIL',trails
1060,1060,1060,201611120MIL,26.2,20.8,2nd quarter,6:05.0,Marc Gasol,MEM,False,2-pointer,18,27-32,'MIL',trails
1061,1061,1061,201611120MIL,10.0,4.1,2nd quarter,5:38.0,Marc Gasol,MEM,False,2-pointer,14,27-32,'MIL',trails
1063,1063,1063,201611120MIL,26.0,3.2,2nd quarter,4:25.0,Marc Gasol,MEM,False,2-pointer,2,29-35,'MIL',trails
1064,1064,1064,201611120MIL,30.0,7.3,2nd quarter,4:00.0,Marc Gasol,MEM,True,2-pointer,7,31-37,'MIL',trails
1068,1068,1068,201611120MIL,10.0,5.1,2nd quarter,0:02.0,Marc Gasol,MEM,True,2-pointer,14,37-44,'MIL',trails
1070,1070,1070,201611120MIL,21.5,4.4,3rd quarter,11:43.0,Marc Gasol,MEM,True,2-pointer,3,41-44,'MIL',trails
1071,1071,1071,201611120MIL,29.8,28.2,3rd quarter,11:02.0,Marc Gasol,MEM,False,3-pointer,26,41-46,'MIL',trails
1075,1075,1075,201611120MIL,17.5,20.5,3rd quarter,9:02.0,Marc Gasol,MEM,True,2-pointer,19,48-50,'MIL',trails
1076,1076,1076,201611120MIL,11.8,9.5,3rd quarter,8:23.0,Marc Gasol,MEM,False,2-pointer,14,48-50,'MIL',trails
1080,1080,1080,201611120MIL,47.8,5.6,3rd quarter,5:28.0,Marc Gasol,MEM,True,3-pointer,24,58-57,'MIL',leads
1083,1083,1083,201611120MIL,24.6,16.6,3rd quarter,3:01.0,Marc Gasol,MEM,True,2-pointer,14,64-64,'MIL',tied
1097,1097,1097,201611120MIL,21.6,29.2,4th quarter,7:08.0,Marc Gasol,MEM,False,3-pointer,26,79-91,'MIL',trails
1201,1201,1201,201611140UTA,17.5,8.6,1st quarter,11:23.0,Marc Gasol,MEM,True,2-pointer,8,2-0,'UTA',leads
1202,1202,1202,201611140UTA,26.5,27.2,1st quarter,10:48.0,Marc Gasol,MEM,True,3-pointer,24,5-0,'UTA',leads
1205,1205,1205,201611140UTA,12.8,24.3,1st quarter,9:15.0,Marc Gasol,MEM,False,3-pointer,24,7-5,'UTA',leads
1211,1211,1211,201611140UTA,7.4,3.2,1st quarter,5:56.0,Marc Gasol,MEM,True,2-pointer,16,20-15,'UTA',leads
1212,1212,1212,201611140UTA,23.6,9.7,1st quarter,5:16.0,Marc Gasol,MEM,False,2-pointer,6,20-15,'UTA',leads
1214,1214,1214,201611140UTA,23.3,10.2,1st quarter,4:06.0,Marc Gasol,MEM,True,2-pointer,7,24-17,'UTA',leads
1228,1228,1228,201611140UTA,15.4,25.8,2nd quarter,7:03.0,Marc Gasol,MEM,True,3-pointer,24,43-36,'UTA',leads
1229,1229,1229,201611140UTA,17.0,3.7,2nd quarter,5:56.0,Marc Gasol,MEM,True,2-pointer,7,45-36,'UTA',leads
1230,1230,1230,201611140UTA,9.7,8.2,2nd quarter,5:20.0,Marc Gasol,MEM,True,2-pointer,15,47-39,'UTA',leads
1236,1236,1236,201611140UTA,26.0,2.9,2nd quarter,0:27.0,Marc Gasol,MEM,False,2-pointer,2,56-48,'UTA',leads
1237,1237,1237,201611140UTA,27.8,10.2,3rd quarter,11:40.0,Marc Gasol,MEM,False,2-pointer,8,56-48,'UTA',leads
1238,1238,1238,201611140UTA,9.2,23.0,3rd quarter,11:31.0,Marc Gasol,MEM,False,3-pointer,24,56-48,'UTA',leads
1239,1239,1239,201611140UTA,24.1,5.8,3rd quarter,11:22.0,Marc Gasol,MEM,True,2-pointer,2,58-48,'UTA',leads
1243,1243,1243,201611140UTA,7.1,16.4,3rd quarter,9:16.0,Marc Gasol,MEM,False,2-pointer,21,60-52,'UTA',leads
1272,1272,1272,201611140UTA,7.7,21.8,4th quarter,2:14.0,Marc Gasol,MEM,False,3-pointer,24,90-88,'UTA',leads
1273,1273,1273,201611140UTA,20.5,6.8,4th quarter,1:57.0,Marc Gasol,MEM,True,2-pointer,5,92-88,'UTA',leads
672,672,672,201611160LAC,14.8,3.2,1st quarter,10:49.0,Marc Gasol,MEM,True,2-pointer,9,4-1,'MEM',leads
673,673,673,201611160LAC,5.6,3.2,1st quarter,10:07.0,Marc Gasol,MEM,False,2-pointer,18,4-3,'MEM',leads
674,674,674,201611160LAC,31.8,27.7,1st quarter,9:46.0,Marc Gasol,MEM,False,3-pointer,26,4-3,'MEM',leads
675,675,675,201611160LAC,24.6,5.1,1st quarter,9:15.0,Marc Gasol,MEM,True,2-pointer,2,6-3,'MEM',leads
677,677,677,201611160LAC,24.0,15.4,1st quarter,7:53.0,Marc Gasol,MEM,True,2-pointer,12,8-8,'MEM',tied
684,684,684,201611160LAC,10.7,21.3,1st quarter,5:28.0,Marc Gasol,MEM,False,2-pointer,23,14-14,'MEM',tied
705,705,705,201611160LAC,37.7,3.7,2nd quarter,5:52.0,Marc Gasol,MEM,False,2-pointer,14,46-36,'MEM',leads
710,710,710,201611160LAC,28.8,8.6,2nd quarter,2:25.0,Marc Gasol,MEM,False,2-pointer,7,50-43,'MEM',leads
711,711,711,201611160LAC,25.0,5.6,2nd quarter,2:20.0,Marc Gasol,MEM,True,2-pointer,3,52-43,'MEM',leads
716,716,716,201611160LAC,9.3,25.8,2nd quarter,0:17.0,Marc Gasol,MEM,True,3-pointer,27,59-45,'MEM',leads
717,717,717,201611160LAC,25.2,13.0,3rd quarter,11:44.0,Marc Gasol,MEM,False,2-pointer,10,61-46,'MEM',leads
718,718,718,201611160LAC,31.8,17.1,3rd quarter,10:39.0,Marc Gasol,MEM,False,2-pointer,16,61-48,'MEM',leads
720,720,720,201611160LAC,22.1,6.1,3rd quarter,9:37.0,Marc Gasol,MEM,False,2-pointer,4,64-48,'MEM',leads
723,723,723,201611160LAC,14.9,6.1,3rd quarter,7:10.0,Marc Gasol,MEM,True,2-pointer,10,68-60,'MEM',leads
724,724,724,201611160LAC,27.5,29.4,3rd quarter,5:50.0,Marc Gasol,MEM,True,3-pointer,27,71-60,'MEM',leads
727,727,727,201611160LAC,23.4,28.4,3rd quarter,4:02.0,Marc Gasol,MEM,True,3-pointer,25,79-63,'MEM',leads
735,735,735,201611160LAC,24.6,19.5,4th quarter,10:17.0,Marc Gasol,MEM,False,2-pointer,17,83-80,'MEM',leads
738,738,738,201611160LAC,24.0,3.7,4th quarter,9:47.0,Marc Gasol,MEM,True,2-pointer,1,85-82,'MEM',leads
744,744,744,201611160LAC,22.0,21.5,4th quarter,5:27.0,Marc Gasol,MEM,False,2-pointer,19,97-92,'MEM',leads
749,749,749,201611160LAC,20.2,24.3,4th quarter,1:53.0,Marc Gasol,MEM,False,2-pointer,22,105-103,'MEM',leads
752,752,752,201611160LAC,-0.1,3.2,4th quarter,0:14.0,Marc Gasol,MEM,True,3-pointer,24,109-107,'MEM',leads
521,521,521,201611180DAL,10.7,6.3,1st quarter,11:40.0,Marc Gasol,MEM,False,2-pointer,14,0-0,'DAL',tied
525,525,525,201611180DAL,37.5,18.1,1st quarter,9:12.0,Marc Gasol,MEM,False,2-pointer,20,0-4,'DAL',trails
527,527,527,201611180DAL,21.6,18.6,1st quarter,7:58.0,Marc Gasol,MEM,False,2-pointer,16,3-6,'DAL',trails
548,548,548,201611180DAL,17.7,6.6,2nd quarter,7:51.0,Marc Gasol,MEM,True,2-pointer,7,25-27,'DAL',trails
552,552,552,201611180DAL,28.2,12.2,2nd quarter,3:49.0,Marc Gasol,MEM,True,2-pointer,10,31-27,'DAL',leads
553,553,553,201611180DAL,29.5,29.9,2nd quarter,2:10.0,Marc Gasol,MEM,True,3-pointer,27,34-27,'DAL',leads
554,554,554,201611180DAL,17.5,7.6,2nd quarter,1:26.0,Marc Gasol,MEM,False,2-pointer,8,34-27,'DAL',leads
556,556,556,201611180DAL,25.9,4.3,2nd quarter,0:13.0,Marc Gasol,MEM,True,2-pointer,2,36-29,'DAL',leads
557,557,557,201611180DAL,21.1,11.0,3rd quarter,11:25.0,Marc Gasol,MEM,False,2-pointer,9,36-29,'DAL',leads
559,559,559,201611180DAL,14.6,13.0,3rd quarter,10:18.0,Marc Gasol,MEM,False,2-pointer,14,39-31,'DAL',leads
566,566,566,201611180DAL,27.2,7.6,3rd quarter,5:49.0,Marc Gasol,MEM,True,2-pointer,6,48-33,'DAL',leads
570,570,570,201611180DAL,8.5,18.4,3rd quarter,3:20.0,Marc Gasol,MEM,False,2-pointer,22,51-37,'DAL',leads
556,556,556,201611190MEM,10.5,18.4,1st quarter,11:14.0,Marc Gasol,MEM,False,2-pointer,20,0-0,'MEM',tied
569,569,569,201611190MEM,19.8,6.1,1st quarter,4:10.0,Marc Gasol,MEM,False,2-pointer,5,11-13,'MEM',trails
582,582,582,201611190MEM,41.3,10.7,2nd quarter,6:27.0,Marc Gasol,MEM,False,2-pointer,19,30-25,'MEM',leads
583,583,583,201611190MEM,24.2,27.7,2nd quarter,5:41.0,Marc Gasol,MEM,False,3-pointer,25,30-27,'MEM',leads
590,590,590,201611190MEM,25.7,3.7,2nd quarter,2:59.0,Marc Gasol,MEM,True,2-pointer,2,39-34,'MEM',leads
595,595,595,201611190MEM,21.0,8.6,2nd quarter,0:25.0,Marc Gasol,MEM,False,2-pointer,6,41-37,'MEM',leads
599,599,599,201611190MEM,14.8,4.6,3rd quarter,8:59.0,Marc Gasol,MEM,False,2-pointer,9,48-45,'MEM',leads
602,602,602,201611190MEM,25.0,3.7,3rd quarter,7:44.0,Marc Gasol,MEM,False,2-pointer,1,48-47,'MEM',leads
605,605,605,201611190MEM,25.4,8.1,3rd quarter,4:52.0,Marc Gasol,MEM,False,2-pointer,5,55-48,'MEM',leads
607,607,607,201611190MEM,23.8,3.3,3rd quarter,3:50.0,Marc Gasol,MEM,True,2-pointer,0,60-48,'MEM',leads
619,619,619,201611190MEM,24.9,23.3,4th quarter,9:09.0,Marc Gasol,MEM,False,2-pointer,20,70-55,'MEM',leads
627,627,627,201611190MEM,28.3,24.4,4th quarter,4:33.0,Marc Gasol,MEM,False,2-pointer,22,78-61,'MEM',leads
0,0,0,201611210CHO,7.9,5.6,1st quarter,11:44.0,Marc Gasol,MEM,False,2-pointer,16,0-0,'CHO',tied
8,8,8,201611210CHO,18.4,26.9,1st quarter,7:03.0,Marc Gasol,MEM,True,3-pointer,25,16-4,'CHO',leads
9,9,9,201611210CHO,22.6,12.7,1st quarter,6:29.0,Marc Gasol,MEM,False,2-pointer,10,16-4,'CHO',leads
11,11,11,201611210CHO,17.2,4.6,1st quarter,5:12.0,Marc Gasol,MEM,True,2-pointer,7,20-8,'CHO',leads
29,29,29,201611210CHO,38.1,15.1,2nd quarter,7:36.0,Marc Gasol,MEM,True,2-pointer,19,44-33,'CHO',leads
32,32,32,201611210CHO,16.7,26.7,2nd quarter,5:05.0,Marc Gasol,MEM,True,3-pointer,25,49-39,'CHO',leads
36,36,36,201611210CHO,24.6,4.1,2nd quarter,2:38.0,Marc Gasol,MEM,True,2-pointer,1,59-41,'CHO',leads
40,40,40,201611210CHO,25.0,3.8,2nd quarter,0:33.0,Marc Gasol,MEM,False,2-pointer,1,64-44,'CHO',leads
44,44,44,201611210CHO,9.7,6.6,3rd quarter,10:25.0,Marc Gasol,MEM,False,2-pointer,15,71-45,'CHO',leads
46,46,46,201611210CHO,23.4,8.6,3rd quarter,9:26.0,Marc Gasol,MEM,False,2-pointer,6,71-47,'CHO',leads
49,49,49,201611210CHO,38.3,11.0,3rd quarter,6:54.0,Marc Gasol,MEM,False,2-pointer,16,74-52,'CHO',leads
50,50,50,201611210CHO,17.2,14.6,3rd quarter,5:59.0,Marc Gasol,MEM,False,2-pointer,13,76-54,'CHO',leads
54,54,54,201611210CHO,8.5,11.5,3rd quarter,4:02.0,Marc Gasol,MEM,False,2-pointer,18,76-59,'CHO',leads
77,77,77,201611210CHO,14.3,25.8,4th quarter,3:29.0,Marc Gasol,MEM,False,3-pointer,25,100-85,'CHO',leads
1703,1703,1703,201611230PHI,9.0,3.3,1st quarter,10:37.0,Marc Gasol,MEM,False,2-pointer,15,2-2,'MEM',tied
1705,1705,1705,201611230PHI,25.5,13.0,1st quarter,9:48.0,Marc Gasol,MEM,True,2-pointer,10,4-5,'MEM',trails
1715,1715,1715,201611230PHI,11.3,2.4,1st quarter,4:29.0,Marc Gasol,MEM,False,2-pointer,13,13-14,'MEM',trails
1716,1716,1716,201611230PHI,23.3,28.4,1st quarter,3:43.0,Marc Gasol,MEM,False,3-pointer,25,15-16,'MEM',trails
1734,1734,1734,201611230PHI,24.0,20.0,2nd quarter,3:26.0,Marc Gasol,MEM,False,2-pointer,17,36-42,'MEM',trails
1736,1736,1736,201611230PHI,24.1,4.3,2nd quarter,2:12.0,Marc Gasol,MEM,False,2-pointer,1,36-45,'MEM',trails
1737,1737,1737,201611230PHI,23.4,6.8,2nd quarter,2:10.0,Marc Gasol,MEM,True,2-pointer,4,38-45,'MEM',trails
1738,1738,1738,201611230PHI,24.9,15.0,2nd quarter,1:06.0,Marc Gasol,MEM,False,2-pointer,12,41-48,'MEM',trails
1742,1742,1742,201611230PHI,7.5,3.7,3rd quarter,11:34.0,Marc Gasol,MEM,False,2-pointer,17,43-51,'MEM',trails
1750,1750,1750,201611230PHI,24.4,28.2,3rd quarter,6:09.0,Marc Gasol,MEM,True,3-pointer,25,51-59,'MEM',trails
1754,1754,1754,201611230PHI,17.7,6.6,3rd quarter,4:26.0,Marc Gasol,MEM,True,2-pointer,7,58-64,'MEM',trails
1766,1766,1766,201611230PHI,30.3,27.7,4th quarter,9:57.0,Marc Gasol,MEM,True,3-pointer,25,68-71,'MEM',trails
1767,1767,1767,201611230PHI,23.3,29.2,4th quarter,9:14.0,Marc Gasol,MEM,False,3-pointer,26,68-71,'MEM',trails
1768,1768,1768,201611230PHI,24.6,11.7,4th quarter,8:45.0,Marc Gasol,MEM,True,2-pointer,9,70-71,'MEM',trails
1773,1773,1773,201611230PHI,16.7,20.4,4th quarter,5:35.0,Marc Gasol,MEM,True,2-pointer,19,74-76,'MEM',trails
1776,1776,1776,201611230PHI,23.8,6.1,4th quarter,3:56.0,Marc Gasol,MEM,True,2-pointer,3,81-76,'MEM',leads
1782,1782,1782,201611230PHI,-0.8,3.7,4th quarter,0:04.0,Marc Gasol,MEM,False,3-pointer,25,86-86,'MEM',tied
1785,1785,1785,201611230PHI,24.0,13.5,1st overtime,3:34.0,Marc Gasol,MEM,False,2-pointer,11,86-86,'MEM',tied
1794,1794,1794,201611230PHI,24.0,3.1,2nd overtime,2:55.0,Marc Gasol,MEM,True,2-pointer,0,97-93,'MEM',leads
1796,1796,1796,201611230PHI,18.8,5.8,2nd overtime,1:58.0,Marc Gasol,MEM,True,2-pointer,6,99-95,'MEM',leads
1127,1127,1127,201611250MEM,3.8,1.5,1st quarter,11:46.0,Marc Gasol,MEM,False,2-pointer,20,0-0,'MIA',tied
1143,1143,1143,201611250MEM,27.3,6.6,1st quarter,1:14.0,Marc Gasol,MEM,True,2-pointer,5,17-26,'MIA',trails
1146,1146,1146,201611250MEM,36.2,26.4,1st quarter,0:02.0,Marc Gasol,MEM,False,3-pointer,26,19-28,'MIA',trails
1161,1161,1161,201611250MEM,33.4,15.6,2nd quarter,3:00.0,Marc Gasol,MEM,True,2-pointer,16,37-42,'MIA',trails
1165,1165,1165,201611250MEM,39.1,23.8,2nd quarter,1:46.0,Marc Gasol,MEM,False,3-pointer,26,37-42,'MIA',trails
1167,1167,1167,201611250MEM,24.0,3.1,2nd quarter,1:16.0,Marc Gasol,MEM,True,2-pointer,0,39-42,'MIA',trails
1170,1170,1170,201611250MEM,13.6,9.5,3rd quarter,10:47.0,Marc Gasol,MEM,False,2-pointer,12,39-48,'MIA',trails
1172,1172,1172,201611250MEM,24.0,22.5,3rd quarter,9:58.0,Marc Gasol,MEM,False,2-pointer,20,39-51,'MIA',trails
1174,1174,1174,201611250MEM,25.7,3.2,3rd quarter,9:43.0,Marc Gasol,MEM,True,2-pointer,2,41-51,'MIA',trails
1175,1175,1175,201611250MEM,12.5,6.3,3rd quarter,8:39.0,Marc Gasol,MEM,False,2-pointer,12,42-51,'MIA',trails
1198,1198,1198,201611250MEM,24.4,4.6,4th quarter,4:55.0,Marc Gasol,MEM,False,2-pointer,2,70-80,'MIA',trails
349,349,349,201611260MIA,13.0,8.6,1st quarter,10:52.0,Marc Gasol,MEM,True,2-pointer,12,2-2,'MIA',tied
352,352,352,201611260MIA,39.6,23.3,1st quarter,9:18.0,Marc Gasol,MEM,False,3-pointer,26,4-8,'MIA',trails
356,356,356,201611260MIA,24.1,9.5,1st quarter,7:43.0,Marc Gasol,MEM,True,2-pointer,7,10-12,'MIA',trails
358,358,358,201611260MIA,38.6,15.0,1st quarter,6:56.0,Marc Gasol,MEM,True,2-pointer,19,12-17,'MIA',trails
359,359,359,201611260MIA,25.4,28.2,1st quarter,5:38.0,Marc Gasol,MEM,False,3-pointer,25,14-20,'MIA',trails
360,360,360,201611260MIA,10.5,12.7,1st quarter,5:04.0,Marc Gasol,MEM,True,2-pointer,17,16-23,'MIA',trails
378,378,378,201611260MIA,7.7,5.6,2nd quarter,4:31.0,Marc Gasol,MEM,True,2-pointer,17,42-44,'MIA',trails
379,379,379,201611260MIA,8.5,11.5,2nd quarter,4:02.0,Marc Gasol,MEM,False,2-pointer,18,42-44,'MIA',trails
384,384,384,201611260MIA,26.5,4.1,2nd quarter,2:17.0,Marc Gasol,MEM,True,2-pointer,3,46-47,'MIA',trails
385,385,385,201611260MIA,6.2,20.4,2nd quarter,1:36.0,Marc Gasol,MEM,True,3-pointer,25,49-47,'MIA',leads
388,388,388,201611260MIA,12.3,6.1,3rd quarter,10:54.0,Marc Gasol,MEM,False,2-pointer,12,53-52,'MIA',leads
393,393,393,201611260MIA,23.1,4.1,3rd quarter,8:04.0,Marc Gasol,MEM,True,2-pointer,1,65-61,'MIA',leads
394,394,394,201611260MIA,9.8,23.3,3rd quarter,7:32.0,Marc Gasol,MEM,True,3-pointer,25,68-61,'MIA',leads
398,398,398,201611260MIA,15.4,18.4,3rd quarter,4:39.0,Marc Gasol,MEM,True,2-pointer,18,74-69,'MIA',leads
400,400,400,201611260MIA,8.5,11.2,3rd quarter,3:31.0,Marc Gasol,MEM,False,2-pointer,18,75-71,'MIA',leads
407,407,407,201611260MIA,15.7,3.3,4th quarter,9:02.0,Marc Gasol,MEM,True,2-pointer,8,86-87,'MIA',trails
260,260,260,201611280MEM,25.4,2.9,1st quarter,8:43.0,Marc Gasol,MEM,False,2-pointer,1,3-6,'CHO',trails
263,263,263,201611280MEM,15.2,6.6,1st quarter,7:22.0,Marc Gasol,MEM,True,2-pointer,10,5-13,'CHO',trails
265,265,265,201611280MEM,11.5,5.1,1st quarter,6:27.0,Marc Gasol,MEM,True,2-pointer,13,9-15,'CHO',trails
269,269,269,201611280MEM,29.8,20.5,1st quarter,4:47.0,Marc Gasol,MEM,False,2-pointer,18,14-17,'CHO',trails
272,272,272,201611280MEM,26.7,11.2,1st quarter,3:22.0,Marc Gasol,MEM,True,2-pointer,9,18-19,'CHO',trails
289,289,289,201611280MEM,17.0,6.6,2nd quarter,6:13.0,Marc Gasol,MEM,False,2-pointer,8,33-35,'CHO',trails
292,292,292,201611280MEM,35.5,26.9,2nd quarter,4:03.0,Marc Gasol,MEM,False,3-pointer,27,35-39,'CHO',trails
297,297,297,201611280MEM,16.6,7.7,2nd quarter,1:51.0,Marc Gasol,MEM,True,2-pointer,9,37-48,'CHO',trails
306,306,306,201611280MEM,24.4,4.1,3rd quarter,8:11.0,Marc Gasol,MEM,False,2-pointer,1,48-61,'CHO',trails
308,308,308,201611280MEM,13.9,8.6,3rd quarter,7:32.0,Marc Gasol,MEM,True,2-pointer,12,50-63,'CHO',trails
309,309,309,201611280MEM,10.0,26.2,3rd quarter,7:06.0,Marc Gasol,MEM,True,3-pointer,27,53-63,'CHO',trails
312,312,312,201611280MEM,26.5,16.4,3rd quarter,3:28.0,Marc Gasol,MEM,False,2-pointer,14,55-69,'CHO',trails
327,327,327,201611280MEM,29.8,5.8,4th quarter,6:57.0,Marc Gasol,MEM,True,2-pointer,6,71-88,'CHO',trails
328,328,328,201611280MEM,13.1,26.2,4th quarter,6:33.0,Marc Gasol,MEM,True,3-pointer,26,74-88,'CHO',trails
330,330,330,201611280MEM,8.7,23.8,4th quarter,5:13.0,Marc Gasol,MEM,False,3-pointer,26,75-94,'CHO',trails
1382,1382,1382,201611300TOR,9.2,9.5,1st quarter,11:42.0,Marc Gasol,MEM,False,2-pointer,16,0-0,'TOR',tied
1390,1390,1390,201611300TOR,32.4,26.9,1st quarter,7:02.0,Marc Gasol,MEM,False,3-pointer,25,13-12,'TOR',leads
1391,1391,1391,201611300TOR,24.0,11.0,1st quarter,6:20.0,Marc Gasol,MEM,True,2-pointer,8,15-15,'TOR',tied
1393,1393,1393,201611300TOR,25.9,11.0,1st quarter,5:24.0,Marc Gasol,MEM,True,2-pointer,8,19-17,'TOR',leads
1399,1399,1399,201611300TOR,13.8,8.2,1st quarter,1:58.0,Marc Gasol,MEM,True,2-pointer,11,23-19,'TOR',leads
1400,1400,1400,201611300TOR,11.0,25.4,1st quarter,0:51.0,Marc Gasol,MEM,True,3-pointer,26,26-24,'TOR',leads
1412,1412,1412,201611300TOR,21.0,27.7,2nd quarter,5:53.0,Marc Gasol,MEM,True,3-pointer,25,40-36,'TOR',leads
1415,1415,1415,201611300TOR,10.0,7.1,2nd quarter,3:32.0,Marc Gasol,MEM,False,2-pointer,15,47-43,'TOR',leads
1417,1417,1417,201611300TOR,25.2,19.5,2nd quarter,2:47.0,Marc Gasol,MEM,False,2-pointer,17,50-43,'TOR',leads
1419,1419,1419,201611300TOR,24.4,14.6,2nd quarter,2:10.0,Marc Gasol,MEM,False,2-pointer,12,50-45,'TOR',leads
1434,1434,1434,201611300TOR,27.2,3.7,3rd quarter,4:12.0,Marc Gasol,MEM,True,2-pointer,3,72-74,'TOR',trails
1444,1444,1444,201611300TOR,24.4,8.1,4th quarter,11:41.0,Marc Gasol,MEM,False,2-pointer,5,82-89,'TOR',trails
1448,1448,1448,201611300TOR,20.2,28.7,4th quarter,9:28.0,Marc Gasol,MEM,False,3-pointer,26,88-91,'TOR',trails
1450,1450,1450,201611300TOR,23.7,4.4,4th quarter,9:10.0,Marc Gasol,MEM,True,2-pointer,1,90-91,'TOR',trails
771,771,771,201612010MEM,31.1,3.3,1st quarter,11:14.0,Marc Gasol,MEM,True,2-pointer,7,2-2,'ORL',tied
782,782,782,201612010MEM,10.0,23.3,1st quarter,5:51.0,Marc Gasol,MEM,True,3-pointer,25,16-13,'ORL',leads
787,787,787,201612010MEM,13.0,5.6,1st quarter,2:28.0,Marc Gasol,MEM,False,2-pointer,11,26-20,'ORL',leads
808,808,808,201612010MEM,14.1,13.5,2nd quarter,4:47.0,Marc Gasol,MEM,False,2-pointer,14,43-35,'ORL',leads
810,810,810,201612010MEM,29.1,7.6,2nd quarter,2:53.0,Marc Gasol,MEM,False,2-pointer,7,44-41,'ORL',leads
812,812,812,201612010MEM,22.1,11.0,2nd quarter,2:00.0,Marc Gasol,MEM,True,2-pointer,8,48-46,'ORL',leads
813,813,813,201612010MEM,16.2,21.5,2nd quarter,1:21.0,Marc Gasol,MEM,True,2-pointer,20,50-47,'ORL',leads
821,821,821,201612010MEM,41.3,21.0,3rd quarter,7:41.0,Marc Gasol,MEM,False,3-pointer,25,52-54,'ORL',trails
822,822,822,201612010MEM,24.4,9.1,3rd quarter,7:06.0,Marc Gasol,MEM,False,2-pointer,6,52-55,'ORL',trails
823,823,823,201612010MEM,27.3,4.1,3rd quarter,6:31.0,Marc Gasol,MEM,True,2-pointer,3,54-57,'ORL',trails
827,827,827,201612010MEM,9.8,0.9,3rd quarter,3:47.0,Marc Gasol,MEM,False,2-pointer,14,59-64,'ORL',trails
839,839,839,201612010MEM,31.1,16.4,4th quarter,6:50.0,Marc Gasol,MEM,True,2-pointer,15,71-81,'ORL',trails
844,844,844,201612010MEM,37.8,23.0,4th quarter,4:18.0,Marc Gasol,MEM,True,3-pointer,24,81-85,'ORL',trails
846,846,846,201612010MEM,18.5,9.5,4th quarter,2:43.0,Marc Gasol,MEM,True,2-pointer,9,86-88,'ORL',trails
614,614,614,201612030MEM,13.9,15.1,1st quarter,11:29.0,Marc Gasol,MEM,False,2-pointer,16,0-0,'LAL',tied
635,635,635,201612030MEM,12.1,3.8,1st quarter,2:54.0,Marc Gasol,MEM,True,2-pointer,12,15-20,'LAL',trails
638,638,638,201612030MEM,10.2,24.4,1st quarter,1:29.0,Marc Gasol,MEM,True,3-pointer,25,23-20,'LAL',leads
639,639,639,201612030MEM,12.5,21.3,1st quarter,0:42.0,Marc Gasol,MEM,True,2-pointer,22,25-22,'LAL',leads
643,643,643,201612030MEM,21.6,14.6,2nd quarter,10:24.0,Marc Gasol,MEM,False,2-pointer,12,28-30,'LAL',trails
654,654,654,201612030MEM,38.8,19.4,2nd quarter,1:35.0,Marc Gasol,MEM,False,2-pointer,22,51-55,'LAL',trails
657,657,657,201612030MEM,17.2,15.4,3rd quarter,11:30.0,Marc Gasol,MEM,True,2-pointer,14,56-62,'LAL',trails
658,658,658,201612030MEM,31.1,10.0,3rd quarter,10:55.0,Marc Gasol,MEM,True,2-pointer,10,58-64,'LAL',trails
659,659,659,201612030MEM,16.6,7.6,3rd quarter,9:52.0,Marc Gasol,MEM,False,2-pointer,9,59-66,'LAL',trails
663,663,663,201612030MEM,28.6,27.2,3rd quarter,7:22.0,Marc Gasol,MEM,False,3-pointer,25,66-68,'LAL',trails
664,664,664,201612030MEM,24.4,3.3,3rd quarter,7:15.0,Marc Gasol,MEM,False,2-pointer,1,66-68,'LAL',trails
667,667,667,201612030MEM,30.1,4.1,3rd quarter,6:07.0,Marc Gasol,MEM,False,2-pointer,6,66-72,'LAL',trails
668,668,668,201612030MEM,11.1,5.6,3rd quarter,5:37.0,Marc Gasol,MEM,True,2-pointer,13,68-72,'LAL',trails
684,684,684,201612030MEM,10.2,15.9,4th quarter,8:31.0,Marc Gasol,MEM,True,2-pointer,19,90-87,'LAL',leads
685,685,685,201612030MEM,17.0,9.2,4th quarter,7:44.0,Marc Gasol,MEM,True,2-pointer,9,92-89,'LAL',leads
689,689,689,201612030MEM,23.8,14.6,4th quarter,5:54.0,Marc Gasol,MEM,False,2-pointer,12,92-93,'LAL',trails
695,695,695,201612030MEM,11.6,26.2,4th quarter,3:09.0,Marc Gasol,MEM,False,3-pointer,26,98-95,'LAL',leads
698,698,698,201612030MEM,29.0,7.6,4th quarter,1:15.0,Marc Gasol,MEM,True,2-pointer,7,103-97,'LAL',leads
1368,1368,1368,201612050NOP,10.7,8.1,1st quarter,11:22.0,Marc Gasol,MEM,True,2-pointer,14,2-0,'NOP',leads
1369,1369,1369,201612050NOP,25.2,3.2,1st quarter,10:53.0,Marc Gasol,MEM,True,2-pointer,1,4-2,'NOP',leads
1370,1370,1370,201612050NOP,30.3,27.7,1st quarter,10:21.0,Marc Gasol,MEM,False,3-pointer,25,4-5,'NOP',trails
1373,1373,1373,201612050NOP,30.6,3.7,1st quarter,9:21.0,Marc Gasol,MEM,False,2-pointer,7,6-5,'NOP',leads
1375,1375,1375,201612050NOP,11.3,16.9,1st quarter,8:02.0,Marc Gasol,MEM,False,2-pointer,19,8-5,'NOP',leads
1379,1379,1379,201612050NOP,22.9,12.0,1st quarter,5:48.0,Marc Gasol,MEM,False,2-pointer,9,10-7,'NOP',leads
1382,1382,1382,201612050NOP,28.6,8.1,1st quarter,2:46.0,Marc Gasol,MEM,False,2-pointer,7,12-11,'NOP',leads
1398,1398,1398,201612050NOP,11.1,11.0,2nd quarter,6:56.0,Marc Gasol,MEM,True,2-pointer,15,26-32,'NOP',trails
1399,1399,1399,201612050NOP,11.3,15.1,2nd quarter,6:34.0,Marc Gasol,MEM,True,2-pointer,18,28-32,'NOP',trails
1400,1400,1400,201612050NOP,16.7,26.9,2nd quarter,6:01.0,Marc Gasol,MEM,True,3-pointer,25,31-33,'NOP',trails
1402,1402,1402,201612050NOP,24.6,10.7,2nd quarter,5:19.0,Marc Gasol,MEM,True,2-pointer,8,33-34,'NOP',trails
1406,1406,1406,201612050NOP,24.4,22.5,2nd quarter,3:09.0,Marc Gasol,MEM,False,2-pointer,20,40-34,'NOP',leads
1413,1413,1413,201612050NOP,5.6,11.0,3rd quarter,11:47.0,Marc Gasol,MEM,False,2-pointer,20,44-46,'NOP',trails
1421,1421,1421,201612050NOP,15.9,3.3,3rd quarter,7:07.0,Marc Gasol,MEM,True,2-pointer,8,53-57,'NOP',trails
1422,1422,1422,201612050NOP,5.7,7.6,3rd quarter,6:28.0,Marc Gasol,MEM,True,2-pointer,19,55-57,'NOP',trails
1424,1424,1424,201612050NOP,27.8,27.7,3rd quarter,5:17.0,Marc Gasol,MEM,True,3-pointer,25,60-57,'NOP',leads
1437,1437,1437,201612050NOP,23.8,20.4,4th quarter,10:18.0,Marc Gasol,MEM,False,2-pointer,17,81-73,'NOP',leads
1439,1439,1439,201612050NOP,9.5,16.9,4th quarter,7:28.0,Marc Gasol,MEM,False,2-pointer,20,83-83,'NOP',tied
1450,1450,1450,201612050NOP,6.7,20.8,4th quarter,0:08.0,Marc Gasol,MEM,True,3-pointer,25,94-94,'NOP',tied
1452,1452,1452,201612050NOP,10.8,17.1,1st overtime,4:45.0,Marc Gasol,MEM,False,2-pointer,19,94-94,'NOP',tied
1455,1455,1455,201612050NOP,23.3,9.7,1st overtime,2:21.0,Marc Gasol,MEM,False,2-pointer,7,96-98,'NOP',trails
1459,1459,1459,201612050NOP,7.7,21.3,1st overtime,0:19.0,Marc Gasol,MEM,False,3-pointer,25,97-100,'NOP',trails
1464,1464,1464,201612050NOP,7.4,5.6,2nd overtime,3:11.0,Marc Gasol,MEM,False,2-pointer,17,102-103,'NOP',trails
1469,1469,1469,201612050NOP,7.2,7.3,2nd overtime,1:16.0,Marc Gasol,MEM,True,2-pointer,17,110-108,'NOP',leads
1470,1470,1470,201612050NOP,32.4,28.2,2nd overtime,0:36.0,Marc Gasol,MEM,False,3-pointer,27,110-108,'NOP',leads
245,245,245,201612060MEM,20.0,7.3,1st quarter,11:42.0,Marc Gasol,MEM,False,2-pointer,6,0-0,'MEM',tied
249,249,249,201612060MEM,14.4,16.9,1st quarter,10:17.0,Marc Gasol,MEM,True,2-pointer,17,4-6,'MEM',trails
254,254,254,201612060MEM,21.3,6.6,1st quarter,8:04.0,Marc Gasol,MEM,True,2-pointer,5,9-8,'MEM',leads
256,256,256,201612060MEM,24.0,3.1,1st quarter,7:17.0,Marc Gasol,MEM,True,2-pointer,0,13-10,'MEM',leads
280,280,280,201612060MEM,12.8,10.0,2nd quarter,5:45.0,Marc Gasol,MEM,False,2-pointer,13,34-32,'MEM',leads
281,281,281,201612060MEM,17.2,4.6,2nd quarter,5:01.0,Marc Gasol,MEM,False,2-pointer,7,34-34,'MEM',tied
282,282,282,201612060MEM,16.9,10.0,2nd quarter,4:29.0,Marc Gasol,MEM,True,2-pointer,10,36-36,'MEM',tied
286,286,286,201612060MEM,24.0,3.1,2nd quarter,1:32.0,Marc Gasol,MEM,True,2-pointer,0,43-41,'MEM',leads
288,288,288,201612060MEM,16.6,7.3,3rd quarter,11:20.0,Marc Gasol,MEM,False,2-pointer,9,47-45,'MEM',leads
289,289,289,201612060MEM,27.0,28.4,3rd quarter,10:49.0,Marc Gasol,MEM,False,3-pointer,26,47-45,'MEM',leads
298,298,298,201612060MEM,24.1,3.2,3rd quarter,6:07.0,Marc Gasol,MEM,True,2-pointer,0,59-54,'MEM',leads
299,299,299,201612060MEM,29.5,6.1,3rd quarter,5:38.0,Marc Gasol,MEM,True,2-pointer,6,61-57,'MEM',leads
301,301,301,201612060MEM,31.1,5.6,3rd quarter,4:00.0,Marc Gasol,MEM,True,2-pointer,8,67-60,'MEM',leads
320,320,320,201612060MEM,21.1,10.7,4th quarter,6:35.0,Marc Gasol,MEM,False,2-pointer,8,85-81,'MEM',leads
324,324,324,201612060MEM,23.6,3.2,4th quarter,4:56.0,Marc Gasol,MEM,True,2-pointer,0,89-83,'MEM',leads
325,325,325,201612060MEM,22.4,28.7,4th quarter,4:08.0,Marc Gasol,MEM,False,3-pointer,26,89-86,'MEM',leads
326,326,326,201612060MEM,16.9,4.1,4th quarter,2:46.0,Marc Gasol,MEM,False,2-pointer,7,89-89,'MEM',tied
258,258,258,201612080MEM,19.5,22.0,1st quarter,10:52.0,Marc Gasol,MEM,False,2-pointer,20,0-0,'POR',tied
262,262,262,201612080MEM,18.4,13.1,1st quarter,9:12.0,Marc Gasol,MEM,True,2-pointer,12,4-5,'POR',trails
263,263,263,201612080MEM,22.4,28.2,1st quarter,8:00.0,Marc Gasol,MEM,True,3-pointer,25,8-5,'POR',leads
264,264,264,201612080MEM,17.5,5.1,1st quarter,7:01.0,Marc Gasol,MEM,True,2-pointer,7,10-7,'POR',leads
267,267,267,201612080MEM,11.1,7.3,1st quarter,5:12.0,Marc Gasol,MEM,False,2-pointer,14,12-15,'POR',trails
270,270,270,201612080MEM,21.6,9.1,1st quarter,4:20.0,Marc Gasol,MEM,False,2-pointer,7,14-15,'POR',trails
284,284,284,201612080MEM,31.1,5.6,2nd quarter,8:03.0,Marc Gasol,MEM,False,2-pointer,8,21-31,'POR',trails
287,287,287,201612080MEM,17.5,3.3,2nd quarter,5:55.0,Marc Gasol,MEM,True,2-pointer,7,27-38,'POR',trails
288,288,288,201612080MEM,33.2,29.4,2nd quarter,5:27.0,Marc Gasol,MEM,True,3-pointer,28,30-38,'POR',trails
289,289,289,201612080MEM,25.2,14.1,2nd quarter,4:52.0,Marc Gasol,MEM,False,2-pointer,11,30-38,'POR',trails
294,294,294,201612080MEM,42.1,20.5,2nd quarter,2:52.0,Marc Gasol,MEM,True,3-pointer,25,39-40,'POR',trails
303,303,303,201612080MEM,26.7,24.3,3rd quarter,10:05.0,Marc Gasol,MEM,False,2-pointer,21,46-52,'POR',trails
304,304,304,201612080MEM,20.8,19.9,3rd quarter,9:29.0,Marc Gasol,MEM,False,2-pointer,17,46-52,'POR',trails
305,305,305,201612080MEM,19.8,8.1,3rd quarter,9:02.0,Marc Gasol,MEM,True,2-pointer,7,48-55,'POR',trails
306,306,306,201612080MEM,22.3,4.3,3rd quarter,7:40.0,Marc Gasol,MEM,False,2-pointer,2,48-60,'POR',trails
313,313,313,201612080MEM,23.6,6.8,3rd quarter,3:58.0,Marc Gasol,MEM,True,2-pointer,4,56-62,'POR',trails
329,329,329,201612080MEM,23.8,7.6,4th quarter,7:41.0,Marc Gasol,MEM,False,2-pointer,5,64-75,'POR',trails
330,330,330,201612080MEM,16.9,27.2,4th quarter,7:22.0,Marc Gasol,MEM,False,3-pointer,25,64-75,'POR',trails
332,332,332,201612080MEM,21.1,7.6,4th quarter,6:27.0,Marc Gasol,MEM,True,2-pointer,5,68-77,'POR',trails
333,333,333,201612080MEM,22.4,27.9,4th quarter,5:04.0,Marc Gasol,MEM,False,3-pointer,25,68-79,'POR',trails
337,337,337,201612080MEM,19.2,5.6,4th quarter,4:21.0,Marc Gasol,MEM,True,2-pointer,5,72-79,'POR',trails
339,339,339,201612080MEM,21.3,18.1,4th quarter,3:14.0,Marc Gasol,MEM,True,2-pointer,15,74-79,'POR',trails
340,340,340,201612080MEM,16.9,10.0,4th quarter,2:36.0,Marc Gasol,MEM,True,2-pointer,10,76-81,'POR',trails
341,341,341,201612080MEM,37.3,22.8,4th quarter,2:09.0,Marc Gasol,MEM,True,3-pointer,24,79-81,'POR',trails
903,903,903,201612100MEM,16.6,4.1,1st quarter,11:44.0,Marc Gasol,MEM,True,2-pointer,7,2-0,'MEM',leads
905,905,905,201612100MEM,15.4,6.1,1st quarter,9:02.0,Marc Gasol,MEM,True,2-pointer,9,9-5,'MEM',leads
906,906,906,201612100MEM,13.6,25.4,1st quarter,8:32.0,Marc Gasol,MEM,False,3-pointer,25,9-5,'MEM',leads
907,907,907,201612100MEM,14.1,9.1,1st quarter,8:03.0,Marc Gasol,MEM,False,2-pointer,12,9-5,'MEM',leads
912,912,912,201612100MEM,24.6,29.2,1st quarter,3:29.0,Marc Gasol,MEM,False,3-pointer,26,25-11,'MEM',leads
941,941,941,201612100MEM,28.0,9.1,2nd quarter,0:41.0,Marc Gasol,MEM,True,2-pointer,7,59-36,'MEM',leads
945,945,945,201612100MEM,21.5,7.6,3rd quarter,10:59.0,Marc Gasol,MEM,False,2-pointer,5,63-38,'MEM',leads
946,946,946,201612100MEM,35.7,25.8,3rd quarter,10:53.0,Marc Gasol,MEM,True,3-pointer,26,66-38,'MEM',leads
957,957,957,201612100MEM,2.6,0.6,3rd quarter,5:21.0,Marc Gasol,MEM,True,2-pointer,22,83-56,'MEM',leads
962,962,962,201612100MEM,20.2,9.2,3rd quarter,3:03.0,Marc Gasol,MEM,False,2-pointer,7,83-60,'MEM',leads
977,977,977,201612100MEM,9.2,15.6,4th quarter,6:52.0,Marc Gasol,MEM,True,2-pointer,19,97-75,'MEM',leads
979,979,979,201612100MEM,23.6,13.0,4th quarter,5:45.0,Marc Gasol,MEM,False,2-pointer,10,99-78,'MEM',leads
578,578,578,201612140MEM,26.4,27.7,1st quarter,11:12.0,Marc Gasol,MEM,True,3-pointer,25,3-0,'MEM',leads
583,583,583,201612140MEM,13.0,4.8,1st quarter,7:33.0,Marc Gasol,MEM,True,2-pointer,11,9-7,'MEM',leads
588,588,588,201612140MEM,22.8,17.9,1st quarter,4:49.0,Marc Gasol,MEM,False,2-pointer,15,13-9,'MEM',leads
607,607,607,201612140MEM,24.1,27.7,2nd quarter,5:05.0,Marc Gasol,MEM,True,3-pointer,25,38-29,'MEM',leads
608,608,608,201612140MEM,23.9,8.1,2nd quarter,4:01.0,Marc Gasol,MEM,False,2-pointer,5,38-29,'MEM',leads
621,621,621,201612140MEM,9.5,17.4,3rd quarter,8:49.0,Marc Gasol,MEM,True,2-pointer,20,49-45,'MEM',leads
623,623,623,201612140MEM,17.2,4.8,3rd quarter,7:24.0,Marc Gasol,MEM,True,2-pointer,7,54-48,'MEM',leads
625,625,625,201612140MEM,24.6,3.7,3rd quarter,6:12.0,Marc Gasol,MEM,False,2-pointer,1,55-49,'MEM',leads
626,626,626,201612140MEM,9.8,24.8,3rd quarter,5:49.0,Marc Gasol,MEM,True,3-pointer,26,58-49,'MEM',leads
619,619,619,201612160MEM,25.0,8.2,1st quarter,11:35.0,Marc Gasol,MEM,True,2-pointer,5,2-0,'SAC',leads
621,621,621,201612160MEM,9.5,23.8,1st quarter,10:13.0,Marc Gasol,MEM,False,3-pointer,25,4-4,'SAC',tied
625,625,625,201612160MEM,13.4,9.7,1st quarter,8:41.0,Marc Gasol,MEM,False,2-pointer,13,4-8,'SAC',trails
629,629,629,201612160MEM,24.4,23.5,1st quarter,6:48.0,Marc Gasol,MEM,True,2-pointer,21,10-10,'SAC',tied
630,630,630,201612160MEM,17.5,6.6,1st quarter,6:05.0,Marc Gasol,MEM,True,2-pointer,7,12-13,'SAC',trails
634,634,634,201612160MEM,10.5,16.6,1st quarter,4:07.0,Marc Gasol,MEM,False,2-pointer,19,14-16,'SAC',trails
651,651,651,201612160MEM,24.0,9.5,2nd quarter,7:00.0,Marc Gasol,MEM,False,2-pointer,7,28-36,'SAC',trails
655,655,655,201612160MEM,32.7,16.9,2nd quarter,3:30.0,Marc Gasol,MEM,False,2-pointer,16,38-47,'SAC',trails
658,658,658,201612160MEM,24.0,3.1,2nd quarter,2:36.0,Marc Gasol,MEM,True,2-pointer,0,40-50,'SAC',trails
662,662,662,201612160MEM,20.0,27.7,3rd quarter,11:04.0,Marc Gasol,MEM,False,3-pointer,25,43-54,'SAC',trails
666,666,666,201612160MEM,26.5,22.3,3rd quarter,9:06.0,Marc Gasol,MEM,False,2-pointer,19,44-57,'SAC',trails
667,667,667,201612160MEM,27.2,11.0,3rd quarter,8:32.0,Marc Gasol,MEM,True,2-pointer,9,46-57,'SAC',trails
668,668,668,201612160MEM,5.1,19.9,3rd quarter,7:43.0,Marc Gasol,MEM,False,3-pointer,25,46-59,'SAC',trails
681,681,681,201612160MEM,9.7,18.1,4th quarter,10:34.0,Marc Gasol,MEM,False,2-pointer,21,68-78,'SAC',trails
682,682,682,201612160MEM,28.2,7.6,4th quarter,9:00.0,Marc Gasol,MEM,True,2-pointer,6,72-81,'SAC',trails
684,684,684,201612160MEM,24.9,9.1,4th quarter,6:52.0,Marc Gasol,MEM,False,2-pointer,6,74-85,'SAC',trails
686,686,686,201612160MEM,12.8,20.8,4th quarter,5:19.0,Marc Gasol,MEM,False,2-pointer,21,76-85,'SAC',trails
695,695,695,201612160MEM,15.9,28.9,4th quarter,0:01.0,Marc Gasol,MEM,False,3-pointer,27,92-96,'SAC',trails
222,222,222,201612180MEM,11.0,8.2,1st quarter,8:44.0,Marc Gasol,MEM,False,2-pointer,14,2-7,'UTA',trails
225,225,225,201612180MEM,24.0,28.2,1st quarter,7:00.0,Marc Gasol,MEM,False,3-pointer,25,4-9,'UTA',trails
226,226,226,201612180MEM,17.9,12.5,1st quarter,6:23.0,Marc Gasol,MEM,False,2-pointer,11,4-9,'UTA',trails
228,228,228,201612180MEM,13.9,8.2,1st quarter,4:51.0,Marc Gasol,MEM,False,2-pointer,11,6-16,'UTA',trails
255,255,255,201612180MEM,11.6,16.1,2nd quarter,3:37.0,Marc Gasol,MEM,True,2-pointer,18,32-30,'UTA',leads
259,259,259,201612180MEM,30.1,8.6,2nd quarter,0:30.0,Marc Gasol,MEM,False,2-pointer,8,33-34,'UTA',trails
261,261,261,201612180MEM,12.6,25.8,3rd quarter,11:06.0,Marc Gasol,MEM,False,3-pointer,25,35-34,'UTA',leads
266,266,266,201612180MEM,25.7,3.0,3rd quarter,8:45.0,Marc Gasol,MEM,False,2-pointer,1,44-40,'UTA',leads
274,274,274,201612180MEM,14.3,8.6,3rd quarter,4:45.0,Marc Gasol,MEM,True,2-pointer,11,51-48,'UTA',leads
276,276,276,201612180MEM,17.5,8.2,3rd quarter,3:36.0,Marc Gasol,MEM,False,2-pointer,8,54-52,'UTA',leads
285,285,285,201612180MEM,15.7,28.2,4th quarter,10:46.0,Marc Gasol,MEM,False,3-pointer,26,60-61,'UTA',trails
287,287,287,201612180MEM,21.3,7.1,4th quarter,9:39.0,Marc Gasol,MEM,False,2-pointer,4,60-64,'UTA',trails
288,288,288,201612180MEM,22.8,4.1,4th quarter,9:38.0,Marc Gasol,MEM,False,2-pointer,1,60-64,'UTA',trails
289,289,289,201612180MEM,22.6,4.1,4th quarter,9:36.0,Marc Gasol,MEM,False,2-pointer,1,60-64,'UTA',trails
292,292,292,201612180MEM,20.5,5.6,4th quarter,8:52.0,Marc Gasol,MEM,False,2-pointer,4,60-64,'UTA',trails
293,293,293,201612180MEM,10.0,5.6,4th quarter,8:44.0,Marc Gasol,MEM,False,2-pointer,14,60-64,'UTA',trails
296,296,296,201612180MEM,29.1,24.3,4th quarter,7:23.0,Marc Gasol,MEM,False,2-pointer,21,62-64,'UTA',trails
299,299,299,201612180MEM,23.6,7.6,4th quarter,6:21.0,Marc Gasol,MEM,True,2-pointer,4,66-64,'UTA',leads
302,302,302,201612180MEM,23.9,28.7,4th quarter,4:38.0,Marc Gasol,MEM,False,3-pointer,25,66-66,'UTA',tied
305,305,305,201612180MEM,24.9,3.0,4th quarter,2:40.0,Marc Gasol,MEM,True,2-pointer,0,68-72,'UTA',trails
306,306,306,201612180MEM,12.8,12.0,4th quarter,1:52.0,Marc Gasol,MEM,False,2-pointer,14,68-75,'UTA',trails
776,776,776,201612200MEM,15.7,3.2,1st quarter,11:22.0,Marc Gasol,MEM,False,2-pointer,8,0-2,'BOS',trails
780,780,780,201612200MEM,24.2,8.1,1st quarter,9:40.0,Marc Gasol,MEM,True,2-pointer,5,4-4,'BOS',tied
781,781,781,201612200MEM,13.3,15.0,1st quarter,7:51.0,Marc Gasol,MEM,False,2-pointer,16,4-8,'BOS',trails
785,785,785,201612200MEM,23.1,8.1,1st quarter,6:29.0,Marc Gasol,MEM,False,2-pointer,5,4-10,'BOS',trails
788,788,788,201612200MEM,16.9,3.0,1st quarter,5:23.0,Marc Gasol,MEM,False,2-pointer,7,6-10,'BOS',trails
790,790,790,201612200MEM,29.5,27.7,1st quarter,4:57.0,Marc Gasol,MEM,True,3-pointer,25,11-10,'BOS',leads
813,813,813,201612200MEM,22.9,4.1,2nd quarter,4:37.0,Marc Gasol,MEM,False,2-pointer,2,33-22,'BOS',leads
814,814,814,201612200MEM,22.9,4.1,2nd quarter,4:37.0,Marc Gasol,MEM,True,2-pointer,2,35-22,'BOS',leads
815,815,815,201612200MEM,30.4,27.7,2nd quarter,4:15.0,Marc Gasol,MEM,True,3-pointer,26,39-22,'BOS',leads
817,817,817,201612200MEM,29.6,9.2,2nd quarter,2:48.0,Marc Gasol,MEM,False,2-pointer,8,39-24,'BOS',leads
818,818,818,201612200MEM,18.2,2.9,2nd quarter,2:10.0,Marc Gasol,MEM,False,2-pointer,6,39-26,'BOS',leads
819,819,819,201612200MEM,24.9,3.7,2nd quarter,1:55.0,Marc Gasol,MEM,True,2-pointer,1,41-27,'BOS',leads
820,820,820,201612200MEM,4.8,18.9,2nd quarter,1:15.0,Marc Gasol,MEM,False,3-pointer,25,41-27,'BOS',leads
825,825,825,201612200MEM,25.7,23.3,3rd quarter,10:46.0,Marc Gasol,MEM,True,2-pointer,20,50-36,'BOS',leads
826,826,826,201612200MEM,31.4,26.2,3rd quarter,9:01.0,Marc Gasol,MEM,True,3-pointer,24,54-42,'BOS',leads
828,828,828,201612200MEM,21.1,24.4,3rd quarter,7:26.0,Marc Gasol,MEM,True,2-pointer,22,58-44,'BOS',leads
832,832,832,201612200MEM,11.0,21.5,3rd quarter,5:02.0,Marc Gasol,MEM,False,2-pointer,23,63-48,'BOS',leads
849,849,849,201612200MEM,5.3,12.7,4th quarter,5:26.0,Marc Gasol,MEM,False,2-pointer,21,85-81,'BOS',leads
850,850,850,201612200MEM,17.5,8.1,4th quarter,4:55.0,Marc Gasol,MEM,False,2-pointer,8,85-81,'BOS',leads
858,858,858,201612200MEM,26.4,18.4,4th quarter,1:15.0,Marc Gasol,MEM,False,2-pointer,16,95-95,'BOS',tied
860,860,860,201612200MEM,16.6,4.3,4th quarter,0:02.0,Marc Gasol,MEM,False,2-pointer,8,97-97,'BOS',tied
865,865,865,201612200MEM,23.6,7.1,1st overtime,1:11.0,Marc Gasol,MEM,False,2-pointer,4,104-105,'BOS',trails
509,509,509,201612210DET,7.5,9.5,1st quarter,9:31.0,Marc Gasol,MEM,True,2-pointer,18,4-5,'DET',trails
512,512,512,201612210DET,31.1,27.9,1st quarter,7:54.0,Marc Gasol,MEM,False,3-pointer,26,7-5,'DET',leads
515,515,515,201612210DET,9.3,13.0,1st quarter,5:38.0,Marc Gasol,MEM,True,2-pointer,18,11-10,'DET',leads
516,516,516,201612210DET,21.0,7.3,1st quarter,5:05.0,Marc Gasol,MEM,True,2-pointer,5,13-10,'DET',leads
519,519,519,201612210DET,7.9,22.3,1st quarter,2:37.0,Marc Gasol,MEM,True,3-pointer,25,20-14,'DET',leads
535,535,535,201612210DET,6.7,5.3,2nd quarter,5:56.0,Marc Gasol,MEM,False,2-pointer,17,40-30,'DET',leads
545,545,545,201612210DET,9.7,7.7,2nd quarter,0:27.0,Marc Gasol,MEM,True,2-pointer,15,50-42,'DET',leads
549,549,549,201612210DET,24.0,3.7,3rd quarter,10:05.0,Marc Gasol,MEM,True,2-pointer,1,58-49,'DET',leads
551,551,551,201612210DET,24.0,3.1,3rd quarter,8:35.0,Marc Gasol,MEM,True,2-pointer,0,60-52,'DET',leads
555,555,555,201612210DET,11.0,8.1,3rd quarter,6:14.0,Marc Gasol,MEM,True,2-pointer,14,65-59,'DET',leads
558,558,558,201612210DET,11.1,10.2,3rd quarter,3:24.0,Marc Gasol,MEM,True,2-pointer,15,72-61,'DET',leads
560,560,560,201612210DET,24.1,28.9,3rd quarter,1:59.0,Marc Gasol,MEM,True,3-pointer,26,77-61,'DET',leads
562,562,562,201612210DET,23.3,4.1,3rd quarter,1:10.0,Marc Gasol,MEM,True,2-pointer,1,79-61,'DET',leads
574,574,574,201612210DET,35.0,16.4,4th quarter,6:13.0,Marc Gasol,MEM,True,2-pointer,17,88-77,'DET',leads
579,579,579,201612210DET,7.7,3.7,4th quarter,3:35.0,Marc Gasol,MEM,True,2-pointer,16,93-81,'DET',leads
582,582,582,201612210DET,24.1,4.6,4th quarter,2:01.0,Marc Gasol,MEM,False,2-pointer,2,93-83,'DET',leads
584,584,584,201612210DET,28.5,12.5,4th quarter,1:35.0,Marc Gasol,MEM,True,2-pointer,11,95-83,'DET',leads
1106,1106,1106,201612230MEM,13.1,8.7,1st quarter,11:19.0,Marc Gasol,MEM,True,2-pointer,12,2-2,'HOU',tied
1108,1108,1108,201612230MEM,16.7,6.6,1st quarter,10:12.0,Marc Gasol,MEM,False,2-pointer,8,2-5,'HOU',trails
1113,1113,1113,201612230MEM,24.6,23.3,1st quarter,7:00.0,Marc Gasol,MEM,False,2-pointer,20,6-13,'HOU',trails
1117,1117,1117,201612230MEM,16.7,8.6,1st quarter,5:24.0,Marc Gasol,MEM,False,2-pointer,9,10-16,'HOU',trails
1121,1121,1121,201612230MEM,25.4,3.2,1st quarter,3:20.0,Marc Gasol,MEM,True,2-pointer,1,19-21,'HOU',trails
1140,1140,1140,201612230MEM,24.1,10.0,2nd quarter,3:54.0,Marc Gasol,MEM,False,2-pointer,7,42-41,'HOU',leads
1142,1142,1142,201612230MEM,24.6,3.2,2nd quarter,2:36.0,Marc Gasol,MEM,True,2-pointer,0,49-44,'HOU',leads
1145,1145,1145,201612230MEM,29.8,5.6,2nd quarter,0:46.0,Marc Gasol,MEM,False,2-pointer,6,54-47,'HOU',leads
1149,1149,1149,201612230MEM,13.4,17.4,3rd quarter,11:44.0,Marc Gasol,MEM,True,2-pointer,17,56-49,'HOU',leads
1160,1160,1160,201612230MEM,9.3,10.7,3rd quarter,4:44.0,Marc Gasol,MEM,False,2-pointer,16,68-66,'HOU',leads
1162,1162,1162,201612230MEM,19.0,27.7,3rd quarter,3:34.0,Marc Gasol,MEM,False,3-pointer,25,70-67,'HOU',leads
1163,1163,1163,201612230MEM,24.2,7.6,3rd quarter,3:01.0,Marc Gasol,MEM,False,2-pointer,4,70-70,'HOU',tied
1181,1181,1181,201612230MEM,18.2,9.1,4th quarter,4:20.0,Marc Gasol,MEM,False,2-pointer,8,98-92,'HOU',leads
1184,1184,1184,201612230MEM,24.0,3.1,4th quarter,1:45.0,Marc Gasol,MEM,True,2-pointer,0,107-100,'HOU',leads
1174,1174,1174,201612260ORL,23.3,10.0,1st quarter,9:45.0,Marc Gasol,MEM,True,2-pointer,7,2-6,'ORL',trails
1181,1181,1181,201612260ORL,37.3,24.0,1st quarter,5:40.0,Marc Gasol,MEM,False,3-pointer,25,8-19,'ORL',trails
1183,1183,1183,201612260ORL,25.7,22.5,1st quarter,3:51.0,Marc Gasol,MEM,False,2-pointer,20,13-23,'ORL',trails
1197,1197,1197,201612260ORL,13.9,19.4,2nd quarter,8:09.0,Marc Gasol,MEM,False,2-pointer,19,25-42,'ORL',trails
1201,1201,1201,201612260ORL,22.4,13.6,2nd quarter,6:08.0,Marc Gasol,MEM,False,2-pointer,11,25-49,'ORL',trails
1205,1205,1205,201612260ORL,9.7,6.8,2nd quarter,2:50.0,Marc Gasol,MEM,False,2-pointer,15,33-59,'ORL',trails
1210,1210,1210,201612260ORL,27.5,12.0,3rd quarter,11:42.0,Marc Gasol,MEM,True,2-pointer,10,45-68,'ORL',trails
1216,1216,1216,201612260ORL,11.8,12.5,3rd quarter,6:40.0,Marc Gasol,MEM,True,2-pointer,15,55-80,'ORL',trails
1221,1221,1221,201612260ORL,33.1,6.3,3rd quarter,3:26.0,Marc Gasol,MEM,True,2-pointer,10,67-87,'ORL',trails
3,3,3,201612270BOS,15.7,20.4,1st quarter,9:57.0,Marc Gasol,MEM,True,2-pointer,19,4-5,'BOS',trails
4,4,4,201612270BOS,32.4,26.2,1st quarter,9:10.0,Marc Gasol,MEM,True,3-pointer,25,7-5,'BOS',leads
6,6,6,201612270BOS,20.0,6.6,1st quarter,8:04.0,Marc Gasol,MEM,True,2-pointer,5,9-7,'BOS',leads
8,8,8,201612270BOS,10.8,23.8,1st quarter,7:11.0,Marc Gasol,MEM,True,3-pointer,25,12-10,'BOS',leads
11,11,11,201612270BOS,13.1,9.1,1st quarter,5:15.0,Marc Gasol,MEM,True,2-pointer,12,17-17,'BOS',tied
13,13,13,201612270BOS,13.6,3.7,1st quarter,4:14.0,Marc Gasol,MEM,False,2-pointer,10,19-19,'BOS',tied
25,25,25,201612270BOS,25.5,7.6,2nd quarter,8:54.0,Marc Gasol,MEM,False,2-pointer,5,32-40,'BOS',trails
26,26,26,201612270BOS,18.7,27.4,2nd quarter,8:46.0,Marc Gasol,MEM,False,3-pointer,25,32-40,'BOS',trails
43,43,43,201612270BOS,25.0,28.2,3rd quarter,11:25.0,Marc Gasol,MEM,False,3-pointer,25,48-57,'BOS',trails
48,48,48,201612270BOS,11.8,4.1,3rd quarter,9:14.0,Marc Gasol,MEM,False,2-pointer,12,54-62,'BOS',trails
49,49,49,201612270BOS,21.8,18.4,3rd quarter,8:51.0,Marc Gasol,MEM,True,2-pointer,16,56-62,'BOS',trails
52,52,52,201612270BOS,11.1,2.4,3rd quarter,7:24.0,Marc Gasol,MEM,False,2-pointer,13,60-64,'BOS',trails
53,53,53,201612270BOS,19.3,4.6,3rd quarter,6:27.0,Marc Gasol,MEM,False,2-pointer,5,63-69,'BOS',trails
58,58,58,201612270BOS,18.7,19.9,3rd quarter,4:07.0,Marc Gasol,MEM,False,2-pointer,18,69-72,'BOS',trails
66,66,66,201612270BOS,11.8,8.1,4th quarter,11:41.0,Marc Gasol,MEM,False,2-pointer,13,77-84,'BOS',trails
70,70,70,201612270BOS,6.6,22.5,4th quarter,10:20.0,Marc Gasol,MEM,False,3-pointer,26,81-86,'BOS',trails
72,72,72,201612270BOS,21.5,7.6,4th quarter,9:29.0,Marc Gasol,MEM,True,2-pointer,5,85-88,'BOS',trails
75,75,75,201612270BOS,18.2,11.7,4th quarter,8:19.0,Marc Gasol,MEM,True,2-pointer,10,90-93,'BOS',trails
81,81,81,201612270BOS,28.3,28.4,4th quarter,4:51.0,Marc Gasol,MEM,True,3-pointer,26,97-100,'BOS',trails
83,83,83,201612270BOS,13.0,2.0,4th quarter,3:09.0,Marc Gasol,MEM,False,2-pointer,11,97-102,'BOS',trails
561,561,561,201612290MEM,12.6,1.4,1st quarter,11:45.0,Marc Gasol,MEM,True,2-pointer,12,2-0,'OKC',leads
562,562,562,201612290MEM,31.9,27.7,1st quarter,11:15.0,Marc Gasol,MEM,False,3-pointer,26,2-0,'OKC',leads
563,563,563,201612290MEM,11.6,19.0,1st quarter,10:59.0,Marc Gasol,MEM,False,2-pointer,20,2-0,'OKC',leads
564,564,564,201612290MEM,24.0,3.1,1st quarter,10:35.0,Marc Gasol,MEM,True,2-pointer,0,4-0,'OKC',leads
573,573,573,201612290MEM,25.9,7.1,1st quarter,4:10.0,Marc Gasol,MEM,True,2-pointer,5,16-13,'OKC',leads
574,574,574,201612290MEM,10.0,24.0,1st quarter,3:51.0,Marc Gasol,MEM,False,3-pointer,25,17-13,'OKC',leads
575,575,575,201612290MEM,8.5,17.6,1st quarter,3:22.0,Marc Gasol,MEM,False,2-pointer,21,17-16,'OKC',leads
588,588,588,201612290MEM,9.3,11.7,2nd quarter,6:28.0,Marc Gasol,MEM,True,2-pointer,17,37-30,'OKC',leads
589,589,589,201612290MEM,17.2,5.1,2nd quarter,5:49.0,Marc Gasol,MEM,True,2-pointer,7,39-33,'OKC',leads
590,590,590,201612290MEM,13.4,6.1,2nd quarter,5:17.0,Marc Gasol,MEM,False,2-pointer,11,39-33,'OKC',leads
606,606,606,201612290MEM,24.2,10.5,3rd quarter,10:42.0,Marc Gasol,MEM,False,2-pointer,8,56-41,'OKC',leads
609,609,609,201612290MEM,34.1,8.1,3rd quarter,8:09.0,Marc Gasol,MEM,True,2-pointer,11,58-45,'OKC',leads
611,611,611,201612290MEM,12.1,6.3,3rd quarter,6:46.0,Marc Gasol,MEM,False,2-pointer,12,61-45,'OKC',leads
612,612,612,201612290MEM,26.8,11.0,3rd quarter,6:04.0,Marc Gasol,MEM,True,2-pointer,8,65-45,'OKC',leads
613,613,613,201612290MEM,23.4,23.3,3rd quarter,5:02.0,Marc Gasol,MEM,False,2-pointer,20,65-45,'OKC',leads
614,614,614,201612290MEM,25.2,3.2,3rd quarter,4:35.0,Marc Gasol,MEM,True,2-pointer,1,67-47,'OKC',leads
615,615,615,201612290MEM,22.0,10.2,3rd quarter,4:00.0,Marc Gasol,MEM,False,2-pointer,7,67-49,'OKC',leads
617,617,617,201612290MEM,22.9,28.7,3rd quarter,2:48.0,Marc Gasol,MEM,False,3-pointer,26,69-51,'OKC',leads
618,618,618,201612290MEM,17.4,10.2,3rd quarter,1:10.0,Marc Gasol,MEM,False,2-pointer,10,73-58,'OKC',leads
619,619,619,201612290MEM,26.8,13.0,3rd quarter,0:26.0,Marc Gasol,MEM,True,2-pointer,10,75-59,'OKC',leads
671,671,671,201612310SAC,14.6,5.6,1st quarter,11:39.0,Marc Gasol,MEM,False,2-pointer,10,0-0,'SAC',tied
672,672,672,201612310SAC,10.0,16.4,1st quarter,11:06.0,Marc Gasol,MEM,False,2-pointer,19,0-0,'SAC',tied
673,673,673,201612310SAC,17.2,3.8,1st quarter,10:45.0,Marc Gasol,MEM,False,2-pointer,7,0-0,'SAC',tied
702,702,702,201612310SAC,25.2,9.1,2nd quarter,7:20.0,Marc Gasol,MEM,False,2-pointer,6,32-22,'SAC',leads
709,709,709,201612310SAC,11.5,6.8,2nd quarter,2:40.0,Marc Gasol,MEM,False,2-pointer,13,41-39,'SAC',leads
710,710,710,201612310SAC,33.7,25.4,2nd quarter,2:33.0,Marc Gasol,MEM,False,3-pointer,24,41-39,'SAC',leads
667,667,667,201701030LAL,14.5,3.3,1st quarter,11:08.0,Marc Gasol,MEM,False,2-pointer,10,0-2,'LAL',trails
670,670,670,201701030LAL,13.6,19.3,1st quarter,9:12.0,Marc Gasol,MEM,True,2-pointer,19,2-8,'LAL',trails
672,672,672,201701030LAL,16.7,18.5,1st quarter,7:40.0,Marc Gasol,MEM,True,2-pointer,17,8-10,'LAL',trails
673,673,673,201701030LAL,10.8,27.8,1st quarter,7:17.0,Marc Gasol,MEM,False,3-pointer,28,8-10,'LAL',trails
681,681,681,201701030LAL,23.0,10.6,1st quarter,1:41.0,Marc Gasol,MEM,True,2-pointer,8,18-22,'LAL',trails
683,683,683,201701030LAL,33.1,2.8,1st quarter,0:25.0,Marc Gasol,MEM,True,2-pointer,9,20-22,'LAL',trails
686,686,686,201701030LAL,18.1,13.4,2nd quarter,10:14.0,Marc Gasol,MEM,False,2-pointer,12,27-28,'LAL',trails
696,696,696,201701030LAL,14.7,27.1,2nd quarter,4:09.0,Marc Gasol,MEM,False,3-pointer,26,39-46,'LAL',trails
698,698,698,201701030LAL,19.3,11.0,2nd quarter,3:03.0,Marc Gasol,MEM,False,2-pointer,9,41-51,'LAL',trails
707,707,707,201701030LAL,17.0,18.8,3rd quarter,11:37.0,Marc Gasol,MEM,True,2-pointer,17,50-57,'LAL',trails
709,709,709,201701030LAL,23.2,9.7,3rd quarter,9:55.0,Marc Gasol,MEM,True,2-pointer,7,55-62,'LAL',trails
714,714,714,201701030LAL,22.9,3.6,3rd quarter,7:01.0,Marc Gasol,MEM,True,2-pointer,1,59-69,'LAL',trails
717,717,717,201701030LAL,24.0,21.7,3rd quarter,5:43.0,Marc Gasol,MEM,False,2-pointer,19,62-71,'LAL',trails
719,719,719,201701030LAL,10.6,17.8,3rd quarter,4:10.0,Marc Gasol,MEM,False,2-pointer,20,66-76,'LAL',trails
730,730,730,201701030LAL,14.7,9.2,4th quarter,8:28.0,Marc Gasol,MEM,True,2-pointer,11,84-100,'LAL',trails
521,521,521,201701040LAC,24.1,6.6,1st quarter,10:44.0,Marc Gasol,MEM,True,2-pointer,3,2-3,'MEM',trails
524,524,524,201701040LAC,26.7,28.9,1st quarter,9:20.0,Marc Gasol,MEM,True,3-pointer,26,8-5,'MEM',leads
525,525,525,201701040LAC,11.0,5.1,1st quarter,8:21.0,Marc Gasol,MEM,False,2-pointer,13,8-7,'MEM',leads
536,536,536,201701040LAC,24.0,5.1,1st quarter,4:01.0,Marc Gasol,MEM,True,2-pointer,2,19-19,'MEM',tied
552,552,552,201701040LAC,28.0,24.9,2nd quarter,7:11.0,Marc Gasol,MEM,True,2-pointer,22,39-40,'MEM',trails
554,554,554,201701040LAC,20.2,28.7,2nd quarter,6:16.0,Marc Gasol,MEM,True,3-pointer,25,45-41,'MEM',leads
563,563,563,201701040LAC,18.2,14.5,2nd quarter,0:03.0,Marc Gasol,MEM,False,2-pointer,13,63-53,'MEM',leads
564,564,564,201701040LAC,12.0,6.1,3rd quarter,11:26.0,Marc Gasol,MEM,True,2-pointer,12,65-56,'MEM',leads
565,565,565,201701040LAC,25.5,30.2,3rd quarter,11:00.0,Marc Gasol,MEM,False,3-pointer,27,65-57,'MEM',leads
570,570,570,201701040LAC,36.7,15.1,3rd quarter,7:49.0,Marc Gasol,MEM,False,2-pointer,17,71-63,'MEM',leads
574,574,574,201701040LAC,31.1,14.5,3rd quarter,5:57.0,Marc Gasol,MEM,False,2-pointer,13,71-68,'MEM',leads
576,576,576,201701040LAC,22.0,15.4,3rd quarter,4:12.0,Marc Gasol,MEM,True,2-pointer,12,75-72,'MEM',leads
584,584,584,201701040LAC,25.5,13.0,3rd quarter,0:05.0,Marc Gasol,MEM,True,2-pointer,10,85-89,'MEM',trails
588,588,588,201701040LAC,9.5,1.9,4th quarter,9:41.0,Marc Gasol,MEM,False,2-pointer,14,88-91,'MEM',trails
599,599,599,201701040LAC,33.7,27.7,4th quarter,2:13.0,Marc Gasol,MEM,False,3-pointer,26,98-102,'MEM',trails
603,603,603,201701040LAC,27.2,5.1,4th quarter,0:33.0,Marc Gasol,MEM,True,2-pointer,4,104-111,'MEM',trails
346,346,346,201701060GSW,26.2,29.4,1st quarter,10:48.0,Marc Gasol,MEM,False,3-pointer,26,2-4,'GSW',trails
350,350,350,201701060GSW,25.4,10.0,1st quarter,9:02.0,Marc Gasol,MEM,True,2-pointer,7,6-6,'GSW',tied
351,351,351,201701060GSW,27.5,13.1,1st quarter,7:46.0,Marc Gasol,MEM,True,2-pointer,11,8-10,'GSW',trails
379,379,379,201701060GSW,11.6,16.1,2nd quarter,3:39.0,Marc Gasol,MEM,True,2-pointer,18,47-56,'GSW',trails
384,384,384,201701060GSW,24.2,13.5,2nd quarter,1:49.0,Marc Gasol,MEM,False,2-pointer,11,49-60,'GSW',trails
387,387,387,201701060GSW,17.9,7.9,2nd quarter,0:57.0,Marc Gasol,MEM,False,2-pointer,8,52-60,'GSW',trails
389,389,389,201701060GSW,24.0,5.3,2nd quarter,0:15.0,Marc Gasol,MEM,False,2-pointer,2,55-64,'GSW',trails
399,399,399,201701060GSW,22.1,15.6,3rd quarter,6:50.0,Marc Gasol,MEM,False,2-pointer,13,64-81,'GSW',trails
402,402,402,201701060GSW,9.7,27.7,3rd quarter,5:22.0,Marc Gasol,MEM,False,3-pointer,29,64-84,'GSW',trails
403,403,403,201701060GSW,27.8,14.5,3rd quarter,5:01.0,Marc Gasol,MEM,True,2-pointer,12,66-88,'GSW',trails
404,404,404,201701060GSW,24.4,4.1,3rd quarter,4:36.0,Marc Gasol,MEM,True,2-pointer,1,68-90,'GSW',trails
407,407,407,201701060GSW,26.4,6.1,3rd quarter,3:39.0,Marc Gasol,MEM,True,2-pointer,4,72-92,'GSW',trails
422,422,422,201701060GSW,10.8,15.0,4th quarter,7:53.0,Marc Gasol,MEM,False,2-pointer,18,86-103,'GSW',trails
424,424,424,201701060GSW,24.6,4.3,4th quarter,6:58.0,Marc Gasol,MEM,True,2-pointer,1,91-104,'GSW',trails
434,434,434,201701060GSW,18.2,10.2,4th quarter,2:57.0,Marc Gasol,MEM,False,2-pointer,9,104-108,'GSW',trails
440,440,440,201701060GSW,15.1,18.4,1st overtime,4:40.0,Marc Gasol,MEM,True,2-pointer,18,113-111,'GSW',leads
442,442,442,201701060GSW,25.4,11.2,1st overtime,3:18.0,Marc Gasol,MEM,True,2-pointer,8,117-113,'GSW',leads
445,445,445,201701060GSW,17.7,18.9,1st overtime,1:23.0,Marc Gasol,MEM,False,2-pointer,17,122-116,'GSW',leads
591,591,591,201701080MEM,9.0,2.4,1st quarter,11:48.0,Marc Gasol,MEM,True,2-pointer,15,2-0,'UTA',leads
595,595,595,201701080MEM,23.8,7.1,1st quarter,9:40.0,Marc Gasol,MEM,True,2-pointer,4,6-4,'UTA',leads
596,596,596,201701080MEM,26.8,27.2,1st quarter,8:22.0,Marc Gasol,MEM,False,3-pointer,24,6-6,'UTA',tied
598,598,598,201701080MEM,13.4,11.0,1st quarter,7:23.0,Marc Gasol,MEM,True,2-pointer,13,10-6,'UTA',leads
600,600,600,201701080MEM,17.7,6.6,1st quarter,5:53.0,Marc Gasol,MEM,True,2-pointer,7,12-6,'UTA',leads
609,609,609,201701080MEM,13.6,11.5,1st quarter,0:48.0,Marc Gasol,MEM,False,2-pointer,13,19-16,'UTA',leads
617,617,617,201701080MEM,22.4,7.1,2nd quarter,7:28.0,Marc Gasol,MEM,False,2-pointer,4,27-26,'UTA',leads
621,621,621,201701080MEM,26.5,4.1,2nd quarter,5:48.0,Marc Gasol,MEM,False,2-pointer,3,32-28,'UTA',leads
623,623,623,201701080MEM,13.9,21.8,2nd quarter,4:24.0,Marc Gasol,MEM,True,2-pointer,21,37-30,'UTA',leads
631,631,631,201701080MEM,8.4,16.6,3rd quarter,10:42.0,Marc Gasol,MEM,True,2-pointer,21,44-37,'UTA',leads
633,633,633,201701080MEM,11.0,9.1,3rd quarter,9:41.0,Marc Gasol,MEM,True,2-pointer,14,48-40,'UTA',leads
634,634,634,201701080MEM,29.6,27.2,3rd quarter,9:15.0,Marc Gasol,MEM,False,3-pointer,25,48-40,'UTA',leads
636,636,636,201701080MEM,11.3,4.1,3rd quarter,8:05.0,Marc Gasol,MEM,False,2-pointer,13,48-43,'UTA',leads
639,639,639,201701080MEM,24.9,10.2,3rd quarter,6:15.0,Marc Gasol,MEM,False,2-pointer,7,51-45,'UTA',leads
640,640,640,201701080MEM,15.1,23.3,3rd quarter,5:06.0,Marc Gasol,MEM,False,2-pointer,22,51-47,'UTA',leads
642,642,642,201701080MEM,24.2,6.6,3rd quarter,3:48.0,Marc Gasol,MEM,False,2-pointer,4,51-49,'UTA',leads
660,660,660,201701080MEM,41.6,20.0,4th quarter,4:55.0,Marc Gasol,MEM,False,3-pointer,24,72-59,'UTA',leads
666,666,666,201701080MEM,22.8,16.6,4th quarter,0:48.0,Marc Gasol,MEM,False,2-pointer,14,82-77,'UTA',leads
527,527,527,201701110OKC,30.3,19.5,1st quarter,9:54.0,Marc Gasol,MEM,False,2-pointer,18,2-7,'OKC',trails
531,531,531,201701110OKC,20.8,6.3,1st quarter,7:59.0,Marc Gasol,MEM,True,2-pointer,5,8-9,'OKC',trails
533,533,533,201701110OKC,16.2,13.0,1st quarter,6:49.0,Marc Gasol,MEM,False,2-pointer,13,10-13,'OKC',trails
547,547,547,201701110OKC,12.3,5.3,1st quarter,0:55.0,Marc Gasol,MEM,False,2-pointer,12,20-24,'OKC',trails
548,548,548,201701110OKC,22.6,4.1,1st quarter,0:17.0,Marc Gasol,MEM,True,2-pointer,2,22-26,'OKC',trails
550,550,550,201701110OKC,16.4,7.3,2nd quarter,10:50.0,Marc Gasol,MEM,True,2-pointer,9,26-33,'OKC',trails
561,561,561,201701110OKC,21.8,15.0,2nd quarter,2:26.0,Marc Gasol,MEM,False,2-pointer,12,38-45,'OKC',trails
568,568,568,201701110OKC,13.4,18.1,3rd quarter,11:31.0,Marc Gasol,MEM,False,2-pointer,18,44-55,'OKC',trails
574,574,574,201701110OKC,15.9,6.6,3rd quarter,8:43.0,Marc Gasol,MEM,True,2-pointer,9,53-59,'OKC',trails
580,580,580,201701110OKC,24.0,28.2,3rd quarter,5:39.0,Marc Gasol,MEM,False,3-pointer,25,58-61,'OKC',trails
581,581,581,201701110OKC,23.9,6.3,3rd quarter,5:11.0,Marc Gasol,MEM,False,2-pointer,3,58-64,'OKC',trails
602,602,602,201701110OKC,21.6,27.7,4th quarter,5:02.0,Marc Gasol,MEM,False,3-pointer,25,80-85,'OKC',trails
169,169,169,201701130HOU,17.4,5.6,1st quarter,9:17.0,Marc Gasol,MEM,True,2-pointer,7,11-7,'HOU',leads
195,195,195,201701130HOU,36.2,18.4,2nd quarter,3:23.0,Marc Gasol,MEM,True,2-pointer,20,42-55,'HOU',trails
196,196,196,201701130HOU,24.0,3.1,2nd quarter,2:52.0,Marc Gasol,MEM,True,2-pointer,0,44-55,'HOU',trails
197,197,197,201701130HOU,25.4,4.1,2nd quarter,2:31.0,Marc Gasol,MEM,False,2-pointer,2,44-57,'HOU',trails
208,208,208,201701130HOU,7.4,23.8,3rd quarter,7:06.0,Marc Gasol,MEM,False,3-pointer,27,57-71,'HOU',trails
214,214,214,201701130HOU,23.3,3.8,3rd quarter,4:22.0,Marc Gasol,MEM,True,2-pointer,1,68-76,'HOU',trails
215,215,215,201701130HOU,38.8,24.4,3rd quarter,3:49.0,Marc Gasol,MEM,True,3-pointer,26,71-79,'HOU',trails
236,236,236,201701130HOU,9.8,13.0,4th quarter,3:45.0,Marc Gasol,MEM,False,2-pointer,17,101-97,'HOU',leads
239,239,239,201701130HOU,22.8,7.1,4th quarter,1:17.0,Marc Gasol,MEM,True,2-pointer,4,107-103,'HOU',leads
752,752,752,201701150MEM,11.5,10.2,1st quarter,11:23.0,Marc Gasol,MEM,False,2-pointer,14,0-2,'MEM',trails
757,757,757,201701150MEM,27.5,8.1,1st quarter,9:27.0,Marc Gasol,MEM,False,2-pointer,6,4-5,'MEM',trails
760,760,760,201701150MEM,24.9,2.9,1st quarter,8:03.0,Marc Gasol,MEM,True,2-pointer,0,6-8,'MEM',trails
764,764,764,201701150MEM,20.0,24.3,1st quarter,6:03.0,Marc Gasol,MEM,False,2-pointer,21,13-10,'MEM',leads
767,767,767,201701150MEM,23.6,2.0,1st quarter,4:47.0,Marc Gasol,MEM,True,2-pointer,1,17-12,'MEM',leads
783,783,783,201701150MEM,8.2,23.3,2nd quarter,6:43.0,Marc Gasol,MEM,True,3-pointer,25,33-31,'MEM',leads
786,786,786,201701150MEM,18.7,13.5,2nd quarter,5:12.0,Marc Gasol,MEM,False,2-pointer,11,36-38,'MEM',trails
791,791,791,201701150MEM,22.4,8.1,2nd quarter,3:12.0,Marc Gasol,MEM,True,2-pointer,5,38-44,'MEM',trails
792,792,792,201701150MEM,24.2,23.8,2nd quarter,2:29.0,Marc Gasol,MEM,True,2-pointer,20,40-46,'MEM',trails
795,795,795,201701150MEM,17.2,27.7,2nd quarter,0:47.0,Marc Gasol,MEM,True,3-pointer,26,43-48,'MEM',trails
798,798,798,201701150MEM,39.6,23.0,3rd quarter,11:11.0,Marc Gasol,MEM,False,3-pointer,25,49-52,'MEM',trails
799,799,799,201701150MEM,25.4,9.5,3rd quarter,10:02.0,Marc Gasol,MEM,False,2-pointer,6,51-54,'MEM',trails
801,801,801,201701150MEM,24.9,4.1,3rd quarter,9:31.0,Marc Gasol,MEM,True,2-pointer,1,53-56,'MEM',trails
804,804,804,201701150MEM,13.9,16.9,3rd quarter,7:33.0,Marc Gasol,MEM,True,2-pointer,17,57-62,'MEM',trails
806,806,806,201701150MEM,28.3,24.4,3rd quarter,5:53.0,Marc Gasol,MEM,False,2-pointer,21,59-66,'MEM',trails
823,823,823,201701150MEM,40.6,23.0,4th quarter,9:16.0,Marc Gasol,MEM,False,3-pointer,25,79-84,'MEM',trails
828,828,828,201701150MEM,31.1,15.0,4th quarter,6:45.0,Marc Gasol,MEM,True,2-pointer,13,87-86,'MEM',leads
832,832,832,201701150MEM,24.2,3.2,4th quarter,5:28.0,Marc Gasol,MEM,False,2-pointer,0,91-92,'MEM',trails
836,836,836,201701150MEM,16.7,7.6,4th quarter,3:47.0,Marc Gasol,MEM,False,2-pointer,8,94-95,'MEM',trails
838,838,838,201701150MEM,12.1,25.4,4th quarter,3:24.0,Marc Gasol,MEM,False,3-pointer,25,94-97,'MEM',trails
839,839,839,201701150MEM,24.6,2.9,4th quarter,2:42.0,Marc Gasol,MEM,True,2-pointer,0,96-99,'MEM',trails
1377,1377,1377,201701180WAS,23.1,6.6,1st quarter,11:11.0,Marc Gasol,MEM,True,2-pointer,4,2-3,'WAS',trails
1378,1378,1378,201701180WAS,35.0,29.7,1st quarter,10:46.0,Marc Gasol,MEM,False,3-pointer,29,2-5,'WAS',trails
1382,1382,1382,201701180WAS,23.6,2.5,1st quarter,8:46.0,Marc Gasol,MEM,True,2-pointer,1,9-10,'WAS',trails
1383,1383,1383,201701180WAS,33.9,10.0,1st quarter,7:44.0,Marc Gasol,MEM,True,2-pointer,12,11-13,'WAS',trails
1384,1384,1384,201701180WAS,30.8,9.1,1st quarter,6:58.0,Marc Gasol,MEM,False,2-pointer,9,11-15,'WAS',trails
1397,1397,1397,201701180WAS,24.2,30.2,2nd quarter,10:44.0,Marc Gasol,MEM,False,3-pointer,27,27-32,'WAS',trails
1401,1401,1401,201701180WAS,38.8,5.1,2nd quarter,8:32.0,Marc Gasol,MEM,False,2-pointer,15,30-41,'WAS',trails
1413,1413,1413,201701180WAS,26.5,3.7,2nd quarter,3:00.0,Marc Gasol,MEM,True,2-pointer,3,42-56,'WAS',trails
1416,1416,1416,201701180WAS,24.0,3.1,2nd quarter,0:56.0,Marc Gasol,MEM,True,2-pointer,0,47-64,'WAS',trails
1420,1420,1420,201701180WAS,30.3,19.5,3rd quarter,10:25.0,Marc Gasol,MEM,True,2-pointer,18,56-67,'WAS',trails
1421,1421,1421,201701180WAS,41.4,8.1,3rd quarter,9:19.0,Marc Gasol,MEM,False,2-pointer,18,58-67,'WAS',trails
1424,1424,1424,201701180WAS,9.7,13.5,3rd quarter,7:43.0,Marc Gasol,MEM,True,2-pointer,18,64-71,'WAS',trails
1426,1426,1426,201701180WAS,25.4,14.0,3rd quarter,6:10.0,Marc Gasol,MEM,False,2-pointer,11,64-73,'WAS',trails
1448,1448,1448,201701180WAS,14.9,27.2,4th quarter,9:12.0,Marc Gasol,MEM,False,3-pointer,26,79-85,'WAS',trails
1454,1454,1454,201701180WAS,25.5,4.3,4th quarter,4:15.0,Marc Gasol,MEM,True,2-pointer,2,87-97,'WAS',trails
1455,1455,1455,201701180WAS,24.0,3.1,4th quarter,3:38.0,Marc Gasol,MEM,True,2-pointer,0,89-97,'WAS',trails
922,922,922,201701200MEM,12.5,17.4,1st quarter,11:08.0,Marc Gasol,MEM,False,2-pointer,18,0-3,'SAC',trails
924,924,924,201701200MEM,24.9,4.1,1st quarter,10:06.0,Marc Gasol,MEM,False,2-pointer,1,0-5,'SAC',trails
927,927,927,201701200MEM,18.2,12.5,1st quarter,8:51.0,Marc Gasol,MEM,True,2-pointer,11,2-9,'SAC',trails
930,930,930,201701200MEM,25.0,4.1,1st quarter,7:21.0,Marc Gasol,MEM,False,2-pointer,1,5-9,'SAC',trails
935,935,935,201701200MEM,9.3,17.4,1st quarter,5:50.0,Marc Gasol,MEM,False,2-pointer,21,9-9,'SAC',tied
938,938,938,201701200MEM,14.4,20.8,1st quarter,3:37.0,Marc Gasol,MEM,True,2-pointer,20,13-11,'SAC',leads
940,940,940,201701200MEM,32.1,26.9,1st quarter,2:26.0,Marc Gasol,MEM,False,3-pointer,25,13-14,'SAC',trails
942,942,942,201701200MEM,16.1,2.9,1st quarter,1:26.0,Marc Gasol,MEM,True,2-pointer,8,15-16,'SAC',trails
956,956,956,201701200MEM,19.7,10.5,2nd quarter,6:25.0,Marc Gasol,MEM,False,2-pointer,9,29-31,'SAC',trails
962,962,962,201701200MEM,30.1,2.4,2nd quarter,1:54.0,Marc Gasol,MEM,True,2-pointer,6,41-36,'SAC',leads
964,964,964,201701200MEM,28.5,27.7,2nd quarter,0:55.0,Marc Gasol,MEM,False,3-pointer,25,44-39,'SAC',leads
967,967,967,201701200MEM,9.3,12.5,3rd quarter,11:14.0,Marc Gasol,MEM,True,2-pointer,18,51-44,'SAC',leads
972,972,972,201701200MEM,11.5,25.3,3rd quarter,7:40.0,Marc Gasol,MEM,True,3-pointer,26,57-51,'SAC',leads
973,973,973,201701200MEM,12.3,21.8,3rd quarter,6:29.0,Marc Gasol,MEM,False,2-pointer,22,58-53,'SAC',leads
976,976,976,201701200MEM,24.9,10.0,3rd quarter,4:51.0,Marc Gasol,MEM,True,2-pointer,7,60-54,'SAC',leads
978,978,978,201701200MEM,24.9,3.7,3rd quarter,2:56.0,Marc Gasol,MEM,False,2-pointer,1,64-56,'SAC',leads
981,981,981,201701200MEM,13.0,25.8,3rd quarter,1:00.0,Marc Gasol,MEM,True,3-pointer,25,74-62,'SAC',leads
982,982,982,201701200MEM,14.4,29.2,3rd quarter,0:38.0,Marc Gasol,MEM,True,3-pointer,28,77-62,'SAC',leads
983,983,983,201701200MEM,25.2,35.3,3rd quarter,0:27.0,Marc Gasol,MEM,False,3-pointer,32,77-64,'SAC',leads
1315,1315,1315,201701210MEM,13.9,21.5,1st quarter,11:21.0,Marc Gasol,MEM,False,2-pointer,21,0-0,'HOU',tied
1321,1321,1321,201701210MEM,17.9,4.6,1st quarter,9:50.0,Marc Gasol,MEM,True,2-pointer,6,2-3,'HOU',trails
1326,1326,1326,201701210MEM,24.0,3.1,1st quarter,7:29.0,Marc Gasol,MEM,True,2-pointer,0,12-9,'HOU',leads
1327,1327,1327,201701210MEM,21.1,9.5,1st quarter,7:12.0,Marc Gasol,MEM,False,2-pointer,7,12-9,'HOU',leads
1332,1332,1332,201701210MEM,33.9,21.8,1st quarter,4:53.0,Marc Gasol,MEM,True,2-pointer,21,16-16,'HOU',tied
1335,1335,1335,201701210MEM,35.4,5.8,1st quarter,3:17.0,Marc Gasol,MEM,False,2-pointer,11,18-20,'HOU',trails
1348,1348,1348,201701210MEM,25.4,28.7,2nd quarter,7:55.0,Marc Gasol,MEM,False,3-pointer,25,29-40,'HOU',trails
1354,1354,1354,201701210MEM,10.3,9.2,2nd quarter,4:06.0,Marc Gasol,MEM,True,2-pointer,15,36-47,'HOU',trails
1357,1357,1357,201701210MEM,23.3,4.1,2nd quarter,3:03.0,Marc Gasol,MEM,True,2-pointer,1,41-50,'HOU',trails
1358,1358,1358,201701210MEM,26.4,8.1,2nd quarter,1:52.0,Marc Gasol,MEM,True,2-pointer,5,45-54,'HOU',trails
1361,1361,1361,201701210MEM,17.2,11.2,2nd quarter,0:02.0,Marc Gasol,MEM,True,2-pointer,10,49-58,'HOU',trails
1362,1362,1362,201701210MEM,18.5,5.3,3rd quarter,11:46.0,Marc Gasol,MEM,False,2-pointer,5,49-58,'HOU',trails
1364,1364,1364,201701210MEM,29.3,28.7,3rd quarter,10:40.0,Marc Gasol,MEM,True,3-pointer,26,52-61,'HOU',trails
1368,1368,1368,201701210MEM,6.4,20.8,3rd quarter,9:12.0,Marc Gasol,MEM,False,3-pointer,25,56-61,'HOU',trails
1371,1371,1371,201701210MEM,32.9,25.8,3rd quarter,7:10.0,Marc Gasol,MEM,True,3-pointer,24,61-65,'HOU',trails
1373,1373,1373,201701210MEM,19.0,4.8,3rd quarter,6:02.0,Marc Gasol,MEM,False,2-pointer,5,61-68,'HOU',trails
1375,1375,1375,201701210MEM,24.6,4.1,3rd quarter,4:29.0,Marc Gasol,MEM,True,2-pointer,1,65-75,'HOU',trails
1377,1377,1377,201701210MEM,23.6,29.2,3rd quarter,2:52.0,Marc Gasol,MEM,False,3-pointer,26,67-77,'HOU',trails
1392,1392,1392,201701210MEM,24.4,2.9,4th quarter,6:00.0,Marc Gasol,MEM,True,2-pointer,0,90-104,'HOU',trails
1393,1393,1393,201701210MEM,24.4,14.5,4th quarter,5:28.0,Marc Gasol,MEM,True,2-pointer,11,92-104,'HOU',trails
1122,1122,1122,201701250MEM,19.3,4.3,1st quarter,11:37.0,Marc Gasol,MEM,True,2-pointer,5,2-0,'TOR',leads
1123,1123,1123,201701250MEM,16.1,27.4,1st quarter,11:10.0,Marc Gasol,MEM,True,3-pointer,26,5-0,'TOR',leads
1124,1124,1124,201701250MEM,23.6,4.3,1st quarter,10:41.0,Marc Gasol,MEM,True,2-pointer,1,7-0,'TOR',leads
1125,1125,1125,201701250MEM,9.3,22.8,1st quarter,9:57.0,Marc Gasol,MEM,True,3-pointer,25,11-2,'TOR',leads
1126,1126,1126,201701250MEM,28.6,8.7,1st quarter,9:14.0,Marc Gasol,MEM,True,2-pointer,7,13-4,'TOR',leads
1127,1127,1127,201701250MEM,15.6,26.7,1st quarter,8:39.0,Marc Gasol,MEM,True,3-pointer,25,16-6,'TOR',leads
1128,1128,1128,201701250MEM,12.1,24.8,1st quarter,8:06.0,Marc Gasol,MEM,False,3-pointer,25,16-9,'TOR',leads
1133,1133,1133,201701250MEM,28.6,12.0,1st quarter,5:00.0,Marc Gasol,MEM,False,2-pointer,10,23-21,'TOR',leads
1136,1136,1136,201701250MEM,12.0,4.3,1st quarter,2:25.0,Marc Gasol,MEM,False,2-pointer,12,28-27,'TOR',leads
1137,1137,1137,201701250MEM,13.1,11.0,1st quarter,1:58.0,Marc Gasol,MEM,True,2-pointer,14,30-29,'TOR',leads
1139,1139,1139,201701250MEM,30.3,27.2,1st quarter,1:11.0,Marc Gasol,MEM,False,3-pointer,25,30-32,'TOR',trails
1152,1152,1152,201701250MEM,38.0,7.1,2nd quarter,3:13.0,Marc Gasol,MEM,False,2-pointer,15,48-51,'TOR',trails
1153,1153,1153,201701250MEM,20.6,9.5,2nd quarter,2:10.0,Marc Gasol,MEM,True,2-pointer,7,53-51,'TOR',leads
1156,1156,1156,201701250MEM,0.8,3.0,2nd quarter,0:30.0,Marc Gasol,MEM,False,3-pointer,23,56-55,'TOR',leads
1157,1157,1157,201701250MEM,3.3,2.4,3rd quarter,11:37.0,Marc Gasol,MEM,True,2-pointer,21,58-58,'TOR',tied
1158,1158,1158,201701250MEM,10.7,25.3,3rd quarter,10:53.0,Marc Gasol,MEM,True,3-pointer,26,61-61,'TOR',tied
1159,1159,1159,201701250MEM,18.2,4.1,3rd quarter,10:01.0,Marc Gasol,MEM,True,2-pointer,6,63-63,'TOR',tied
1167,1167,1167,201701250MEM,11.6,10.5,3rd quarter,6:15.0,Marc Gasol,MEM,False,2-pointer,14,66-68,'TOR',trails
1171,1171,1171,201701250MEM,19.0,27.7,3rd quarter,4:15.0,Marc Gasol,MEM,True,3-pointer,25,73-70,'TOR',leads
1172,1172,1172,201701250MEM,23.3,3.2,3rd quarter,3:41.0,Marc Gasol,MEM,True,2-pointer,1,75-70,'TOR',leads
1173,1173,1173,201701250MEM,11.1,24.4,3rd quarter,3:02.0,Marc Gasol,MEM,False,3-pointer,25,76-72,'TOR',leads
1187,1187,1187,201701250MEM,9.7,3.7,4th quarter,7:29.0,Marc Gasol,MEM,True,2-pointer,14,93-85,'TOR',leads
1191,1191,1191,201701250MEM,25.5,6.6,4th quarter,5:38.0,Marc Gasol,MEM,False,2-pointer,4,97-87,'TOR',leads
1192,1192,1192,201701250MEM,11.1,26.9,4th quarter,4:58.0,Marc Gasol,MEM,False,3-pointer,27,97-87,'TOR',leads
1198,1198,1198,201701250MEM,24.0,16.4,4th quarter,1:11.0,Marc Gasol,MEM,False,2-pointer,13,99-99,'TOR',tied
1359,1359,1359,201701270POR,14.6,19.9,1st quarter,11:38.0,Marc Gasol,MEM,False,2-pointer,19,0-0,'POR',tied
1362,1362,1362,201701270POR,16.6,5.6,1st quarter,10:06.0,Marc Gasol,MEM,False,2-pointer,8,2-2,'POR',tied
1365,1365,1365,201701270POR,16.6,26.2,1st quarter,8:38.0,Marc Gasol,MEM,True,3-pointer,24,5-6,'POR',trails
1366,1366,1366,201701270POR,23.8,11.2,1st quarter,7:44.0,Marc Gasol,MEM,False,2-pointer,8,5-8,'POR',trails
1368,1368,1368,201701270POR,19.8,5.3,1st quarter,6:17.0,Marc Gasol,MEM,True,2-pointer,5,7-12,'POR',trails
1369,1369,1369,201701270POR,21.5,27.7,1st quarter,5:50.0,Marc Gasol,MEM,True,3-pointer,25,10-12,'POR',trails
1370,1370,1370,201701270POR,31.6,17.9,1st quarter,5:08.0,Marc Gasol,MEM,True,2-pointer,17,12-14,'POR',trails
1372,1372,1372,201701270POR,23.3,14.5,1st quarter,4:00.0,Marc Gasol,MEM,True,2-pointer,12,16-19,'POR',trails
1377,1377,1377,201701270POR,10.7,23.8,1st quarter,1:23.0,Marc Gasol,MEM,False,3-pointer,25,22-26,'POR',trails
1388,1388,1388,201701270POR,23.4,20.5,2nd quarter,5:52.0,Marc Gasol,MEM,False,2-pointer,18,37-53,'POR',trails
1390,1390,1390,201701270POR,21.8,12.7,2nd quarter,4:34.0,Marc Gasol,MEM,False,2-pointer,10,40-57,'POR',trails
1393,1393,1393,201701270POR,28.0,5.3,2nd quarter,4:07.0,Marc Gasol,MEM,True,2-pointer,5,44-57,'POR',trails
1396,1396,1396,201701270POR,14.9,3.8,2nd quarter,1:21.0,Marc Gasol,MEM,True,2-pointer,9,56-62,'POR',trails
1397,1397,1397,201701270POR,33.9,26.4,2nd quarter,0:40.0,Marc Gasol,MEM,False,3-pointer,25,56-62,'POR',trails
1399,1399,1399,201701270POR,15.9,4.6,3rd quarter,11:25.0,Marc Gasol,MEM,False,2-pointer,8,56-62,'POR',trails
1403,1403,1403,201701270POR,20.5,4.8,3rd quarter,9:05.0,Marc Gasol,MEM,True,2-pointer,4,65-67,'POR',trails
1408,1408,1408,201701270POR,10.0,14.5,3rd quarter,4:32.0,Marc Gasol,MEM,True,2-pointer,18,74-76,'POR',trails
1411,1411,1411,201701270POR,26.2,6.1,3rd quarter,3:03.0,Marc Gasol,MEM,True,2-pointer,4,76-82,'POR',trails
1422,1422,1422,201701270POR,28.2,27.4,4th quarter,7:13.0,Marc Gasol,MEM,False,3-pointer,25,94-93,'POR',leads
1424,1424,1424,201701270POR,24.9,3.3,4th quarter,5:59.0,Marc Gasol,MEM,True,2-pointer,1,96-95,'POR',leads
1431,1431,1431,201701270POR,16.4,15.1,4th quarter,2:13.0,Marc Gasol,MEM,True,2-pointer,14,107-110,'POR',trails
1016,1016,1016,201701280UTA,14.6,21.8,1st quarter,11:46.0,Marc Gasol,MEM,False,2-pointer,21,0-0,'UTA',tied
1018,1018,1018,201701280UTA,7.2,6.6,1st quarter,10:18.0,Marc Gasol,MEM,False,2-pointer,17,0-2,'UTA',trails
1019,1019,1019,201701280UTA,16.9,26.4,1st quarter,9:46.0,Marc Gasol,MEM,True,3-pointer,24,3-2,'UTA',leads
1047,1047,1047,201701280UTA,22.4,27.2,2nd quarter,4:38.0,Marc Gasol,MEM,True,3-pointer,24,44-36,'UTA',leads
1058,1058,1058,201701280UTA,23.9,11.2,3rd quarter,9:18.0,Marc Gasol,MEM,True,2-pointer,8,57-51,'UTA',leads
1059,1059,1059,201701280UTA,18.8,15.6,3rd quarter,8:32.0,Marc Gasol,MEM,True,2-pointer,14,59-51,'UTA',leads
1060,1060,1060,201701280UTA,34.2,25.3,3rd quarter,7:57.0,Marc Gasol,MEM,True,3-pointer,25,62-54,'UTA',leads
1064,1064,1064,201701280UTA,17.7,28.4,3rd quarter,7:09.0,Marc Gasol,MEM,True,3-pointer,26,65-57,'UTA',leads
1068,1068,1068,201701280UTA,15.2,12.5,3rd quarter,3:48.0,Marc Gasol,MEM,True,2-pointer,13,74-65,'UTA',leads
1069,1069,1069,201701280UTA,24.2,27.2,3rd quarter,2:55.0,Marc Gasol,MEM,False,3-pointer,24,74-67,'UTA',leads
1079,1079,1079,201701280UTA,21.0,4.1,4th quarter,8:53.0,Marc Gasol,MEM,False,2-pointer,3,84-79,'UTA',leads
1084,1084,1084,201701280UTA,13.6,7.1,4th quarter,6:55.0,Marc Gasol,MEM,False,2-pointer,11,88-83,'UTA',leads
852,852,852,201701300PHO,18.2,23.3,1st quarter,10:36.0,Marc Gasol,MEM,True,2-pointer,21,7-2,'PHO',leads
856,856,856,201701300PHO,40.4,22.3,1st quarter,8:40.0,Marc Gasol,MEM,True,3-pointer,25,12-7,'PHO',leads
859,859,859,201701300PHO,23.8,7.1,1st quarter,7:51.0,Marc Gasol,MEM,False,2-pointer,4,12-7,'PHO',leads
863,863,863,201701300PHO,34.2,27.2,1st quarter,6:06.0,Marc Gasol,MEM,True,3-pointer,26,19-13,'PHO',leads
864,864,864,201701300PHO,27.0,28.4,1st quarter,4:05.0,Marc Gasol,MEM,False,3-pointer,26,23-19,'PHO',leads
865,865,865,201701300PHO,29.1,5.3,1st quarter,3:00.0,Marc Gasol,MEM,False,2-pointer,6,23-21,'PHO',leads
879,879,879,201701300PHO,27.3,5.8,2nd quarter,4:09.0,Marc Gasol,MEM,True,2-pointer,4,49-43,'PHO',leads
880,880,880,201701300PHO,25.9,20.8,2nd quarter,3:17.0,Marc Gasol,MEM,False,2-pointer,18,49-43,'PHO',leads
888,888,888,201701300PHO,4.6,1.9,3rd quarter,11:24.0,Marc Gasol,MEM,False,2-pointer,19,59-48,'PHO',leads
893,893,893,201701300PHO,15.2,22.0,3rd quarter,9:14.0,Marc Gasol,MEM,True,2-pointer,21,69-52,'PHO',leads
901,901,901,201701300PHO,2.0,21.0,3rd quarter,5:52.0,Marc Gasol,MEM,False,3-pointer,28,74-58,'PHO',leads
919,919,919,201701300PHO,24.0,3.1,4th quarter,6:16.0,Marc Gasol,MEM,True,2-pointer,0,109-79,'PHO',leads
700,700,700,201702010DEN,9.8,4.1,1st quarter,9:14.0,Marc Gasol,MEM,True,2-pointer,14,7-8,'DEN',trails
701,701,701,201702010DEN,15.6,19.4,1st quarter,8:59.0,Marc Gasol,MEM,True,2-pointer,18,9-8,'DEN',leads
703,703,703,201702010DEN,12.3,15.9,1st quarter,7:28.0,Marc Gasol,MEM,False,2-pointer,17,13-11,'DEN',leads
704,704,704,201702010DEN,10.8,13.6,1st quarter,6:57.0,Marc Gasol,MEM,False,2-pointer,17,13-12,'DEN',leads
709,709,709,201702010DEN,22.4,7.7,1st quarter,4:09.0,Marc Gasol,MEM,False,2-pointer,5,17-14,'DEN',leads
727,727,727,201702010DEN,39.6,24.3,2nd quarter,5:49.0,Marc Gasol,MEM,True,3-pointer,26,42-31,'DEN',leads
731,731,731,201702010DEN,10.7,6.6,2nd quarter,4:16.0,Marc Gasol,MEM,False,2-pointer,14,45-35,'DEN',leads
732,732,732,201702010DEN,23.6,9.7,2nd quarter,3:38.0,Marc Gasol,MEM,True,2-pointer,7,47-37,'DEN',leads
733,733,733,201702010DEN,18.8,28.9,2nd quarter,3:13.0,Marc Gasol,MEM,True,3-pointer,26,50-37,'DEN',leads
740,740,740,201702010DEN,26.2,13.1,3rd quarter,11:17.0,Marc Gasol,MEM,True,2-pointer,10,64-49,'DEN',leads
742,742,742,201702010DEN,9.8,4.1,3rd quarter,10:11.0,Marc Gasol,MEM,True,2-pointer,14,66-54,'DEN',leads
747,747,747,201702010DEN,10.0,25.3,3rd quarter,7:36.0,Marc Gasol,MEM,True,3-pointer,26,73-58,'DEN',leads
748,748,748,201702010DEN,34.2,25.3,3rd quarter,6:59.0,Marc Gasol,MEM,False,3-pointer,25,73-59,'DEN',leads
752,752,752,201702010DEN,25.7,3.2,3rd quarter,5:39.0,Marc Gasol,MEM,True,2-pointer,2,75-64,'DEN',leads
753,753,753,201702010DEN,23.3,6.8,3rd quarter,5:08.0,Marc Gasol,MEM,False,2-pointer,4,76-66,'DEN',leads
902,902,902,201702030OKC,23.8,10.5,1st quarter,11:37.0,Marc Gasol,MEM,False,2-pointer,8,0-0,'OKC',tied
904,904,904,201702030OKC,22.4,7.1,1st quarter,10:46.0,Marc Gasol,MEM,False,2-pointer,4,0-2,'OKC',trails
910,910,910,201702030OKC,7.4,21.3,1st quarter,7:39.0,Marc Gasol,MEM,False,3-pointer,25,6-6,'OKC',tied
914,914,914,201702030OKC,25.5,5.8,1st quarter,4:26.0,Marc Gasol,MEM,False,2-pointer,3,10-10,'OKC',tied
917,917,917,201702030OKC,25.5,6.6,1st quarter,3:32.0,Marc Gasol,MEM,True,2-pointer,4,12-10,'OKC',leads
926,926,926,201702030OKC,21.8,28.7,1st quarter,0:00.0,Marc Gasol,MEM,False,3-pointer,26,23-21,'OKC',leads
941,941,941,201702030OKC,24.2,6.1,2nd quarter,4:59.0,Marc Gasol,MEM,True,2-pointer,3,37-39,'OKC',trails
942,942,942,201702030OKC,22.9,4.1,2nd quarter,4:22.0,Marc Gasol,MEM,False,2-pointer,2,37-39,'OKC',trails
943,943,943,201702030OKC,23.6,13.0,2nd quarter,3:26.0,Marc Gasol,MEM,True,2-pointer,10,39-42,'OKC',trails
952,952,952,201702030OKC,24.2,6.1,3rd quarter,8:36.0,Marc Gasol,MEM,True,2-pointer,3,61-62,'OKC',trails
953,953,953,201702030OKC,17.4,26.9,3rd quarter,8:06.0,Marc Gasol,MEM,False,3-pointer,25,61-64,'OKC',trails
954,954,954,201702030OKC,15.6,6.1,3rd quarter,6:53.0,Marc Gasol,MEM,True,2-pointer,9,65-67,'OKC',trails
955,955,955,201702030OKC,12.0,6.1,3rd quarter,6:12.0,Marc Gasol,MEM,True,2-pointer,12,67-67,'OKC',tied
957,957,957,201702030OKC,25.0,3.7,3rd quarter,4:32.0,Marc Gasol,MEM,True,2-pointer,1,71-74,'OKC',trails
958,958,958,201702030OKC,24.0,3.1,3rd quarter,4:00.0,Marc Gasol,MEM,True,2-pointer,0,73-77,'OKC',trails
964,964,964,201702030OKC,11.8,7.6,4th quarter,11:42.0,Marc Gasol,MEM,True,2-pointer,13,84-80,'OKC',leads
965,965,965,201702030OKC,16.6,19.4,4th quarter,10:35.0,Marc Gasol,MEM,False,2-pointer,18,84-81,'OKC',leads
968,968,968,201702030OKC,11.3,5.6,4th quarter,9:21.0,Marc Gasol,MEM,True,2-pointer,13,89-83,'OKC',leads
969,969,969,201702030OKC,14.9,19.5,4th quarter,8:38.0,Marc Gasol,MEM,True,2-pointer,19,91-85,'OKC',leads
973,973,973,201702030OKC,21.8,3.4,4th quarter,6:17.0,Marc Gasol,MEM,True,2-pointer,2,95-92,'OKC',leads
975,975,975,201702030OKC,23.6,9.5,4th quarter,5:05.0,Marc Gasol,MEM,False,2-pointer,7,96-92,'OKC',leads
976,976,976,201702030OKC,23.8,8.6,4th quarter,4:40.0,Marc Gasol,MEM,True,2-pointer,6,98-93,'OKC',leads
977,977,977,201702030OKC,27.8,4.8,4th quarter,3:55.0,Marc Gasol,MEM,True,2-pointer,4,100-96,'OKC',leads
983,983,983,201702030OKC,9.0,23.8,4th quarter,0:26.0,Marc Gasol,MEM,False,3-pointer,26,102-112,'OKC',trails
757,757,757,201702060MEM,11.1,2.0,1st quarter,11:22.0,Marc Gasol,MEM,True,2-pointer,13,2-0,'SAS',leads
758,758,758,201702060MEM,8.0,15.0,1st quarter,10:28.0,Marc Gasol,MEM,False,2-pointer,20,2-2,'SAS',tied
767,767,767,201702060MEM,22.6,4.6,1st quarter,6:10.0,Marc Gasol,MEM,True,2-pointer,2,6-6,'SAS',tied
769,769,769,201702060MEM,5.3,18.9,1st quarter,5:10.0,Marc Gasol,MEM,False,3-pointer,25,6-6,'SAS',tied
771,771,771,201702060MEM,11.1,3.7,1st quarter,3:56.0,Marc Gasol,MEM,False,2-pointer,13,9-10,'SAS',trails
787,787,787,201702060MEM,18.8,17.9,2nd quarter,7:09.0,Marc Gasol,MEM,True,2-pointer,16,23-26,'SAS',trails
790,790,790,201702060MEM,17.7,12.5,2nd quarter,5:44.0,Marc Gasol,MEM,True,2-pointer,11,28-27,'SAS',leads
796,796,796,201702060MEM,14.8,3.8,2nd quarter,1:23.0,Marc Gasol,MEM,False,2-pointer,9,37-36,'SAS',leads
798,798,798,201702060MEM,17.4,3.2,2nd quarter,0:49.0,Marc Gasol,MEM,False,2-pointer,7,37-38,'SAS',trails
800,800,800,201702060MEM,24.4,28.2,2nd quarter,0:31.0,Marc Gasol,MEM,False,3-pointer,25,40-40,'SAS',tied
807,807,807,201702060MEM,16.7,12.0,3rd quarter,8:13.0,Marc Gasol,MEM,False,2-pointer,12,45-47,'SAS',trails
830,830,830,201702060MEM,25.9,21.3,4th quarter,4:03.0,Marc Gasol,MEM,False,2-pointer,18,83-72,'SAS',leads
996,996,996,201702080MEM,11.8,8.1,1st quarter,8:58.0,Marc Gasol,MEM,False,2-pointer,13,5-4,'PHO',leads
998,998,998,201702080MEM,7.9,8.1,1st quarter,8:08.0,Marc Gasol,MEM,True,2-pointer,17,9-6,'PHO',leads
999,999,999,201702080MEM,17.0,7.1,1st quarter,7:40.0,Marc Gasol,MEM,False,2-pointer,8,9-6,'PHO',leads
1023,1023,1023,201702080MEM,2.8,15.4,2nd quarter,4:35.0,Marc Gasol,MEM,True,3-pointer,25,42-30,'PHO',leads
1025,1025,1025,201702080MEM,23.6,9.1,2nd quarter,2:37.0,Marc Gasol,MEM,True,2-pointer,6,45-32,'PHO',leads
1026,1026,1026,201702080MEM,24.2,28.7,2nd quarter,2:09.0,Marc Gasol,MEM,False,3-pointer,26,45-32,'PHO',leads
1034,1034,1034,201702080MEM,7.2,15.0,3rd quarter,7:53.0,Marc Gasol,MEM,True,2-pointer,21,57-47,'PHO',leads
1038,1038,1038,201702080MEM,26.7,8.7,3rd quarter,4:52.0,Marc Gasol,MEM,False,2-pointer,6,65-51,'PHO',leads
1051,1051,1051,201702080MEM,13.1,18.4,4th quarter,7:56.0,Marc Gasol,MEM,False,2-pointer,19,85-73,'PHO',leads
1053,1053,1053,201702080MEM,24.0,7.6,4th quarter,5:17.0,Marc Gasol,MEM,True,2-pointer,5,92-78,'PHO',leads
1060,1060,1060,201702080MEM,24.0,3.1,4th quarter,1:50.0,Marc Gasol,MEM,True,2-pointer,0,101-84,'PHO',leads
423,423,423,201702100MEM,13.3,6.6,1st quarter,10:58.0,Marc Gasol,MEM,False,2-pointer,11,0-0,'MEM',tied
427,427,427,201702100MEM,17.5,26.7,1st quarter,9:03.0,Marc Gasol,MEM,False,3-pointer,25,2-6,'MEM',trails
429,429,429,201702100MEM,12.6,12.5,1st quarter,7:57.0,Marc Gasol,MEM,False,2-pointer,15,5-9,'MEM',trails
431,431,431,201702100MEM,30.0,9.1,1st quarter,6:24.0,Marc Gasol,MEM,False,2-pointer,9,8-14,'MEM',trails
434,434,434,201702100MEM,28.6,4.8,1st quarter,4:33.0,Marc Gasol,MEM,True,2-pointer,5,14-19,'MEM',trails
454,454,454,201702100MEM,35.9,26.2,2nd quarter,3:47.0,Marc Gasol,MEM,False,3-pointer,26,39-47,'MEM',trails
461,461,461,201702100MEM,22.1,4.6,2nd quarter,0:48.0,Marc Gasol,MEM,False,2-pointer,2,49-57,'MEM',trails
466,466,466,201702100MEM,27.2,28.2,3rd quarter,9:54.0,Marc Gasol,MEM,True,3-pointer,25,57-67,'MEM',trails
468,468,468,201702100MEM,12.1,25.4,3rd quarter,8:54.0,Marc Gasol,MEM,False,3-pointer,25,57-72,'MEM',trails
478,478,478,201702100MEM,24.0,3.1,3rd quarter,2:50.0,Marc Gasol,MEM,True,2-pointer,0,72-91,'MEM',trails
479,479,479,201702100MEM,18.2,9.5,3rd quarter,2:13.0,Marc Gasol,MEM,False,2-pointer,9,72-91,'MEM',trails
494,494,494,201702100MEM,25.0,3.3,4th quarter,6:45.0,Marc Gasol,MEM,True,2-pointer,1,91-110,'MEM',trails
501,501,501,201702100MEM,24.1,4.3,4th quarter,3:23.0,Marc Gasol,MEM,False,2-pointer,1,101-115,'MEM',trails
502,502,502,201702100MEM,11.3,27.2,4th quarter,2:27.0,Marc Gasol,MEM,False,3-pointer,27,101-115,'MEM',trails
0,0,0,201702130BRK,12.1,12.2,1st quarter,11:31.0,Marc Gasol,MEM,False,2-pointer,15,0-0,'MEM',tied
4,4,4,201702130BRK,24.9,8.6,1st quarter,9:02.0,Marc Gasol,MEM,False,2-pointer,6,6-6,'MEM',tied
7,7,7,201702130BRK,9.3,3.2,1st quarter,7:16.0,Marc Gasol,MEM,True,2-pointer,15,12-12,'MEM',tied
8,8,8,201702130BRK,7.7,21.3,1st quarter,6:53.0,Marc Gasol,MEM,False,3-pointer,25,12-12,'MEM',tied
9,9,9,201702130BRK,24.0,3.1,1st quarter,6:21.0,Marc Gasol,MEM,False,2-pointer,0,12-12,'MEM',tied
11,11,11,201702130BRK,22.6,11.7,1st quarter,5:34.0,Marc Gasol,MEM,True,2-pointer,9,17-16,'MEM',leads
12,12,12,201702130BRK,30.3,18.9,1st quarter,5:00.0,Marc Gasol,MEM,True,2-pointer,17,19-19,'MEM',tied
15,15,15,201702130BRK,21.1,3.2,1st quarter,2:43.0,Marc Gasol,MEM,True,2-pointer,3,23-19,'MEM',leads
34,34,34,201702130BRK,9.7,22.5,2nd quarter,4:22.0,Marc Gasol,MEM,False,3-pointer,24,45-35,'MEM',leads
35,35,35,201702130BRK,35.5,7.1,2nd quarter,3:57.0,Marc Gasol,MEM,False,2-pointer,12,45-38,'MEM',leads
36,36,36,201702130BRK,36.8,14.5,2nd quarter,3:20.0,Marc Gasol,MEM,False,2-pointer,17,45-40,'MEM',leads
39,39,39,201702130BRK,26.2,14.0,2nd quarter,1:56.0,Marc Gasol,MEM,False,2-pointer,11,47-40,'MEM',leads
46,46,46,201702130BRK,36.0,24.3,3rd quarter,10:12.0,Marc Gasol,MEM,False,3-pointer,24,55-46,'MEM',leads
47,47,47,201702130BRK,26.5,8.2,3rd quarter,9:31.0,Marc Gasol,MEM,True,2-pointer,6,57-50,'MEM',leads
51,51,51,201702130BRK,24.2,21.8,3rd quarter,5:19.0,Marc Gasol,MEM,False,2-pointer,19,70-58,'MEM',leads
53,53,53,201702130BRK,11.0,16.9,3rd quarter,3:08.0,Marc Gasol,MEM,True,2-pointer,19,74-64,'MEM',leads
70,70,70,201702130BRK,36.8,25.8,4th quarter,4:14.0,Marc Gasol,MEM,False,3-pointer,26,99-90,'MEM',leads
1448,1448,1448,201702150MEM,31.6,9.2,1st quarter,8:24.0,Marc Gasol,MEM,True,2-pointer,10,10-2,'NOP',leads
1452,1452,1452,201702150MEM,39.0,24.8,1st quarter,6:26.0,Marc Gasol,MEM,False,3-pointer,26,12-3,'NOP',leads
1457,1457,1457,201702150MEM,10.3,20.5,1st quarter,3:18.0,Marc Gasol,MEM,True,2-pointer,22,18-16,'NOP',leads
1474,1474,1474,201702150MEM,29.3,12.5,2nd quarter,4:18.0,Marc Gasol,MEM,False,2-pointer,11,36-44,'NOP',trails
1477,1477,1477,201702150MEM,26.7,8.6,2nd quarter,3:07.0,Marc Gasol,MEM,False,2-pointer,6,38-46,'NOP',trails
1478,1478,1478,201702150MEM,12.5,11.7,2nd quarter,2:21.0,Marc Gasol,MEM,False,2-pointer,14,38-48,'NOP',trails
1480,1480,1480,201702150MEM,13.8,6.1,2nd quarter,2:11.0,Marc Gasol,MEM,False,2-pointer,11,38-48,'NOP',trails
1486,1486,1486,201702150MEM,27.2,17.6,3rd quarter,10:56.0,Marc Gasol,MEM,True,2-pointer,15,45-52,'NOP',trails
1487,1487,1487,201702150MEM,9.7,25.3,3rd quarter,10:17.0,Marc Gasol,MEM,False,3-pointer,26,45-54,'NOP',trails
1498,1498,1498,201702150MEM,20.6,23.3,3rd quarter,2:54.0,Marc Gasol,MEM,False,2-pointer,21,55-71,'NOP',trails
1499,1499,1499,201702150MEM,24.0,27.9,3rd quarter,1:36.0,Marc Gasol,MEM,False,3-pointer,25,59-75,'NOP',trails
1500,1500,1500,201702150MEM,24.9,3.3,3rd quarter,1:29.0,Marc Gasol,MEM,True,2-pointer,1,61-75,'NOP',trails
1503,1503,1503,201702150MEM,20.8,7.7,3rd quarter,0:29.0,Marc Gasol,MEM,False,2-pointer,6,61-75,'NOP',trails
1504,1504,1504,201702150MEM,23.3,2.4,4th quarter,11:26.0,Marc Gasol,MEM,False,2-pointer,1,61-77,'NOP',trails
1506,1506,1506,201702150MEM,23.6,4.1,4th quarter,10:59.0,Marc Gasol,MEM,True,2-pointer,1,65-77,'NOP',trails
1513,1513,1513,201702150MEM,26.4,3.7,4th quarter,7:57.0,Marc Gasol,MEM,False,2-pointer,3,70-80,'NOP',trails
1517,1517,1517,201702150MEM,19.2,12.7,4th quarter,6:16.0,Marc Gasol,MEM,True,2-pointer,11,75-82,'NOP',trails
547,547,547,201702240IND,13.1,6.1,1st quarter,11:37.0,Marc Gasol,MEM,False,2-pointer,11,0-0,'IND',tied
549,549,549,201702240IND,13.8,21.8,1st quarter,10:29.0,Marc Gasol,MEM,False,2-pointer,21,2-2,'IND',tied
559,559,559,201702240IND,11.8,25.8,1st quarter,5:48.0,Marc Gasol,MEM,False,3-pointer,26,18-12,'IND',leads
561,561,561,201702240IND,12.8,2.9,1st quarter,4:52.0,Marc Gasol,MEM,True,2-pointer,11,20-14,'IND',leads
563,563,563,201702240IND,26.4,8.2,1st quarter,3:40.0,Marc Gasol,MEM,False,2-pointer,6,23-16,'IND',leads
579,579,579,201702240IND,14.6,5.6,2nd quarter,5:35.0,Marc Gasol,MEM,True,2-pointer,10,38-43,'IND',trails
581,581,581,201702240IND,27.3,18.9,2nd quarter,4:25.0,Marc Gasol,MEM,True,2-pointer,16,40-48,'IND',trails
584,584,584,201702240IND,22.4,28.7,2nd quarter,2:38.0,Marc Gasol,MEM,False,3-pointer,26,45-52,'IND',trails
586,586,586,201702240IND,23.1,15.4,2nd quarter,1:56.0,Marc Gasol,MEM,True,2-pointer,12,47-54,'IND',trails
587,587,587,201702240IND,32.9,4.8,2nd quarter,1:26.0,Marc Gasol,MEM,False,2-pointer,9,47-54,'IND',trails
594,594,594,201702240IND,24.0,21.3,3rd quarter,8:45.0,Marc Gasol,MEM,False,2-pointer,18,53-67,'IND',trails
595,595,595,201702240IND,12.8,6.1,3rd quarter,7:16.0,Marc Gasol,MEM,False,2-pointer,12,53-76,'IND',trails
597,597,597,201702240IND,25.0,5.1,3rd quarter,6:55.0,Marc Gasol,MEM,True,2-pointer,2,55-76,'IND',trails
603,603,603,201702240IND,25.5,9.5,3rd quarter,2:55.0,Marc Gasol,MEM,False,2-pointer,7,60-85,'IND',trails
620,620,620,201702240IND,13.4,26.7,4th quarter,5:39.0,Marc Gasol,MEM,False,3-pointer,26,81-95,'IND',trails
0,0,0,201702260DEN,13.0,6.1,1st quarter,11:22.0,Marc Gasol,MEM,False,2-pointer,11,0-0,'DEN',tied
20,20,20,201702260DEN,24.9,7.6,1st quarter,1:48.0,Marc Gasol,MEM,False,2-pointer,5,15-17,'DEN',trails
21,21,21,201702260DEN,24.6,5.1,1st quarter,1:45.0,Marc Gasol,MEM,True,2-pointer,2,17-17,'DEN',tied
22,22,22,201702260DEN,3.9,16.1,1st quarter,1:12.0,Marc Gasol,MEM,True,3-pointer,24,20-17,'DEN',leads
23,23,23,201702260DEN,8.7,21.8,1st quarter,0:42.0,Marc Gasol,MEM,False,3-pointer,24,20-17,'DEN',leads
27,27,27,201702260DEN,28.6,18.1,2nd quarter,11:19.0,Marc Gasol,MEM,False,2-pointer,16,22-21,'DEN',leads
31,31,31,201702260DEN,9.0,4.1,2nd quarter,9:06.0,Marc Gasol,MEM,True,2-pointer,15,28-27,'DEN',leads
33,33,33,201702260DEN,7.4,3.3,2nd quarter,7:51.0,Marc Gasol,MEM,True,2-pointer,17,32-27,'DEN',leads
35,35,35,201702260DEN,12.8,24.8,2nd quarter,6:44.0,Marc Gasol,MEM,False,3-pointer,25,35-31,'DEN',leads
44,44,44,201702260DEN,28.3,4.6,2nd quarter,1:00.0,Marc Gasol,MEM,True,2-pointer,5,47-44,'DEN',leads
53,53,53,201702260DEN,10.3,5.6,3rd quarter,7:09.0,Marc Gasol,MEM,True,2-pointer,14,54-57,'DEN',trails
66,66,66,201702260DEN,17.4,15.4,4th quarter,10:29.0,Marc Gasol,MEM,True,2-pointer,14,72-71,'DEN',leads
67,67,67,201702260DEN,7.1,20.8,4th quarter,9:36.0,Marc Gasol,MEM,True,3-pointer,25,75-73,'DEN',leads
69,69,69,201702260DEN,18.0,28.2,4th quarter,7:15.0,Marc Gasol,MEM,False,3-pointer,26,77-75,'DEN',leads
73,73,73,201702260DEN,7.1,9.1,4th quarter,3:40.0,Marc Gasol,MEM,False,2-pointer,18,87-79,'DEN',leads
74,74,74,201702260DEN,22.0,6.3,4th quarter,3:02.0,Marc Gasol,MEM,False,2-pointer,4,87-81,'DEN',leads
77,77,77,201702260DEN,19.2,28.7,4th quarter,2:03.0,Marc Gasol,MEM,True,3-pointer,26,92-81,'DEN',leads
615,615,615,201702280MEM,24.0,3.1,1st quarter,10:05.0,Marc Gasol,MEM,False,2-pointer,0,3-2,'PHO',leads
616,616,616,201702280MEM,24.9,27.4,1st quarter,9:46.0,Marc Gasol,MEM,True,3-pointer,24,6-4,'PHO',leads
620,620,620,201702280MEM,22.4,18.1,1st quarter,6:45.0,Marc Gasol,MEM,True,2-pointer,15,8-13,'PHO',trails
621,621,621,201702280MEM,13.3,8.1,1st quarter,6:18.0,Marc Gasol,MEM,False,2-pointer,12,8-13,'PHO',trails
625,625,625,201702280MEM,12.5,18.9,1st quarter,3:45.0,Marc Gasol,MEM,False,2-pointer,20,11-18,'PHO',trails
626,626,626,201702280MEM,23.4,7.6,1st quarter,3:39.0,Marc Gasol,MEM,True,2-pointer,5,13-18,'PHO',trails
643,643,643,201702280MEM,31.8,9.1,2nd quarter,5:17.0,Marc Gasol,MEM,True,2-pointer,10,40-44,'PHO',trails
644,644,644,201702280MEM,35.4,2.9,2nd quarter,4:11.0,Marc Gasol,MEM,False,2-pointer,11,41-48,'PHO',trails
645,645,645,201702280MEM,29.6,5.6,2nd quarter,4:04.0,Marc Gasol,MEM,True,2-pointer,6,43-48,'PHO',trails
648,648,648,201702280MEM,35.2,9.5,2nd quarter,2:22.0,Marc Gasol,MEM,False,2-pointer,13,48-51,'PHO',trails
652,652,652,201702280MEM,25.7,7.1,2nd quarter,0:09.0,Marc Gasol,MEM,True,2-pointer,4,55-56,'PHO',trails
653,653,653,201702280MEM,15.4,26.7,3rd quarter,11:26.0,Marc Gasol,MEM,True,3-pointer,25,58-56,'PHO',leads
658,658,658,201702280MEM,14.9,27.7,3rd quarter,9:14.0,Marc Gasol,MEM,True,3-pointer,26,65-62,'PHO',leads
661,661,661,201702280MEM,14.8,25.9,3rd quarter,7:40.0,Marc Gasol,MEM,True,3-pointer,25,72-66,'PHO',leads
685,685,685,201702280MEM,24.6,8.2,4th quarter,6:50.0,Marc Gasol,MEM,False,2-pointer,5,109-93,'PHO',leads
692,692,692,201702280MEM,12.5,25.4,4th quarter,2:49.0,Marc Gasol,MEM,True,3-pointer,25,120-102,'PHO',leads
179,179,179,201703030DAL,25.7,4.1,1st quarter,10:01.0,Marc Gasol,MEM,True,2-pointer,2,2-2,'DAL',tied
180,180,180,201703030DAL,25.2,7.7,1st quarter,9:27.0,Marc Gasol,MEM,False,2-pointer,5,2-4,'DAL',trails
184,184,184,201703030DAL,27.8,7.7,1st quarter,6:19.0,Marc Gasol,MEM,False,2-pointer,6,5-6,'DAL',trails
196,196,196,201703030DAL,10.3,6.1,2nd quarter,11:42.0,Marc Gasol,MEM,False,2-pointer,14,22-20,'DAL',leads
199,199,199,201703030DAL,31.8,26.2,2nd quarter,10:44.0,Marc Gasol,MEM,False,3-pointer,24,24-22,'DAL',leads
201,201,201,201703030DAL,28.2,6.8,2nd quarter,9:01.0,Marc Gasol,MEM,True,2-pointer,6,30-29,'DAL',leads
203,203,203,201703030DAL,25.9,3.3,2nd quarter,7:55.0,Marc Gasol,MEM,True,2-pointer,2,34-31,'DAL',leads
213,213,213,201703030DAL,24.0,3.1,2nd quarter,1:40.0,Marc Gasol,MEM,False,2-pointer,0,48-47,'DAL',leads
214,214,214,201703030DAL,6.9,20.8,2nd quarter,1:26.0,Marc Gasol,MEM,False,3-pointer,25,48-47,'DAL',leads
216,216,216,201703030DAL,16.9,5.1,2nd quarter,0:34.0,Marc Gasol,MEM,False,2-pointer,7,50-49,'DAL',leads
221,221,221,201703030DAL,25.0,4.6,3rd quarter,10:11.0,Marc Gasol,MEM,False,2-pointer,2,52-53,'DAL',trails
222,222,222,201703030DAL,6.9,4.6,3rd quarter,8:54.0,Marc Gasol,MEM,False,2-pointer,17,54-58,'DAL',trails
227,227,227,201703030DAL,17.7,4.6,3rd quarter,6:28.0,Marc Gasol,MEM,True,2-pointer,7,58-65,'DAL',trails
228,228,228,201703030DAL,16.7,5.6,3rd quarter,5:40.0,Marc Gasol,MEM,False,2-pointer,8,58-67,'DAL',trails
244,244,244,201703030DAL,25.0,3.3,4th quarter,8:03.0,Marc Gasol,MEM,True,2-pointer,1,78-88,'DAL',trails
246,246,246,201703030DAL,24.1,12.0,4th quarter,6:06.0,Marc Gasol,MEM,False,2-pointer,9,85-94,'DAL',trails
254,254,254,201703030DAL,8.4,22.8,4th quarter,0:33.0,Marc Gasol,MEM,False,3-pointer,25,90-98,'DAL',trails
256,256,256,201703030DAL,24.0,3.1,4th quarter,0:11.0,Marc Gasol,MEM,True,2-pointer,0,94-100,'DAL',trails
338,338,338,201703040HOU,9.2,14.0,1st quarter,11:35.0,Marc Gasol,MEM,False,2-pointer,18,0-0,'HOU',tied
340,340,340,201703040HOU,8.2,15.1,1st quarter,10:12.0,Marc Gasol,MEM,True,2-pointer,20,4-2,'HOU',leads
345,345,345,201703040HOU,24.0,3.1,1st quarter,8:21.0,Marc Gasol,MEM,True,2-pointer,0,8-5,'HOU',leads
347,347,347,201703040HOU,24.4,14.1,1st quarter,6:32.0,Marc Gasol,MEM,True,2-pointer,11,12-13,'HOU',trails
349,349,349,201703040HOU,23.8,28.2,1st quarter,5:52.0,Marc Gasol,MEM,False,3-pointer,25,12-16,'HOU',trails
352,352,352,201703040HOU,39.1,12.0,1st quarter,4:17.0,Marc Gasol,MEM,False,2-pointer,18,16-18,'HOU',trails
354,354,354,201703040HOU,20.8,9.7,1st quarter,3:02.0,Marc Gasol,MEM,False,2-pointer,7,19-21,'HOU',trails
355,355,355,201703040HOU,31.3,6.6,1st quarter,2:27.0,Marc Gasol,MEM,False,2-pointer,8,19-23,'HOU',trails
373,373,373,201703040HOU,26.5,19.0,2nd quarter,6:49.0,Marc Gasol,MEM,True,2-pointer,16,42-44,'HOU',trails
379,379,379,201703040HOU,4.8,24.3,2nd quarter,3:28.0,Marc Gasol,MEM,False,3-pointer,29,44-48,'HOU',trails
381,381,381,201703040HOU,20.3,15.4,2nd quarter,2:47.0,Marc Gasol,MEM,True,2-pointer,13,46-48,'HOU',trails
389,389,389,201703040HOU,17.9,11.0,3rd quarter,9:18.0,Marc Gasol,MEM,False,2-pointer,10,55-59,'HOU',trails
399,399,399,201703040HOU,19.0,11.0,3rd quarter,4:24.0,Marc Gasol,MEM,True,2-pointer,9,66-77,'HOU',trails
419,419,419,201703040HOU,18.5,12.0,4th quarter,8:01.0,Marc Gasol,MEM,False,2-pointer,11,87-103,'HOU',trails
430,430,430,201703040HOU,24.0,3.1,4th quarter,3:03.0,Marc Gasol,MEM,True,2-pointer,0,105-117,'HOU',trails
431,431,431,201703040HOU,23.9,28.4,4th quarter,2:35.0,Marc Gasol,MEM,False,3-pointer,25,105-120,'HOU',trails
1064,1064,1064,201703060MEM,23.1,22.3,1st quarter,10:34.0,Marc Gasol,MEM,False,2-pointer,19,3-2,'MEM',leads
1071,1071,1071,201703060MEM,23.4,15.4,1st quarter,5:06.0,Marc Gasol,MEM,True,2-pointer,12,18-17,'MEM',leads
1072,1072,1072,201703060MEM,10.2,22.8,1st quarter,4:43.0,Marc Gasol,MEM,True,3-pointer,24,21-20,'MEM',leads
1073,1073,1073,201703060MEM,22.4,29.9,1st quarter,4:21.0,Marc Gasol,MEM,True,3-pointer,27,24-20,'MEM',leads
1097,1097,1097,201703060MEM,28.6,8.2,2nd quarter,1:13.0,Marc Gasol,MEM,False,2-pointer,7,55-56,'MEM',trails
1101,1101,1101,201703060MEM,24.2,8.2,3rd quarter,9:02.0,Marc Gasol,MEM,False,2-pointer,5,67-64,'MEM',leads
1105,1105,1105,201703060MEM,26.4,4.1,3rd quarter,6:46.0,Marc Gasol,MEM,False,2-pointer,3,74-70,'MEM',leads
1109,1109,1109,201703060MEM,11.5,24.4,3rd quarter,4:47.0,Marc Gasol,MEM,False,3-pointer,25,78-72,'MEM',leads
1125,1125,1125,201703060MEM,13.4,3.7,4th quarter,7:13.0,Marc Gasol,MEM,True,2-pointer,11,97-98,'MEM',trails
1126,1126,1126,201703060MEM,32.1,26.2,4th quarter,6:07.0,Marc Gasol,MEM,False,3-pointer,25,100-100,'MEM',tied
1137,1137,1137,201703060MEM,26.7,4.6,4th quarter,0:34.0,Marc Gasol,MEM,False,2-pointer,3,106-120,'MEM',trails
250,250,250,201703090MEM,30.6,14.5,1st quarter,10:22.0,Marc Gasol,MEM,True,2-pointer,13,4-2,'MEM',leads
254,254,254,201703090MEM,23.6,27.2,1st quarter,7:44.0,Marc Gasol,MEM,False,3-pointer,24,9-8,'MEM',leads
257,257,257,201703090MEM,29.3,14.0,1st quarter,5:49.0,Marc Gasol,MEM,False,2-pointer,12,15-12,'MEM',leads
260,260,260,201703090MEM,14.1,7.6,1st quarter,4:13.0,Marc Gasol,MEM,False,2-pointer,10,15-16,'MEM',trails
264,264,264,201703090MEM,24.0,3.1,1st quarter,1:58.0,Marc Gasol,MEM,True,2-pointer,0,19-20,'MEM',trails
277,277,277,201703090MEM,26.2,18.9,2nd quarter,6:40.0,Marc Gasol,MEM,False,2-pointer,16,31-34,'MEM',trails
280,280,280,201703090MEM,41.6,4.1,2nd quarter,5:17.0,Marc Gasol,MEM,True,2-pointer,17,34-36,'MEM',trails
285,285,285,201703090MEM,13.3,6.8,2nd quarter,1:47.0,Marc Gasol,MEM,True,2-pointer,11,41-49,'MEM',trails
286,286,286,201703090MEM,18.5,28.2,2nd quarter,1:16.0,Marc Gasol,MEM,False,3-pointer,25,41-52,'MEM',trails
289,289,289,201703090MEM,12.6,19.9,3rd quarter,11:48.0,Marc Gasol,MEM,True,2-pointer,20,47-54,'MEM',trails
291,291,291,201703090MEM,20.6,22.5,3rd quarter,10:48.0,Marc Gasol,MEM,False,2-pointer,19,47-56,'MEM',trails
292,292,292,201703090MEM,17.7,9.1,3rd quarter,10:16.0,Marc Gasol,MEM,False,2-pointer,8,47-58,'MEM',trails
296,296,296,201703090MEM,13.9,24.9,3rd quarter,8:10.0,Marc Gasol,MEM,False,3-pointer,24,51-62,'MEM',trails
303,303,303,201703090MEM,30.3,11.5,3rd quarter,4:56.0,Marc Gasol,MEM,True,2-pointer,10,57-69,'MEM',trails
322,322,322,201703090MEM,24.6,27.4,4th quarter,4:41.0,Marc Gasol,MEM,True,3-pointer,24,84-102,'MEM',trails
323,323,323,201703090MEM,22.1,2.4,4th quarter,3:38.0,Marc Gasol,MEM,True,2-pointer,1,87-104,'MEM',trails
775,775,775,201703110MEM,30.0,14.0,1st quarter,9:13.0,Marc Gasol,MEM,False,2-pointer,12,2-4,'MEM',trails
776,776,776,201703110MEM,25.4,2.9,1st quarter,8:14.0,Marc Gasol,MEM,False,2-pointer,1,2-10,'MEM',trails
786,786,786,201703110MEM,10.5,17.1,1st quarter,4:42.0,Marc Gasol,MEM,False,2-pointer,19,7-13,'MEM',trails
794,794,794,201703110MEM,17.7,6.3,2nd quarter,11:43.0,Marc Gasol,MEM,False,2-pointer,7,15-33,'MEM',trails
796,796,796,201703110MEM,17.4,27.7,2nd quarter,10:33.0,Marc Gasol,MEM,True,3-pointer,25,18-33,'MEM',trails
805,805,805,201703110MEM,13.6,11.0,2nd quarter,7:35.0,Marc Gasol,MEM,False,2-pointer,13,20-38,'MEM',trails
807,807,807,201703110MEM,22.4,3.2,2nd quarter,7:01.0,Marc Gasol,MEM,False,2-pointer,1,20-38,'MEM',trails
810,810,810,201703110MEM,12.1,14.5,2nd quarter,5:25.0,Marc Gasol,MEM,True,2-pointer,16,24-40,'MEM',trails
821,821,821,201703110MEM,35.5,25.8,3rd quarter,9:49.0,Marc Gasol,MEM,False,3-pointer,25,37-49,'MEM',trails
822,822,822,201703110MEM,19.7,6.3,3rd quarter,8:55.0,Marc Gasol,MEM,True,2-pointer,5,39-55,'MEM',trails
823,823,823,201703110MEM,8.7,22.8,3rd quarter,8:26.0,Marc Gasol,MEM,False,3-pointer,25,39-57,'MEM',trails
434,434,434,201703130MEM,12.6,6.1,1st quarter,10:21.0,Marc Gasol,MEM,True,2-pointer,11,8-0,'MEM',leads
436,436,436,201703130MEM,11.3,25.4,1st quarter,9:04.0,Marc Gasol,MEM,False,3-pointer,25,8-1,'MEM',leads
442,442,442,201703130MEM,14.4,6.1,1st quarter,5:10.0,Marc Gasol,MEM,False,2-pointer,10,15-15,'MEM',tied
450,450,450,201703130MEM,13.0,21.8,1st quarter,1:21.0,Marc Gasol,MEM,False,2-pointer,21,26-24,'MEM',leads
451,451,451,201703130MEM,24.9,4.1,1st quarter,1:00.0,Marc Gasol,MEM,True,2-pointer,1,28-24,'MEM',leads
462,462,462,201703130MEM,35.0,4.1,2nd quarter,7:18.0,Marc Gasol,MEM,False,2-pointer,11,45-33,'MEM',leads
467,467,467,201703130MEM,4.4,3.0,2nd quarter,3:33.0,Marc Gasol,MEM,True,2-pointer,19,53-42,'MEM',leads
468,468,468,201703130MEM,28.8,7.6,2nd quarter,2:35.0,Marc Gasol,MEM,False,2-pointer,6,54-45,'MEM',leads
471,471,471,201703130MEM,24.9,4.3,2nd quarter,0:45.0,Marc Gasol,MEM,True,2-pointer,1,58-48,'MEM',leads
478,478,478,201703130MEM,26.7,3.3,3rd quarter,7:39.0,Marc Gasol,MEM,True,2-pointer,2,74-59,'MEM',leads
482,482,482,201703130MEM,13.8,20.8,3rd quarter,4:43.0,Marc Gasol,MEM,True,2-pointer,20,78-65,'MEM',leads
485,485,485,201703130MEM,23.9,28.2,3rd quarter,2:29.0,Marc Gasol,MEM,False,3-pointer,25,78-68,'MEM',leads
497,497,497,201703130MEM,15.6,7.7,4th quarter,6:31.0,Marc Gasol,MEM,False,2-pointer,9,95-87,'MEM',leads
170,170,170,201703150CHI,36.2,24.0,1st quarter,10:39.0,Marc Gasol,MEM,False,3-pointer,24,2-2,'CHI',tied
176,176,176,201703150CHI,14.3,3.2,1st quarter,8:20.0,Marc Gasol,MEM,False,2-pointer,9,10-6,'CHI',leads
178,178,178,201703150CHI,13.1,20.4,1st quarter,7:06.0,Marc Gasol,MEM,False,2-pointer,20,13-11,'CHI',leads
181,181,181,201703150CHI,10.3,15.9,1st quarter,5:32.0,Marc Gasol,MEM,True,2-pointer,18,15-13,'CHI',leads
186,186,186,201703150CHI,24.2,7.6,1st quarter,1:55.0,Marc Gasol,MEM,False,2-pointer,4,22-22,'CHI',tied
188,188,188,201703150CHI,24.1,20.8,1st quarter,1:04.0,Marc Gasol,MEM,False,2-pointer,17,24-24,'CHI',tied
205,205,205,201703150CHI,30.9,27.2,2nd quarter,4:39.0,Marc Gasol,MEM,False,3-pointer,25,43-39,'CHI',leads
208,208,208,201703150CHI,13.3,10.7,2nd quarter,2:45.0,Marc Gasol,MEM,True,2-pointer,13,47-43,'CHI',leads
214,214,214,201703150CHI,21.1,14.5,2nd quarter,0:09.0,Marc Gasol,MEM,True,2-pointer,12,54-50,'CHI',leads
216,216,216,201703150CHI,24.6,7.6,3rd quarter,11:02.0,Marc Gasol,MEM,False,2-pointer,4,56-50,'CHI',leads
219,219,219,201703150CHI,25.0,17.6,3rd quarter,9:27.0,Marc Gasol,MEM,False,2-pointer,14,61-50,'CHI',leads
226,226,226,201703150CHI,26.7,5.1,3rd quarter,6:18.0,Marc Gasol,MEM,False,2-pointer,3,66-56,'CHI',leads
229,229,229,201703150CHI,9.5,6.3,3rd quarter,4:39.0,Marc Gasol,MEM,True,2-pointer,14,68-61,'CHI',leads
232,232,232,201703150CHI,26.4,3.7,3rd quarter,3:58.0,Marc Gasol,MEM,True,2-pointer,2,70-61,'CHI',leads
234,234,234,201703150CHI,21.3,29.7,3rd quarter,1:45.0,Marc Gasol,MEM,True,3-pointer,26,74-64,'CHI',leads
241,241,241,201703150CHI,27.8,9.1,4th quarter,7:16.0,Marc Gasol,MEM,False,2-pointer,7,78-77,'CHI',leads
244,244,244,201703150CHI,12.1,24.9,4th quarter,5:24.0,Marc Gasol,MEM,True,3-pointer,24,83-80,'CHI',leads
245,245,245,201703150CHI,10.5,24.9,4th quarter,4:59.0,Marc Gasol,MEM,False,3-pointer,25,83-80,'CHI',leads
246,246,246,201703150CHI,25.7,5.1,4th quarter,4:20.0,Marc Gasol,MEM,True,2-pointer,2,85-83,'CHI',leads
248,248,248,201703150CHI,14.3,11.2,4th quarter,3:08.0,Marc Gasol,MEM,True,2-pointer,12,91-86,'CHI',leads
250,250,250,201703150CHI,9.3,23.3,4th quarter,1:12.0,Marc Gasol,MEM,True,3-pointer,25,96-89,'CHI',leads
2,2,2,201703160ATL,25.7,25.8,1st quarter,10:39.0,Marc Gasol,MEM,True,2-pointer,22,3-2,'MEM',leads
3,3,3,201703160ATL,13.6,25.3,1st quarter,10:08.0,Marc Gasol,MEM,False,3-pointer,24,3-2,'MEM',leads
4,4,4,201703160ATL,10.0,18.4,1st quarter,9:53.0,Marc Gasol,MEM,True,2-pointer,20,5-2,'MEM',leads
7,7,7,201703160ATL,33.7,21.3,1st quarter,8:08.0,Marc Gasol,MEM,True,2-pointer,20,9-8,'MEM',leads
10,10,10,201703160ATL,26.0,27.7,1st quarter,6:11.0,Marc Gasol,MEM,True,3-pointer,24,14-12,'MEM',leads
11,11,11,201703160ATL,32.7,20.8,1st quarter,5:38.0,Marc Gasol,MEM,False,2-pointer,19,14-12,'MEM',leads
12,12,12,201703160ATL,31.8,6.6,1st quarter,5:11.0,Marc Gasol,MEM,False,2-pointer,8,14-14,'MEM',tied
32,32,32,201703160ATL,11.3,23.3,2nd quarter,6:29.0,Marc Gasol,MEM,True,3-pointer,23,44-42,'MEM',leads
34,34,34,201703160ATL,11.1,24.9,2nd quarter,5:00.0,Marc Gasol,MEM,False,3-pointer,25,45-43,'MEM',leads
37,37,37,201703160ATL,23.8,11.5,2nd quarter,3:44.0,Marc Gasol,MEM,False,2-pointer,8,47-47,'MEM',tied
47,47,47,201703160ATL,25.9,28.2,3rd quarter,9:37.0,Marc Gasol,MEM,False,3-pointer,25,60-54,'MEM',leads
51,51,51,201703160ATL,29.0,8.2,3rd quarter,7:05.0,Marc Gasol,MEM,False,2-pointer,7,66-56,'MEM',leads
58,58,58,201703160ATL,12.3,14.0,3rd quarter,2:46.0,Marc Gasol,MEM,False,2-pointer,16,76-60,'MEM',leads
79,79,79,201703160ATL,43.9,3.8,4th quarter,6:15.0,Marc Gasol,MEM,True,2-pointer,19,90-78,'MEM',leads
80,80,80,201703160ATL,22.6,22.5,4th quarter,5:54.0,Marc Gasol,MEM,True,2-pointer,19,92-79,'MEM',leads
84,84,84,201703160ATL,24.0,3.7,4th quarter,3:55.0,Marc Gasol,MEM,False,2-pointer,0,94-84,'MEM',leads
1069,1069,1069,201703180MEM,17.0,5.6,1st quarter,11:09.0,Marc Gasol,MEM,False,2-pointer,7,0-0,'SAS',tied
1074,1074,1074,201703180MEM,11.1,5.3,1st quarter,8:00.0,Marc Gasol,MEM,False,2-pointer,13,5-6,'SAS',trails
1076,1076,1076,201703180MEM,24.1,7.6,1st quarter,6:38.0,Marc Gasol,MEM,False,2-pointer,4,8-8,'SAS',tied
1079,1079,1079,201703180MEM,17.0,23.8,1st quarter,4:56.0,Marc Gasol,MEM,True,2-pointer,21,10-12,'SAS',trails
1082,1082,1082,201703180MEM,22.9,2.5,1st quarter,3:08.0,Marc Gasol,MEM,True,2-pointer,1,20-14,'SAS',leads
1084,1084,1084,201703180MEM,0.2,2.0,1st quarter,1:54.0,Marc Gasol,MEM,False,3-pointer,23,22-14,'SAS',leads
1107,1107,1107,201703180MEM,12.8,26.2,3rd quarter,10:54.0,Marc Gasol,MEM,True,3-pointer,25,47-45,'SAS',leads
1109,1109,1109,201703180MEM,24.9,4.6,3rd quarter,9:23.0,Marc Gasol,MEM,True,2-pointer,1,49-45,'SAS',leads
1112,1112,1112,201703180MEM,13.3,7.6,3rd quarter,8:10.0,Marc Gasol,MEM,False,2-pointer,11,51-50,'SAS',leads
1119,1119,1119,201703180MEM,33.9,6.8,3rd quarter,5:01.0,Marc Gasol,MEM,False,2-pointer,10,61-59,'SAS',leads
1136,1136,1136,201703180MEM,28.5,12.5,4th quarter,6:41.0,Marc Gasol,MEM,True,2-pointer,10,89-84,'SAS',leads
1137,1137,1137,201703180MEM,16.1,27.2,4th quarter,6:16.0,Marc Gasol,MEM,False,3-pointer,25,89-84,'SAS',leads
1141,1141,1141,201703180MEM,21.3,3.3,4th quarter,2:48.0,Marc Gasol,MEM,False,2-pointer,2,95-87,'SAS',leads
1142,1142,1142,201703180MEM,25.5,3.0,4th quarter,2:30.0,Marc Gasol,MEM,True,2-pointer,1,97-87,'SAS',leads
850,850,850,201703210NOP,34.7,19.9,1st quarter,10:06.0,Marc Gasol,MEM,False,2-pointer,20,2-2,'NOP',tied
852,852,852,201703210NOP,12.5,15.6,1st quarter,9:04.0,Marc Gasol,MEM,True,2-pointer,17,6-2,'NOP',leads
861,861,861,201703210NOP,33.6,15.0,1st quarter,4:40.0,Marc Gasol,MEM,True,2-pointer,15,14-14,'NOP',tied
865,865,865,201703210NOP,25.2,5.3,1st quarter,3:03.0,Marc Gasol,MEM,True,2-pointer,2,19-16,'NOP',leads
880,880,880,201703210NOP,23.8,24.3,2nd quarter,6:31.0,Marc Gasol,MEM,False,2-pointer,21,33-24,'NOP',leads
887,887,887,201703210NOP,18.8,27.7,2nd quarter,1:44.0,Marc Gasol,MEM,False,3-pointer,25,40-32,'NOP',leads
890,890,890,201703210NOP,7.7,12.0,3rd quarter,11:16.0,Marc Gasol,MEM,True,2-pointer,18,43-34,'NOP',leads
891,891,891,201703210NOP,21.8,27.2,3rd quarter,10:47.0,Marc Gasol,MEM,False,3-pointer,24,43-34,'NOP',leads
894,894,894,201703210NOP,8.4,3.7,3rd quarter,9:00.0,Marc Gasol,MEM,False,2-pointer,15,46-41,'NOP',leads
904,904,904,201703210NOP,5.4,10.5,3rd quarter,0:47.0,Marc Gasol,MEM,False,2-pointer,20,52-65,'NOP',trails
907,907,907,201703210NOP,24.4,29.7,4th quarter,11:22.0,Marc Gasol,MEM,False,3-pointer,26,57-66,'NOP',trails
914,914,914,201703210NOP,24.0,3.1,4th quarter,6:07.0,Marc Gasol,MEM,True,2-pointer,0,71-78,'NOP',trails
916,916,916,201703210NOP,23.1,3.3,4th quarter,5:16.0,Marc Gasol,MEM,False,2-pointer,0,71-83,'NOP',trails
682,682,682,201703230SAS,11.5,16.6,1st quarter,7:43.0,Marc Gasol,MEM,False,2-pointer,18,5-11,'SAS',trails
683,683,683,201703230SAS,24.9,9.1,1st quarter,7:32.0,Marc Gasol,MEM,False,2-pointer,6,5-11,'SAS',trails
688,688,688,201703230SAS,20.8,22.8,1st quarter,3:50.0,Marc Gasol,MEM,True,2-pointer,20,14-17,'SAS',trails
690,690,690,201703230SAS,10.7,12.0,1st quarter,2:36.0,Marc Gasol,MEM,True,2-pointer,16,19-21,'SAS',trails
692,692,692,201703230SAS,12.6,4.6,1st quarter,0:55.0,Marc Gasol,MEM,False,2-pointer,12,21-24,'SAS',trails
702,702,702,201703230SAS,23.4,17.6,2nd quarter,6:27.0,Marc Gasol,MEM,False,2-pointer,14,30-43,'SAS',trails
706,706,706,201703230SAS,13.9,17.4,2nd quarter,4:29.0,Marc Gasol,MEM,False,2-pointer,17,34-45,'SAS',trails
710,710,710,201703230SAS,7.1,21.3,2nd quarter,2:23.0,Marc Gasol,MEM,True,3-pointer,24,39-49,'SAS',trails
712,712,712,201703230SAS,9.0,10.0,2nd quarter,0:46.0,Marc Gasol,MEM,False,2-pointer,16,39-51,'SAS',trails
716,716,716,201703230SAS,10.5,11.2,3rd quarter,11:37.0,Marc Gasol,MEM,False,2-pointer,15,42-51,'SAS',trails
722,722,722,201703230SAS,27.3,7.3,3rd quarter,7:03.0,Marc Gasol,MEM,False,2-pointer,5,50-61,'SAS',trails
726,726,726,201703230SAS,13.8,25.4,3rd quarter,4:52.0,Marc Gasol,MEM,False,3-pointer,24,55-63,'SAS',trails
728,728,728,201703230SAS,24.4,4.1,3rd quarter,4:01.0,Marc Gasol,MEM,True,2-pointer,1,57-64,'SAS',trails
748,748,748,201703230SAS,29.3,7.7,4th quarter,2:32.0,Marc Gasol,MEM,True,2-pointer,7,81-88,'SAS',trails
749,749,749,201703230SAS,21.8,3.2,4th quarter,1:46.0,Marc Gasol,MEM,True,2-pointer,2,83-90,'SAS',trails
1382,1382,1382,201704040SAS,11.6,10.5,1st quarter,8:20.0,Marc Gasol,MEM,False,2-pointer,14,4-9,'SAS',trails
1405,1405,1405,201704040SAS,27.0,13.0,2nd quarter,6:33.0,Marc Gasol,MEM,True,2-pointer,10,24-21,'SAS',leads
1418,1418,1418,201704040SAS,27.8,7.6,3rd quarter,10:31.0,Marc Gasol,MEM,True,2-pointer,5,37-39,'SAS',trails
1419,1419,1419,201704040SAS,9.8,24.0,3rd quarter,9:43.0,Marc Gasol,MEM,True,3-pointer,25,40-39,'SAS',leads
1422,1422,1422,201704040SAS,25.7,4.6,3rd quarter,7:24.0,Marc Gasol,MEM,False,2-pointer,2,40-43,'SAS',trails
1441,1441,1441,201704040SAS,22.9,10.0,4th quarter,7:59.0,Marc Gasol,MEM,False,2-pointer,7,60-68,'SAS',trails
1447,1447,1447,201704040SAS,7.4,22.8,4th quarter,5:07.0,Marc Gasol,MEM,False,3-pointer,25,69-76,'SAS',trails
1448,1448,1448,201704040SAS,21.1,3.7,4th quarter,4:50.0,Marc Gasol,MEM,False,2-pointer,2,69-76,'SAS',trails
1452,1452,1452,201704040SAS,7.9,15.9,4th quarter,2:39.0,Marc Gasol,MEM,True,2-pointer,20,76-78,'SAS',trails
1455,1455,1455,201704040SAS,24.2,17.1,4th quarter,0:57.0,Marc Gasol,MEM,True,2-pointer,14,81-80,'SAS',leads
1456,1456,1456,201704040SAS,10.8,24.0,4th quarter,0:19.0,Marc Gasol,MEM,False,3-pointer,25,81-80,'SAS',leads
937,937,937,201704050MEM,38.6,23.8,1st quarter,9:20.0,Marc Gasol,MEM,True,3-pointer,25,7-6,'OKC',leads
940,940,940,201704050MEM,28.0,11.5,1st quarter,7:43.0,Marc Gasol,MEM,False,2-pointer,9,9-11,'OKC',trails
942,942,942,201704050MEM,26.4,2.9,1st quarter,6:47.0,Marc Gasol,MEM,True,2-pointer,2,11-13,'OKC',trails
944,944,944,201704050MEM,38.8,24.3,1st quarter,5:45.0,Marc Gasol,MEM,True,3-pointer,25,17-13,'OKC',leads
945,945,945,201704050MEM,26.8,32.1,1st quarter,5:18.0,Marc Gasol,MEM,False,3-pointer,29,17-13,'OKC',leads
960,960,960,201704050MEM,37.7,10.5,2nd quarter,7:22.0,Marc Gasol,MEM,True,2-pointer,15,38-43,'OKC',trails
961,961,961,201704050MEM,22.6,28.2,2nd quarter,6:48.0,Marc Gasol,MEM,False,3-pointer,25,38-43,'OKC',trails
971,971,971,201704050MEM,24.9,8.6,2nd quarter,1:48.0,Marc Gasol,MEM,False,2-pointer,5,46-52,'OKC',trails
975,975,975,201704050MEM,16.6,5.3,3rd quarter,11:41.0,Marc Gasol,MEM,False,2-pointer,7,50-57,'OKC',trails
977,977,977,201704050MEM,24.9,19.4,3rd quarter,10:35.0,Marc Gasol,MEM,True,2-pointer,16,52-59,'OKC',trails
980,980,980,201704050MEM,23.9,13.0,3rd quarter,9:02.0,Marc Gasol,MEM,False,2-pointer,10,54-61,'OKC',trails
984,984,984,201704050MEM,24.1,7.7,3rd quarter,6:23.0,Marc Gasol,MEM,True,2-pointer,4,59-67,'OKC',trails
985,985,985,201704050MEM,7.7,3.2,3rd quarter,5:46.0,Marc Gasol,MEM,False,2-pointer,16,59-67,'OKC',trails
986,986,986,201704050MEM,13.3,25.4,3rd quarter,5:36.0,Marc Gasol,MEM,True,3-pointer,24,62-67,'OKC',trails
1003,1003,1003,201704050MEM,24.4,8.1,4th quarter,4:55.0,Marc Gasol,MEM,True,2-pointer,5,89-89,'OKC',tied
1005,1005,1005,201704050MEM,14.3,9.1,4th quarter,4:01.0,Marc Gasol,MEM,False,2-pointer,11,91-89,'OKC',leads
972,972,972,201704070MEM,39.1,17.9,1st quarter,11:39.0,Marc Gasol,MEM,False,2-pointer,21,0-0,'NYK',tied
978,978,978,201704070MEM,17.2,7.1,1st quarter,7:59.0,Marc Gasol,MEM,False,2-pointer,7,10-7,'NYK',leads
979,979,979,201704070MEM,36.7,24.8,1st quarter,7:34.0,Marc Gasol,MEM,True,3-pointer,25,13-7,'NYK',leads
985,985,985,201704070MEM,13.9,3.0,1st quarter,3:46.0,Marc Gasol,MEM,False,2-pointer,10,20-14,'NYK',leads
1004,1004,1004,201704070MEM,27.2,7.6,2nd quarter,5:29.0,Marc Gasol,MEM,False,2-pointer,5,41-32,'NYK',leads
1012,1012,1012,201704070MEM,10.5,16.9,3rd quarter,11:18.0,Marc Gasol,MEM,False,2-pointer,19,53-49,'NYK',leads
1018,1018,1018,201704070MEM,22.0,5.1,3rd quarter,8:53.0,Marc Gasol,MEM,False,2-pointer,2,60-55,'NYK',leads
1019,1019,1019,201704070MEM,24.0,27.7,3rd quarter,8:01.0,Marc Gasol,MEM,False,3-pointer,24,60-57,'NYK',leads
1031,1031,1031,201704070MEM,22.1,28.7,4th quarter,11:08.0,Marc Gasol,MEM,False,3-pointer,25,70-72,'NYK',trails
1033,1033,1033,201704070MEM,23.1,3.8,4th quarter,9:17.0,Marc Gasol,MEM,True,2-pointer,1,77-74,'NYK',leads
1034,1034,1034,201704070MEM,13.9,26.4,4th quarter,8:17.0,Marc Gasol,MEM,True,3-pointer,25,80-76,'NYK',leads
1041,1041,1041,201704070MEM,33.4,8.2,4th quarter,4:02.0,Marc Gasol,MEM,True,2-pointer,10,93-80,'NYK',leads
1043,1043,1043,201704070MEM,23.4,11.2,4th quarter,2:08.0,Marc Gasol,MEM,False,2-pointer,8,97-82,'NYK',leads
620,620,620,201704090MEM,22.9,13.5,1st quarter,11:44.0,Marc Gasol,MEM,True,2-pointer,10,2-0,'DET',leads
625,625,625,201704090MEM,43.4,1.4,1st quarter,8:07.0,Marc Gasol,MEM,False,2-pointer,19,6-10,'DET',trails
629,629,629,201704090MEM,16.9,4.1,1st quarter,6:10.0,Marc Gasol,MEM,True,2-pointer,7,16-16,'DET',tied
631,631,631,201704090MEM,24.0,20.5,1st quarter,5:05.0,Marc Gasol,MEM,False,2-pointer,17,19-17,'DET',leads
648,648,648,201704090MEM,19.0,20.8,2nd quarter,6:00.0,Marc Gasol,MEM,False,2-pointer,18,38-41,'DET',trails
653,653,653,201704090MEM,15.4,4.6,2nd quarter,2:47.0,Marc Gasol,MEM,True,2-pointer,8,49-42,'DET',leads
655,655,655,201704090MEM,25.4,32.8,2nd quarter,1:36.0,Marc Gasol,MEM,True,3-pointer,29,55-43,'DET',leads
657,657,657,201704090MEM,24.0,3.1,2nd quarter,0:18.0,Marc Gasol,MEM,True,2-pointer,0,57-48,'DET',leads
664,664,664,201704090MEM,26.7,27.7,3rd quarter,6:02.0,Marc Gasol,MEM,False,3-pointer,24,62-58,'DET',leads
1282,1282,1282,201704120MEM,39.0,8.1,1st quarter,11:03.0,Marc Gasol,MEM,False,2-pointer,15,0-2,'DAL',trails
1283,1283,1283,201704120MEM,13.4,21.3,1st quarter,10:26.0,Marc Gasol,MEM,False,2-pointer,21,0-2,'DAL',trails
1287,1287,1287,201704120MEM,17.5,6.6,1st quarter,8:46.0,Marc Gasol,MEM,False,2-pointer,7,6-2,'DAL',leads
1289,1289,1289,201704120MEM,29.3,5.1,1st quarter,7:20.0,Marc Gasol,MEM,False,2-pointer,5,10-5,'DAL',leads
1292,1292,1292,201704120MEM,21.1,6.1,1st quarter,6:00.0,Marc Gasol,MEM,True,2-pointer,4,16-8,'DAL',leads
1295,1295,1295,201704120MEM,16.7,8.1,1st quarter,4:19.0,Marc Gasol,MEM,False,2-pointer,8,18-11,'DAL',leads
1313,1313,1313,201704120MEM,18.8,28.2,2nd quarter,6:15.0,Marc Gasol,MEM,True,3-pointer,25,41-31,'DAL',leads
1314,1314,1314,201704120MEM,30.0,6.3,2nd quarter,5:34.0,Marc Gasol,MEM,True,2-pointer,6,43-33,'DAL',leads
1315,1315,1315,201704120MEM,18.4,7.1,2nd quarter,4:41.0,Marc Gasol,MEM,False,2-pointer,6,43-36,'DAL',leads
1319,1319,1319,201704120MEM,16.4,5.1,2nd quarter,1:03.0,Marc Gasol,MEM,True,2-pointer,7,53-46,'DAL',leads
1321,1321,1321,201704120MEM,11.3,16.4,3rd quarter,11:37.0,Marc Gasol,MEM,True,2-pointer,18,57-46,'DAL',leads
1328,1328,1328,201704120MEM,13.8,6.6,3rd quarter,6:10.0,Marc Gasol,MEM,False,2-pointer,10,67-57,'DAL',leads
1330,1330,1330,201704120MEM,0.3,10.2,3rd quarter,5:21.0,Marc Gasol,MEM,False,3-pointer,24,67-57,'DAL',leads
317,317,317,201704150SAS,27.3,15.0,1st quarter,11:13.0,Marc Gasol,MEM,True,2-pointer,12,2-0,'SAS',leads
318,318,318,201704150SAS,21.1,27.7,1st quarter,10:47.0,Marc Gasol,MEM,True,3-pointer,25,5-2,'SAS',leads
320,320,320,201704150SAS,29.0,13.6,1st quarter,9:14.0,Marc Gasol,MEM,True,2-pointer,12,10-5,'SAS',leads
325,325,325,201704150SAS,24.2,3.7,1st quarter,6:42.0,Marc Gasol,MEM,False,2-pointer,1,18-9,'SAS',leads
330,330,330,201704150SAS,22.6,11.7,1st quarter,4:03.0,Marc Gasol,MEM,True,2-pointer,9,24-11,'SAS',leads
332,332,332,201704150SAS,24.0,8.1,1st quarter,2:29.0,Marc Gasol,MEM,True,2-pointer,5,28-15,'SAS',leads
341,341,341,201704150SAS,35.2,17.9,2nd quarter,8:05.0,Marc Gasol,MEM,True,2-pointer,19,35-34,'SAS',leads
345,345,345,201704150SAS,10.0,5.6,2nd quarter,6:21.0,Marc Gasol,MEM,True,2-pointer,14,38-34,'SAS',leads
346,346,346,201704150SAS,23.9,9.5,2nd quarter,5:41.0,Marc Gasol,MEM,False,2-pointer,7,38-36,'SAS',leads
349,349,349,201704150SAS,35.7,25.4,2nd quarter,4:21.0,Marc Gasol,MEM,True,3-pointer,25,41-41,'SAS',tied
351,351,351,201704150SAS,12.8,12.5,2nd quarter,3:11.0,Marc Gasol,MEM,False,2-pointer,15,41-43,'SAS',trails
354,354,354,201704150SAS,16.4,15.9,2nd quarter,0:36.0,Marc Gasol,MEM,True,2-pointer,15,49-50,'SAS',trails
355,355,355,201704150SAS,23.9,4.6,2nd quarter,0:07.0,Marc Gasol,MEM,False,2-pointer,2,49-52,'SAS',trails
363,363,363,201704150SAS,28.0,9.1,3rd quarter,7:50.0,Marc Gasol,MEM,True,2-pointer,7,55-58,'SAS',trails
365,365,365,201704150SAS,19.2,11.7,3rd quarter,6:17.0,Marc Gasol,MEM,False,2-pointer,10,55-62,'SAS',trails
366,366,366,201704150SAS,23.8,28.4,3rd quarter,5:16.0,Marc Gasol,MEM,True,3-pointer,25,58-66,'SAS',trails
368,368,368,201704150SAS,15.9,12.0,3rd quarter,3:59.0,Marc Gasol,MEM,False,2-pointer,12,60-70,'SAS',trails
371,371,371,201704150SAS,27.8,12.5,3rd quarter,2:24.0,Marc Gasol,MEM,False,2-pointer,10,62-72,'SAS',trails
160,160,160,201704170SAS,10.3,14.0,1st quarter,11:17.0,Marc Gasol,MEM,False,2-pointer,18,0-2,'SAS',trails
171,171,171,201704170SAS,12.0,5.6,1st quarter,5:33.0,Marc Gasol,MEM,False,2-pointer,12,12-17,'SAS',trails
173,173,173,201704170SAS,24.1,13.0,1st quarter,4:40.0,Marc Gasol,MEM,False,2-pointer,10,14-22,'SAS',trails
175,175,175,201704170SAS,24.2,10.2,1st quarter,3:37.0,Marc Gasol,MEM,False,2-pointer,7,14-24,'SAS',trails
188,188,188,201704170SAS,24.1,3.2,2nd quarter,8:25.0,Marc Gasol,MEM,False,2-pointer,0,21-40,'SAS',trails
189,189,189,201704170SAS,15.1,20.8,2nd quarter,8:01.0,Marc Gasol,MEM,False,2-pointer,20,21-42,'SAS',trails
194,194,194,201704170SAS,22.1,4.1,2nd quarter,5:07.0,Marc Gasol,MEM,True,2-pointer,2,28-48,'SAS',trails
195,195,195,201704170SAS,23.4,4.8,2nd quarter,4:31.0,Marc Gasol,MEM,False,2-pointer,2,28-50,'SAS',trails
207,207,207,201704170SAS,23.9,28.7,3rd quarter,8:37.0,Marc Gasol,MEM,False,3-pointer,26,43-61,'SAS',trails
219,219,219,201704170SAS,24.2,3.2,3rd quarter,0:46.0,Marc Gasol,MEM,True,2-pointer,0,62-75,'SAS',trails
223,223,223,201704170SAS,23.9,8.1,4th quarter,10:08.0,Marc Gasol,MEM,True,2-pointer,5,70-75,'SAS',trails
230,230,230,201704170SAS,22.9,12.7,4th quarter,5:35.0,Marc Gasol,MEM,False,2-pointer,10,75-85,'SAS',trails
236,236,236,201704170SAS,25.5,4.1,4th quarter,2:24.0,Marc Gasol,MEM,True,2-pointer,2,79-92,'SAS',trails
237,237,237,201704170SAS,38.3,25.3,4th quarter,1:49.0,Marc Gasol,MEM,False,3-pointer,26,79-94,'SAS',trails
239,239,239,201704170SAS,24.4,14.0,4th quarter,0:36.0,Marc Gasol,MEM,False,2-pointer,11,82-96,'SAS',trails
254,254,254,201704200MEM,17.9,5.1,1st quarter,10:33.0,Marc Gasol,MEM,False,2-pointer,6,0-5,'SAS',trails
258,258,258,201704200MEM,34.1,16.9,1st quarter,7:43.0,Marc Gasol,MEM,True,2-pointer,17,5-5,'SAS',tied
265,265,265,201704200MEM,11.5,25.3,1st quarter,3:36.0,Marc Gasol,MEM,True,3-pointer,26,13-16,'SAS',trails
281,281,281,201704200MEM,25.0,3.7,2nd quarter,5:23.0,Marc Gasol,MEM,False,2-pointer,1,36-35,'SAS',leads
283,283,283,201704200MEM,13.4,3.2,2nd quarter,4:06.0,Marc Gasol,MEM,False,2-pointer,11,36-37,'SAS',trails
286,286,286,201704200MEM,24.2,12.0,2nd quarter,1:59.0,Marc Gasol,MEM,True,2-pointer,9,44-43,'SAS',leads
289,289,289,201704200MEM,16.4,7.6,2nd quarter,0:49.0,Marc Gasol,MEM,True,2-pointer,9,48-46,'SAS',leads
291,291,291,201704200MEM,23.3,3.7,2nd quarter,0:06.0,Marc Gasol,MEM,True,2-pointer,1,50-46,'SAS',leads
293,293,293,201704200MEM,23.9,27.7,3rd quarter,11:09.0,Marc Gasol,MEM,True,3-pointer,25,55-46,'SAS',leads
301,301,301,201704200MEM,25.4,2.5,3rd quarter,5:14.0,Marc Gasol,MEM,False,2-pointer,1,68-56,'SAS',leads
302,302,302,201704200MEM,3.1,1.9,3rd quarter,4:48.0,Marc Gasol,MEM,True,2-pointer,21,70-56,'SAS',leads
306,306,306,201704200MEM,28.0,17.9,3rd quarter,1:50.0,Marc Gasol,MEM,False,2-pointer,15,79-62,'SAS',leads
309,309,309,201704200MEM,22.9,2.5,3rd quarter,0:02.0,Marc Gasol,MEM,False,2-pointer,1,81-63,'SAS',leads
322,322,322,201704200MEM,22.6,23.3,4th quarter,5:18.0,Marc Gasol,MEM,True,2-pointer,20,95-75,'SAS',leads
275,275,275,201704220MEM,24.6,7.3,1st quarter,9:37.0,Marc Gasol,MEM,False,2-pointer,4,3-4,'SAS',trails
281,281,281,201704220MEM,13.4,21.0,1st quarter,6:42.0,Marc Gasol,MEM,True,2-pointer,21,9-13,'SAS',trails
282,282,282,201704220MEM,7.5,8.6,1st quarter,6:13.0,Marc Gasol,MEM,False,2-pointer,17,9-13,'SAS',trails
284,284,284,201704220MEM,17.2,7.3,1st quarter,4:56.0,Marc Gasol,MEM,False,2-pointer,8,9-17,'SAS',trails
299,299,299,201704220MEM,24.6,3.2,2nd quarter,7:15.0,Marc Gasol,MEM,False,2-pointer,1,31-28,'SAS',leads
309,309,309,201704220MEM,23.4,32.3,2nd quarter,3:14.0,Marc Gasol,MEM,False,3-pointer,29,43-38,'SAS',leads
310,310,310,201704220MEM,0.8,6.1,2nd quarter,2:10.0,Marc Gasol,MEM,True,3-pointer,23,46-42,'SAS',leads
313,313,313,201704220MEM,38.8,11.0,2nd quarter,0:01.0,Marc Gasol,MEM,True,2-pointer,17,55-51,'SAS',leads
339,339,339,201704220MEM,25.7,3.3,4th quarter,6:40.0,Marc Gasol,MEM,False,2-pointer,2,83-73,'SAS',leads
349,349,349,201704220MEM,12.1,1.9,1st overtime,2:45.0,Marc Gasol,MEM,False,2-pointer,12,100-100,'SAS',tied
351,351,351,201704220MEM,24.1,3.3,1st overtime,1:32.0,Marc Gasol,MEM,True,2-pointer,0,102-102,'SAS',tied
353,353,353,201704220MEM,30.3,13.5,1st overtime,0:01.0,Marc Gasol,MEM,True,2-pointer,12,110-108,'SAS',leads
333,333,333,201704250SAS,25.5,13.1,1st quarter,3:31.0,Marc Gasol,MEM,False,2-pointer,10,14-17,'SAS',trails
335,335,335,201704250SAS,21.5,24.3,1st quarter,2:44.0,Marc Gasol,MEM,True,2-pointer,21,16-19,'SAS',trails
337,337,337,201704250SAS,22.9,9.5,1st quarter,1:56.0,Marc Gasol,MEM,True,2-pointer,7,18-21,'SAS',trails
338,338,338,201704250SAS,19.2,15.1,1st quarter,0:05.0,Marc Gasol,MEM,False,2-pointer,13,23-23,'SAS',tied
350,350,350,201704250SAS,30.9,11.7,2nd quarter,2:57.0,Marc Gasol,MEM,False,2-pointer,11,42-47,'SAS',trails
353,353,353,201704250SAS,24.4,2.4,2nd quarter,1:23.0,Marc Gasol,MEM,True,2-pointer,1,47-51,'SAS',trails
362,362,362,201704250SAS,9.5,7.1,3rd quarter,8:47.0,Marc Gasol,MEM,False,2-pointer,15,54-63,'SAS',trails
365,365,365,201704250SAS,20.8,9.5,3rd quarter,6:28.0,Marc Gasol,MEM,True,2-pointer,7,59-69,'SAS',trails
369,369,369,201704250SAS,15.7,26.7,3rd quarter,2:06.0,Marc Gasol,MEM,False,3-pointer,25,66-83,'SAS',trails
379,379,379,201704250SAS,28.0,13.5,4th quarter,8:34.0,Marc Gasol,MEM,True,2-pointer,11,85-90,'SAS',trails
382,382,382,201704250SAS,7.5,3.7,4th quarter,6:21.0,Marc Gasol,MEM,True,2-pointer,17,92-98,'SAS',trails
387,387,387,201704250SAS,10.7,6.1,4th quarter,3:25.0,Marc Gasol,MEM,False,2-pointer,14,97-109,'SAS',trails
77,77,77,201704270MEM,22.4,8.2,1st quarter,11:14.0,Marc Gasol,MEM,True,2-pointer,5,2-0,'SAS',leads
81,81,81,201704270MEM,35.7,5.1,1st quarter,9:44.0,Marc Gasol,MEM,False,2-pointer,12,2-4,'SAS',trails
88,88,88,201704270MEM,18.8,5.6,1st quarter,6:16.0,Marc Gasol,MEM,False,2-pointer,6,11-13,'SAS',trails
96,96,96,201704270MEM,17.4,5.1,1st quarter,1:33.0,Marc Gasol,MEM,False,2-pointer,7,19-22,'SAS',trails
98,98,98,201704270MEM,24.2,4.1,1st quarter,0:38.0,Marc Gasol,MEM,False,2-pointer,1,19-24,'SAS',trails
106,106,106,201704270MEM,17.2,8.7,2nd quarter,7:55.0,Marc Gasol,MEM,True,2-pointer,9,28-28,'SAS',tied
109,109,109,201704270MEM,24.9,27.7,2nd quarter,6:10.0,Marc Gasol,MEM,True,3-pointer,25,35-32,'SAS',leads
112,112,112,201704270MEM,30.8,7.1,2nd quarter,2:45.0,Marc Gasol,MEM,True,2-pointer,8,45-40,'SAS',leads
119,119,119,201704270MEM,35.5,6.3,3rd quarter,10:06.0,Marc Gasol,MEM,False,2-pointer,12,54-47,'SAS',leads
122,122,122,201704270MEM,28.5,7.6,3rd quarter,7:52.0,Marc Gasol,MEM,True,2-pointer,6,61-51,'SAS',leads
128,128,128,201704270MEM,13.4,5.6,3rd quarter,4:11.0,Marc Gasol,MEM,False,2-pointer,11,66-62,'SAS',leads
131,131,131,201704270MEM,11.8,24.3,3rd quarter,0:51.0,Marc Gasol,MEM,False,3-pointer,25,71-75,'SAS',trails
792,792,792,201710180MEM,24.6,4.1,1st quarter,9:14.0,Marc Gasol,MEM,False,2-pointer,1,5-7,'NOP',trails
795,795,795,201710180MEM,23.8,10.5,1st quarter,7:57.0,Marc Gasol,MEM,False,2-pointer,7,9-9,'NOP',tied
797,797,797,201710180MEM,29.0,12.9,1st quarter,6:52.0,Marc Gasol,MEM,False,2-pointer,11,12-13,'NOP',trails
799,799,799,201710180MEM,24.3,7.1,1st quarter,6:26.0,Marc Gasol,MEM,False,2-pointer,4,12-13,'NOP',trails
800,800,800,201710180MEM,24.0,2.4,1st quarter,6:19.0,Marc Gasol,MEM,True,2-pointer,0,14-13,'NOP',leads
801,801,801,201710180MEM,12.4,24.9,1st quarter,5:57.0,Marc Gasol,MEM,False,3-pointer,24,14-14,'NOP',tied
802,802,802,201710180MEM,25.7,9.6,1st quarter,5:17.0,Marc Gasol,MEM,False,2-pointer,6,14-17,'NOP',trails
804,804,804,201710180MEM,33.5,12.0,1st quarter,4:03.0,Marc Gasol,MEM,False,2-pointer,13,17-22,'NOP',trails
820,820,820,201710180MEM,24.7,4.4,2nd quarter,9:11.0,Marc Gasol,MEM,True,2-pointer,1,36-34,'NOP',leads
825,825,825,201710180MEM,24.0,4.3,2nd quarter,6:00.0,Marc Gasol,MEM,True,2-pointer,1,41-36,'NOP',leads
838,838,838,201710180MEM,11.5,26.8,3rd quarter,11:18.0,Marc Gasol,MEM,False,3-pointer,26,54-52,'NOP',leads
839,839,839,201710180MEM,23.8,10.5,3rd quarter,10:36.0,Marc Gasol,MEM,False,2-pointer,7,54-54,'NOP',tied
840,840,840,201710180MEM,17.9,28.7,3rd quarter,10:10.0,Marc Gasol,MEM,True,3-pointer,26,57-54,'NOP',leads
843,843,843,201710180MEM,23.3,8.9,3rd quarter,7:30.0,Marc Gasol,MEM,False,2-pointer,5,59-58,'NOP',leads
849,849,849,201710180MEM,24.3,4.1,3rd quarter,4:55.0,Marc Gasol,MEM,True,2-pointer,1,67-60,'NOP',leads
862,862,862,201710180MEM,23.5,30.3,4th quarter,9:49.0,Marc Gasol,MEM,True,3-pointer,27,87-74,'NOP',leads
865,865,865,201710180MEM,29.2,28.9,4th quarter,8:26.0,Marc Gasol,MEM,False,3-pointer,26,89-76,'NOP',leads
867,867,867,201710180MEM,10.8,20.9,4th quarter,7:22.0,Marc Gasol,MEM,False,2-pointer,22,89-76,'NOP',leads
928,928,928,201710210MEM,27.8,15.0,1st quarter,10:18.0,Marc Gasol,MEM,False,2-pointer,12,3-6,'MEM',trails
933,933,933,201710210MEM,33.4,23.0,1st quarter,6:56.0,Marc Gasol,MEM,False,2-pointer,22,8-10,'MEM',trails
935,935,935,201710210MEM,31.1,27.6,1st quarter,5:10.0,Marc Gasol,MEM,False,3-pointer,25,10-15,'MEM',trails
936,936,936,201710210MEM,23.2,9.6,1st quarter,4:43.0,Marc Gasol,MEM,True,2-pointer,6,12-15,'MEM',trails
937,937,937,201710210MEM,23.8,9.9,1st quarter,3:58.0,Marc Gasol,MEM,True,2-pointer,6,14-15,'MEM',trails
940,940,940,201710210MEM,34.7,25.6,1st quarter,2:40.0,Marc Gasol,MEM,False,3-pointer,25,18-17,'MEM',leads
955,955,955,201710210MEM,37.9,8.7,2nd quarter,7:18.0,Marc Gasol,MEM,True,2-pointer,15,42-34,'MEM',leads
956,956,956,201710210MEM,21.1,27.8,2nd quarter,6:47.0,Marc Gasol,MEM,True,3-pointer,24,45-34,'MEM',leads
960,960,960,201710210MEM,15.1,6.0,2nd quarter,2:44.0,Marc Gasol,MEM,False,2-pointer,9,53-43,'MEM',leads
965,965,965,201710210MEM,24.2,11.3,2nd quarter,0:05.0,Marc Gasol,MEM,False,2-pointer,8,56-51,'MEM',leads
966,966,966,201710210MEM,24.1,5.0,2nd quarter,0:01.0,Marc Gasol,MEM,False,2-pointer,2,56-51,'MEM',leads
974,974,974,201710210MEM,18.9,28.4,3rd quarter,7:00.0,Marc Gasol,MEM,True,3-pointer,25,72-56,'MEM',leads
990,990,990,201710210MEM,23.8,7.7,4th quarter,8:08.0,Marc Gasol,MEM,True,2-pointer,4,90-79,'MEM',leads
994,994,994,201710210MEM,28.9,11.9,4th quarter,5:41.0,Marc Gasol,MEM,True,2-pointer,10,98-83,'MEM',leads
995,995,995,201710210MEM,24.5,26.3,4th quarter,5:06.0,Marc Gasol,MEM,False,2-pointer,23,98-85,'MEM',leads
1002,1002,1002,201710210MEM,17.1,13.2,4th quarter,1:15.0,Marc Gasol,MEM,True,2-pointer,12,105-94,'MEM',leads
505,505,505,201710230HOU,24.1,3.6,1st quarter,11:41.0,Marc Gasol,MEM,True,2-pointer,0,2-0,'HOU',leads
506,506,506,201710230HOU,14.4,26.2,1st quarter,10:30.0,Marc Gasol,MEM,False,3-pointer,25,4-4,'HOU',tied
507,507,507,201710230HOU,23.6,3.6,1st quarter,10:03.0,Marc Gasol,MEM,True,2-pointer,0,6-4,'HOU',leads
509,509,509,201710230HOU,19.8,12.8,1st quarter,8:57.0,Marc Gasol,MEM,False,2-pointer,10,8-6,'HOU',leads
512,512,512,201710230HOU,28.1,12.2,1st quarter,6:52.0,Marc Gasol,MEM,False,2-pointer,10,10-16,'HOU',trails
513,513,513,201710230HOU,24.2,4.5,1st quarter,6:16.0,Marc Gasol,MEM,True,2-pointer,1,12-16,'HOU',trails
517,517,517,201710230HOU,25.1,5.0,1st quarter,4:17.0,Marc Gasol,MEM,True,2-pointer,2,18-18,'HOU',tied
530,530,530,201710230HOU,15.9,27.1,2nd quarter,6:55.0,Marc Gasol,MEM,False,3-pointer,25,30-39,'HOU',trails
535,535,535,201710230HOU,10.1,4.7,2nd quarter,2:48.0,Marc Gasol,MEM,True,2-pointer,14,42-45,'HOU',trails
538,538,538,201710230HOU,24.0,3.8,2nd quarter,0:59.0,Marc Gasol,MEM,True,2-pointer,0,46-49,'HOU',trails
559,559,559,201710230HOU,20.8,4.3,4th quarter,8:16.0,Marc Gasol,MEM,False,2-pointer,3,73-83,'HOU',trails
562,562,562,201710230HOU,24.0,6.4,4th quarter,7:03.0,Marc Gasol,MEM,True,2-pointer,3,77-86,'HOU',trails
564,564,564,201710230HOU,10.6,8.9,4th quarter,5:29.0,Marc Gasol,MEM,True,2-pointer,14,82-88,'HOU',trails
565,565,565,201710230HOU,10.7,25.7,4th quarter,4:54.0,Marc Gasol,MEM,False,3-pointer,26,82-88,'HOU',trails
572,572,572,201710230HOU,21.8,20.9,4th quarter,0:34.0,Marc Gasol,MEM,False,2-pointer,18,94-90,'HOU',leads
353,353,353,201710250DAL,26.0,8.5,1st quarter,10:57.0,Marc Gasol,MEM,False,2-pointer,5,0-0,'DAL',tied
355,355,355,201710250DAL,23.7,27.1,1st quarter,9:41.0,Marc Gasol,MEM,False,3-pointer,24,3-3,'DAL',tied
356,356,356,201710250DAL,17.1,7.1,1st quarter,9:10.0,Marc Gasol,MEM,True,2-pointer,8,5-6,'DAL',trails
363,363,363,201710250DAL,30.6,27.3,1st quarter,5:13.0,Marc Gasol,MEM,False,3-pointer,25,10-19,'DAL',trails
365,365,365,201710250DAL,24.0,2.4,1st quarter,4:33.0,Marc Gasol,MEM,True,2-pointer,0,12-20,'DAL',trails
367,367,367,201710250DAL,15.3,7.0,1st quarter,2:10.0,Marc Gasol,MEM,True,2-pointer,9,16-25,'DAL',trails
380,380,380,201710250DAL,26.0,28.2,2nd quarter,5:55.0,Marc Gasol,MEM,True,3-pointer,25,33-42,'DAL',trails
385,385,385,201710250DAL,30.7,27.0,2nd quarter,3:16.0,Marc Gasol,MEM,True,3-pointer,24,43-50,'DAL',trails
392,392,392,201710250DAL,9.3,7.8,3rd quarter,11:09.0,Marc Gasol,MEM,False,2-pointer,15,49-57,'DAL',trails
394,394,394,201710250DAL,37.6,24.2,3rd quarter,10:13.0,Marc Gasol,MEM,True,3-pointer,25,52-57,'DAL',trails
397,397,397,201710250DAL,14.5,4.0,3rd quarter,7:45.0,Marc Gasol,MEM,True,2-pointer,9,58-64,'DAL',trails
398,398,398,201710250DAL,30.9,27.2,3rd quarter,7:15.0,Marc Gasol,MEM,True,3-pointer,25,61-66,'DAL',trails
399,399,399,201710250DAL,24.2,28.8,3rd quarter,6:43.0,Marc Gasol,MEM,True,3-pointer,25,64-68,'DAL',trails
406,406,406,201710250DAL,12.6,5.8,3rd quarter,1:33.0,Marc Gasol,MEM,False,2-pointer,11,72-77,'DAL',trails
413,413,413,201710250DAL,17.5,15.6,4th quarter,7:26.0,Marc Gasol,MEM,False,2-pointer,14,80-87,'DAL',trails
261,261,261,201710260MEM,22.7,7.6,1st quarter,11:21.0,Marc Gasol,MEM,False,2-pointer,4,0-2,'DAL',trails
262,262,262,201710260MEM,11.5,25.2,1st quarter,11:14.0,Marc Gasol,MEM,True,3-pointer,25,3-2,'DAL',leads
269,269,269,201710260MEM,23.8,4.4,1st quarter,7:32.0,Marc Gasol,MEM,True,2-pointer,1,8-8,'DAL',tied
271,271,271,201710260MEM,28.3,29.3,1st quarter,6:16.0,Marc Gasol,MEM,False,3-pointer,26,11-8,'DAL',leads
274,274,274,201710260MEM,24.1,3.6,1st quarter,4:48.0,Marc Gasol,MEM,True,2-pointer,0,15-10,'DAL',leads
276,276,276,201710260MEM,24.0,3.1,1st quarter,3:44.0,Marc Gasol,MEM,True,2-pointer,0,20-10,'DAL',leads
277,277,277,201710260MEM,26.4,8.7,1st quarter,3:13.0,Marc Gasol,MEM,False,2-pointer,6,21-10,'DAL',leads
293,293,293,201710260MEM,17.7,26.9,2nd quarter,6:55.0,Marc Gasol,MEM,False,3-pointer,24,40-18,'DAL',leads
297,297,297,201710260MEM,25.8,10.3,2nd quarter,4:15.0,Marc Gasol,MEM,False,2-pointer,7,42-25,'DAL',leads
304,304,304,201710260MEM,14.1,8.4,3rd quarter,11:01.0,Marc Gasol,MEM,True,2-pointer,11,56-37,'DAL',leads
306,306,306,201710260MEM,6.8,21.5,3rd quarter,9:23.0,Marc Gasol,MEM,False,3-pointer,25,56-42,'DAL',leads
309,309,309,201710260MEM,22.7,16.2,3rd quarter,8:46.0,Marc Gasol,MEM,True,2-pointer,13,58-42,'DAL',leads
310,310,310,201710260MEM,16.8,10.3,3rd quarter,7:12.0,Marc Gasol,MEM,True,2-pointer,10,62-44,'DAL',leads
311,311,311,201710260MEM,14.5,9.2,3rd quarter,6:45.0,Marc Gasol,MEM,True,2-pointer,11,64-44,'DAL',leads
315,315,315,201710260MEM,29.1,12.4,3rd quarter,4:09.0,Marc Gasol,MEM,False,2-pointer,10,68-55,'DAL',leads
329,329,329,201710260MEM,30.2,11.4,4th quarter,5:27.0,Marc Gasol,MEM,False,2-pointer,10,84-80,'DAL',leads
573,573,573,201710280MEM,17.2,6.4,1st quarter,11:00.0,Marc Gasol,MEM,False,2-pointer,7,0-2,'HOU',trails
576,576,576,201710280MEM,24.3,15.6,1st quarter,8:19.0,Marc Gasol,MEM,False,2-pointer,12,4-9,'HOU',trails
577,577,577,201710280MEM,24.8,14.4,1st quarter,7:34.0,Marc Gasol,MEM,True,2-pointer,11,6-12,'HOU',trails
579,579,579,201710280MEM,24.2,9.2,1st quarter,6:34.0,Marc Gasol,MEM,False,2-pointer,6,8-15,'HOU',trails
587,587,587,201710280MEM,34.4,28.1,1st quarter,2:45.0,Marc Gasol,MEM,False,3-pointer,27,20-25,'HOU',trails
604,604,604,201710280MEM,19.4,13.9,2nd quarter,6:43.0,Marc Gasol,MEM,False,2-pointer,11,41-40,'HOU',leads
624,624,624,201710280MEM,14.0,11.8,3rd quarter,7:46.0,Marc Gasol,MEM,False,2-pointer,13,56-58,'HOU',trails
627,627,627,201710280MEM,17.5,29.5,3rd quarter,5:20.0,Marc Gasol,MEM,False,3-pointer,27,62-63,'HOU',trails
603,603,603,201710300MEM,11.0,25.6,1st quarter,10:19.0,Marc Gasol,MEM,True,3-pointer,26,7-4,'CHO',leads
604,604,604,201710300MEM,13.3,29.6,1st quarter,9:51.0,Marc Gasol,MEM,False,3-pointer,28,7-4,'CHO',leads
607,607,607,201710300MEM,24.2,4.3,1st quarter,8:04.0,Marc Gasol,MEM,False,2-pointer,1,11-10,'CHO',leads
610,610,610,201710300MEM,24.9,3.6,1st quarter,6:24.0,Marc Gasol,MEM,True,2-pointer,1,17-16,'CHO',leads
614,614,614,201710300MEM,24.7,4.6,1st quarter,4:41.0,Marc Gasol,MEM,False,2-pointer,1,20-20,'CHO',tied
616,616,616,201710300MEM,10.6,23.6,1st quarter,3:54.0,Marc Gasol,MEM,False,3-pointer,24,20-22,'CHO',trails
650,650,650,201710300MEM,15.6,27.1,3rd quarter,11:08.0,Marc Gasol,MEM,False,3-pointer,25,60-53,'CHO',leads
654,654,654,201710300MEM,34.1,26.7,3rd quarter,7:49.0,Marc Gasol,MEM,True,3-pointer,25,67-56,'CHO',leads
657,657,657,201710300MEM,33.0,26.9,3rd quarter,4:55.0,Marc Gasol,MEM,False,3-pointer,25,74-61,'CHO',leads
677,677,677,201710300MEM,22.6,3.7,4th quarter,6:59.0,Marc Gasol,MEM,True,2-pointer,1,91-84,'CHO',leads
678,678,678,201710300MEM,28.8,18.3,4th quarter,6:40.0,Marc Gasol,MEM,False,2-pointer,16,91-84,'CHO',leads
680,680,680,201710300MEM,23.8,4.5,4th quarter,5:16.0,Marc Gasol,MEM,False,2-pointer,1,93-90,'CHO',leads
681,681,681,201710300MEM,22.3,8.4,4th quarter,4:22.0,Marc Gasol,MEM,False,2-pointer,5,93-92,'CHO',leads
689,689,689,201710300MEM,24.5,28.9,4th quarter,0:48.0,Marc Gasol,MEM,False,3-pointer,25,96-99,'CHO',trails
926,926,926,201711010MEM,32.8,15.5,1st quarter,10:37.0,Marc Gasol,MEM,True,2-pointer,15,5-6,'ORL',trails
928,928,928,201711010MEM,19.2,18.3,1st quarter,9:38.0,Marc Gasol,MEM,False,2-pointer,16,5-12,'ORL',trails
930,930,930,201711010MEM,18.8,8.6,1st quarter,8:31.0,Marc Gasol,MEM,True,2-pointer,7,7-14,'ORL',trails
933,933,933,201711010MEM,13.5,5.6,1st quarter,6:55.0,Marc Gasol,MEM,True,2-pointer,10,9-16,'ORL',trails
957,957,957,201711010MEM,19.7,27.8,2nd quarter,5:38.0,Marc Gasol,MEM,True,3-pointer,25,45-35,'ORL',leads
958,958,958,201711010MEM,13.4,12.4,2nd quarter,4:42.0,Marc Gasol,MEM,True,2-pointer,14,48-38,'ORL',leads
968,968,968,201711010MEM,14.1,8.0,3rd quarter,9:50.0,Marc Gasol,MEM,True,2-pointer,11,58-60,'ORL',trails
969,969,969,201711010MEM,25.8,28.2,3rd quarter,9:19.0,Marc Gasol,MEM,True,3-pointer,25,61-60,'ORL',leads
971,971,971,201711010MEM,12.6,29.2,3rd quarter,8:32.0,Marc Gasol,MEM,False,3-pointer,28,63-60,'ORL',leads
976,976,976,201711010MEM,37.8,24.4,3rd quarter,6:52.0,Marc Gasol,MEM,False,3-pointer,25,65-63,'ORL',leads
981,981,981,201711010MEM,24.8,11.9,3rd quarter,4:15.0,Marc Gasol,MEM,True,2-pointer,8,73-68,'ORL',leads
997,997,997,201711010MEM,23.1,15.5,4th quarter,4:32.0,Marc Gasol,MEM,False,2-pointer,12,90-94,'ORL',trails
1001,1001,1001,201711010MEM,18.2,4.7,4th quarter,1:45.0,Marc Gasol,MEM,True,2-pointer,6,97-97,'ORL',tied
1002,1002,1002,201711010MEM,27.6,6.1,4th quarter,1:04.0,Marc Gasol,MEM,True,2-pointer,4,99-97,'ORL',leads
519,519,519,201711040LAC,13.9,7.6,1st quarter,11:40.0,Marc Gasol,MEM,True,2-pointer,11,2-0,'MEM',leads
523,523,523,201711040LAC,16.1,11.6,1st quarter,10:06.0,Marc Gasol,MEM,False,2-pointer,11,4-4,'MEM',tied
524,524,524,201711040LAC,24.9,27.9,1st quarter,9:30.0,Marc Gasol,MEM,False,3-pointer,24,4-4,'MEM',tied
532,532,532,201711040LAC,21.3,8.3,1st quarter,5:25.0,Marc Gasol,MEM,True,2-pointer,5,13-12,'MEM',leads
536,536,536,201711040LAC,23.7,5.2,1st quarter,3:49.0,Marc Gasol,MEM,True,2-pointer,2,21-17,'MEM',leads
538,538,538,201711040LAC,17.8,13.4,1st quarter,2:05.0,Marc Gasol,MEM,False,2-pointer,12,23-22,'MEM',leads
559,559,559,201711040LAC,23.4,10.0,2nd quarter,4:18.0,Marc Gasol,MEM,False,2-pointer,7,51-41,'MEM',leads
562,562,562,201711040LAC,20.7,3.5,2nd quarter,2:22.0,Marc Gasol,MEM,False,2-pointer,3,55-47,'MEM',leads
563,563,563,201711040LAC,26.2,21.5,2nd quarter,1:57.0,Marc Gasol,MEM,False,2-pointer,18,55-49,'MEM',leads
570,570,570,201711040LAC,19.7,27.8,3rd quarter,11:12.0,Marc Gasol,MEM,True,3-pointer,25,63-56,'MEM',leads
576,576,576,201711040LAC,25.1,9.8,3rd quarter,6:30.0,Marc Gasol,MEM,False,2-pointer,6,68-64,'MEM',leads
579,579,579,201711040LAC,24.5,4.5,3rd quarter,5:00.0,Marc Gasol,MEM,True,2-pointer,1,72-68,'MEM',leads
592,592,592,201711040LAC,16.4,27.0,4th quarter,5:56.0,Marc Gasol,MEM,True,3-pointer,25,97-90,'MEM',leads
593,593,593,201711040LAC,22.6,28.5,4th quarter,5:36.0,Marc Gasol,MEM,False,3-pointer,25,97-90,'MEM',leads
596,596,596,201711040LAC,24.8,11.3,4th quarter,4:15.0,Marc Gasol,MEM,True,2-pointer,8,102-92,'MEM',leads
523,523,523,201711050LAL,12.9,26.8,1st quarter,10:28.0,Marc Gasol,MEM,False,3-pointer,26,2-2,'LAL',tied
525,525,525,201711050LAL,21.7,28.3,1st quarter,9:03.0,Marc Gasol,MEM,False,3-pointer,25,4-4,'LAL',tied
527,527,527,201711050LAL,30.4,5.3,1st quarter,7:47.0,Marc Gasol,MEM,True,2-pointer,6,6-7,'LAL',trails
528,528,528,201711050LAL,22.8,20.8,1st quarter,7:31.0,Marc Gasol,MEM,True,2-pointer,17,8-9,'LAL',trails
532,532,532,201711050LAL,11.9,11.1,1st quarter,5:34.0,Marc Gasol,MEM,True,2-pointer,14,15-11,'LAL',leads
534,534,534,201711050LAL,23.8,5.5,1st quarter,4:24.0,Marc Gasol,MEM,False,2-pointer,2,15-15,'LAL',tied
535,535,535,201711050LAL,26.9,11.9,1st quarter,3:22.0,Marc Gasol,MEM,False,2-pointer,9,15-15,'LAL',tied
552,552,552,201711050LAL,13.4,26.9,2nd quarter,6:56.0,Marc Gasol,MEM,False,3-pointer,26,37-41,'LAL',trails
554,554,554,201711050LAL,23.5,6.6,2nd quarter,5:46.0,Marc Gasol,MEM,False,2-pointer,3,39-44,'LAL',trails
560,560,560,201711050LAL,12.3,19.0,2nd quarter,1:46.0,Marc Gasol,MEM,True,2-pointer,19,48-54,'LAL',trails
563,563,563,201711050LAL,35.7,25.5,2nd quarter,0:26.0,Marc Gasol,MEM,True,3-pointer,25,51-59,'LAL',trails
566,566,566,201711050LAL,14.3,27.3,3rd quarter,10:49.0,Marc Gasol,MEM,False,3-pointer,26,54-62,'LAL',trails
567,567,567,201711050LAL,26.0,4.3,3rd quarter,10:18.0,Marc Gasol,MEM,False,2-pointer,2,54-62,'LAL',trails
572,572,572,201711050LAL,11.7,3.5,3rd quarter,7:44.0,Marc Gasol,MEM,False,2-pointer,12,60-70,'LAL',trails
576,576,576,201711050LAL,11.7,25.1,3rd quarter,5:35.0,Marc Gasol,MEM,False,3-pointer,25,60-79,'LAL',trails
591,591,591,201711050LAL,34.0,26.7,4th quarter,8:06.0,Marc Gasol,MEM,False,3-pointer,25,78-92,'LAL',trails
596,596,596,201711050LAL,27.9,29.7,4th quarter,5:04.0,Marc Gasol,MEM,True,3-pointer,26,87-99,'LAL',trails
606,606,606,201711050LAL,7.7,21.2,4th quarter,0:01.0,Marc Gasol,MEM,False,3-pointer,24,102-107,'LAL',trails
690,690,690,201711070POR,31.7,20.4,1st quarter,11:37.0,Marc Gasol,MEM,False,2-pointer,19,0-0,'POR',tied
693,693,693,201711070POR,38.3,24.1,1st quarter,9:10.0,Marc Gasol,MEM,False,3-pointer,25,3-2,'POR',leads
696,696,696,201711070POR,24.0,28.6,1st quarter,7:12.0,Marc Gasol,MEM,True,3-pointer,25,8-5,'POR',leads
700,700,700,201711070POR,26.2,6.4,1st quarter,4:31.0,Marc Gasol,MEM,True,2-pointer,4,16-8,'POR',leads
702,702,702,201711070POR,24.9,6.0,1st quarter,3:35.0,Marc Gasol,MEM,False,2-pointer,3,16-10,'POR',leads
718,718,718,201711070POR,23.4,11.9,2nd quarter,5:33.0,Marc Gasol,MEM,True,2-pointer,8,37-33,'POR',leads
724,724,724,201711070POR,32.5,27.6,2nd quarter,2:59.0,Marc Gasol,MEM,False,3-pointer,26,41-37,'POR',leads
725,725,725,201711070POR,16.6,15.6,2nd quarter,2:02.0,Marc Gasol,MEM,True,2-pointer,14,43-43,'POR',tied
732,732,732,201711070POR,11.3,16.4,3rd quarter,9:11.0,Marc Gasol,MEM,True,2-pointer,18,51-55,'POR',trails
734,734,734,201711070POR,36.9,28.9,3rd quarter,7:09.0,Marc Gasol,MEM,False,3-pointer,28,55-57,'POR',trails
737,737,737,201711070POR,24.9,6.2,3rd quarter,5:45.0,Marc Gasol,MEM,False,2-pointer,3,58-57,'POR',leads
740,740,740,201711070POR,28.1,16.6,3rd quarter,4:13.0,Marc Gasol,MEM,False,2-pointer,14,62-57,'POR',leads
742,742,742,201711070POR,19.3,17.3,3rd quarter,2:35.0,Marc Gasol,MEM,False,2-pointer,15,66-61,'POR',leads
760,760,760,201711070POR,28.0,10.1,4th quarter,1:27.0,Marc Gasol,MEM,False,2-pointer,8,93-91,'POR',leads
522,522,522,201711110HOU,22.7,3.1,1st quarter,11:17.0,Marc Gasol,MEM,False,2-pointer,1,0-3,'HOU',trails
523,523,523,201711110HOU,25.1,3.0,1st quarter,9:53.0,Marc Gasol,MEM,True,2-pointer,1,2-9,'HOU',trails
529,529,529,201711110HOU,22.4,9.2,1st quarter,7:10.0,Marc Gasol,MEM,True,2-pointer,6,7-14,'HOU',trails
531,531,531,201711110HOU,13.4,25.0,1st quarter,6:23.0,Marc Gasol,MEM,False,3-pointer,24,9-18,'HOU',trails
532,532,532,201711110HOU,24.9,4.3,1st quarter,5:44.0,Marc Gasol,MEM,False,2-pointer,1,9-21,'HOU',trails
538,538,538,201711110HOU,13.3,22.0,1st quarter,2:08.0,Marc Gasol,MEM,False,2-pointer,21,17-28,'HOU',trails
554,554,554,201711110HOU,24.5,10.3,2nd quarter,6:05.0,Marc Gasol,MEM,False,2-pointer,7,36-45,'HOU',trails
556,556,556,201711110HOU,25.3,4.7,2nd quarter,5:09.0,Marc Gasol,MEM,True,2-pointer,2,38-51,'HOU',trails
558,558,558,201711110HOU,24.0,3.1,2nd quarter,3:34.0,Marc Gasol,MEM,True,2-pointer,0,44-53,'HOU',trails
563,563,563,201711110HOU,24.9,28.3,2nd quarter,0:53.0,Marc Gasol,MEM,False,3-pointer,25,48-57,'HOU',trails
566,566,566,201711110HOU,16.1,17.7,3rd quarter,11:40.0,Marc Gasol,MEM,True,2-pointer,16,52-62,'HOU',trails
567,567,567,201711110HOU,29.4,28.8,3rd quarter,11:05.0,Marc Gasol,MEM,False,3-pointer,26,52-62,'HOU',trails
572,572,572,201711110HOU,18.3,9.2,3rd quarter,8:07.0,Marc Gasol,MEM,False,2-pointer,8,56-66,'HOU',trails
578,578,578,201711110HOU,24.0,2.4,3rd quarter,3:53.0,Marc Gasol,MEM,True,2-pointer,0,66-78,'HOU',trails
582,582,582,201711110HOU,22.6,7.2,3rd quarter,1:37.0,Marc Gasol,MEM,False,2-pointer,4,68-85,'HOU',trails
335,335,335,201711130MIL,24.7,5.0,1st quarter,9:51.0,Marc Gasol,MEM,True,2-pointer,1,4-2,'MIL',leads
341,341,341,201711130MIL,24.1,4.4,1st quarter,7:02.0,Marc Gasol,MEM,True,2-pointer,1,13-13,'MIL',tied
344,344,344,201711130MIL,16.5,30.9,1st quarter,5:33.0,Marc Gasol,MEM,False,3-pointer,28,18-15,'MIL',leads
348,348,348,201711130MIL,16.4,3.4,1st quarter,3:04.0,Marc Gasol,MEM,True,2-pointer,7,22-23,'MIL',trails
364,364,364,201711130MIL,19.8,15.7,2nd quarter,3:44.0,Marc Gasol,MEM,False,2-pointer,13,61-51,'MIL',leads
367,367,367,201711130MIL,20.9,3.1,2nd quarter,1:28.0,Marc Gasol,MEM,True,2-pointer,3,65-55,'MIL',leads
369,369,369,201711130MIL,26.4,12.3,2nd quarter,0:16.0,Marc Gasol,MEM,False,2-pointer,9,65-60,'MIL',leads
371,371,371,201711130MIL,15.2,28.2,3rd quarter,9:28.0,Marc Gasol,MEM,True,3-pointer,26,68-65,'MIL',leads
375,375,375,201711130MIL,24.6,31.1,3rd quarter,8:23.0,Marc Gasol,MEM,False,3-pointer,28,68-69,'MIL',trails
377,377,377,201711130MIL,21.2,11.1,3rd quarter,7:13.0,Marc Gasol,MEM,True,2-pointer,8,70-73,'MIL',trails
378,378,378,201711130MIL,26.2,10.3,3rd quarter,6:44.0,Marc Gasol,MEM,False,2-pointer,7,70-75,'MIL',trails
394,394,394,201711130MIL,9.6,27.8,4th quarter,7:05.0,Marc Gasol,MEM,False,3-pointer,28,94-91,'MIL',leads
397,397,397,201711130MIL,21.8,9.8,4th quarter,4:04.0,Marc Gasol,MEM,False,2-pointer,7,97-100,'MIL',trails
402,402,402,201711130MIL,24.0,3.8,4th quarter,1:50.0,Marc Gasol,MEM,False,2-pointer,0,101-107,'MIL',trails
627,627,627,201711150MEM,15.0,22.5,1st quarter,11:07.0,Marc Gasol,MEM,False,2-pointer,21,0-2,'IND',trails
628,628,628,201711150MEM,24.2,4.1,1st quarter,10:24.0,Marc Gasol,MEM,True,2-pointer,1,2-5,'IND',trails
629,629,629,201711150MEM,17.5,11.0,1st quarter,10:03.0,Marc Gasol,MEM,False,2-pointer,10,2-5,'IND',trails
634,634,634,201711150MEM,24.1,3.6,1st quarter,7:36.0,Marc Gasol,MEM,True,2-pointer,0,6-9,'IND',trails
640,640,640,201711150MEM,18.1,6.1,1st quarter,4:15.0,Marc Gasol,MEM,False,2-pointer,6,8-19,'IND',trails
641,641,641,201711150MEM,24.2,4.4,1st quarter,3:55.0,Marc Gasol,MEM,True,2-pointer,1,10-19,'IND',trails
642,642,642,201711150MEM,24.7,4.3,1st quarter,3:25.0,Marc Gasol,MEM,True,2-pointer,1,12-19,'IND',trails
644,644,644,201711150MEM,23.6,4.1,1st quarter,2:13.0,Marc Gasol,MEM,True,2-pointer,1,17-24,'IND',trails
646,646,646,201711150MEM,18.1,9.9,1st quarter,1:25.0,Marc Gasol,MEM,True,2-pointer,9,21-30,'IND',trails
657,657,657,201711150MEM,28.6,15.2,2nd quarter,6:09.0,Marc Gasol,MEM,False,2-pointer,13,39-50,'IND',trails
660,660,660,201711150MEM,20.9,28.0,2nd quarter,4:09.0,Marc Gasol,MEM,False,3-pointer,25,43-54,'IND',trails
661,661,661,201711150MEM,18.2,10.1,2nd quarter,3:36.0,Marc Gasol,MEM,True,2-pointer,9,45-54,'IND',trails
665,665,665,201711150MEM,24.7,4.3,2nd quarter,0:37.0,Marc Gasol,MEM,True,2-pointer,1,51-65,'IND',trails
669,669,669,201711150MEM,32.4,27.6,3rd quarter,10:07.0,Marc Gasol,MEM,True,3-pointer,25,64-71,'IND',trails
671,671,671,201711150MEM,14.2,3.7,3rd quarter,9:02.0,Marc Gasol,MEM,False,2-pointer,9,64-73,'IND',trails
672,672,672,201711150MEM,25.4,3.4,3rd quarter,7:35.0,Marc Gasol,MEM,False,2-pointer,1,66-78,'IND',trails
673,673,673,201711150MEM,6.0,23.0,3rd quarter,6:38.0,Marc Gasol,MEM,True,3-pointer,26,69-81,'IND',trails
679,679,679,201711150MEM,23.8,2.6,3rd quarter,3:40.0,Marc Gasol,MEM,False,2-pointer,0,74-87,'IND',trails
690,690,690,201711150MEM,38.9,6.2,4th quarter,10:13.0,Marc Gasol,MEM,False,2-pointer,15,86-103,'IND',trails
696,696,696,201711150MEM,32.1,27.3,4th quarter,5:48.0,Marc Gasol,MEM,False,3-pointer,25,98-105,'IND',trails
700,700,700,201711150MEM,41.2,21.0,4th quarter,4:20.0,Marc Gasol,MEM,True,3-pointer,24,101-108,'IND',trails
710,710,710,201711150MEM,11.4,25.2,4th quarter,0:15.0,Marc Gasol,MEM,False,3-pointer,25,110-116,'IND',trails
711,711,711,201711150MEM,18.2,11.8,4th quarter,0:12.0,Marc Gasol,MEM,True,2-pointer,10,112-116,'IND',trails
712,712,712,201711150MEM,26.1,31.3,4th quarter,0:03.0,Marc Gasol,MEM,False,3-pointer,28,113-116,'IND',trails
561,561,561,201711180MEM,13.9,5.7,1st quarter,11:43.0,Marc Gasol,MEM,False,2-pointer,10,0-0,'HOU',tied
569,569,569,201711180MEM,15.5,5.9,1st quarter,7:53.0,Marc Gasol,MEM,True,2-pointer,8,12-14,'HOU',trails
570,570,570,201711180MEM,29.6,11.3,1st quarter,7:12.0,Marc Gasol,MEM,False,2-pointer,10,12-17,'HOU',trails
575,575,575,201711180MEM,13.9,10.8,1st quarter,4:35.0,Marc Gasol,MEM,False,2-pointer,12,18-19,'HOU',trails
576,576,576,201711180MEM,23.7,9.2,1st quarter,3:58.0,Marc Gasol,MEM,False,2-pointer,6,18-21,'HOU',trails
596,596,596,201711180MEM,33.8,27.2,2nd quarter,4:42.0,Marc Gasol,MEM,True,3-pointer,26,40-51,'HOU',trails
598,598,598,201711180MEM,24.1,3.8,2nd quarter,3:44.0,Marc Gasol,MEM,True,2-pointer,0,45-51,'HOU',trails
599,599,599,201711180MEM,25.1,28.6,2nd quarter,2:30.0,Marc Gasol,MEM,False,3-pointer,25,46-51,'HOU',trails
606,606,606,201711180MEM,23.9,14.2,3rd quarter,9:41.0,Marc Gasol,MEM,True,2-pointer,11,55-63,'HOU',trails
609,609,609,201711180MEM,23.5,3.7,3rd quarter,8:12.0,Marc Gasol,MEM,False,2-pointer,0,57-68,'HOU',trails
612,612,612,201711180MEM,30.5,5.3,3rd quarter,6:24.0,Marc Gasol,MEM,True,2-pointer,6,64-70,'HOU',trails
613,613,613,201711180MEM,25.1,28.1,3rd quarter,5:55.0,Marc Gasol,MEM,False,3-pointer,25,64-70,'HOU',trails
615,615,615,201711180MEM,13.1,19.7,3rd quarter,4:09.0,Marc Gasol,MEM,False,2-pointer,19,64-78,'HOU',trails
616,616,616,201711180MEM,23.9,4.0,3rd quarter,3:51.0,Marc Gasol,MEM,True,2-pointer,1,66-78,'HOU',trails
618,618,618,201711180MEM,19.3,10.0,3rd quarter,1:29.0,Marc Gasol,MEM,False,2-pointer,8,67-79,'HOU',trails
636,636,636,201711180MEM,21.1,9.8,4th quarter,5:02.0,Marc Gasol,MEM,False,2-pointer,7,77-98,'HOU',trails
637,637,637,201711180MEM,12.6,17.9,4th quarter,4:39.0,Marc Gasol,MEM,False,2-pointer,18,77-98,'HOU',trails
597,597,597,201711200MEM,17.9,14.3,1st quarter,9:24.0,Marc Gasol,MEM,False,2-pointer,12,5-1,'POR',leads
599,599,599,201711200MEM,20.6,23.5,1st quarter,8:35.0,Marc Gasol,MEM,False,2-pointer,20,5-1,'POR',leads
602,602,602,201711200MEM,17.2,23.6,1st quarter,7:34.0,Marc Gasol,MEM,True,2-pointer,21,9-3,'POR',leads
603,603,603,201711200MEM,26.5,13.0,1st quarter,7:01.0,Marc Gasol,MEM,False,2-pointer,10,9-6,'POR',leads
604,604,604,201711200MEM,29.9,27.4,1st quarter,6:30.0,Marc Gasol,MEM,True,3-pointer,25,12-6,'POR',leads
605,605,605,201711200MEM,18.6,13.7,1st quarter,5:44.0,Marc Gasol,MEM,True,2-pointer,11,14-8,'POR',leads
609,609,609,201711200MEM,27.0,6.6,1st quarter,3:30.0,Marc Gasol,MEM,False,2-pointer,4,19-14,'POR',leads
613,613,613,201711200MEM,31.9,27.2,1st quarter,1:07.0,Marc Gasol,MEM,False,3-pointer,25,24-20,'POR',leads
627,627,627,201711200MEM,23.1,4.1,2nd quarter,5:06.0,Marc Gasol,MEM,False,2-pointer,1,29-41,'POR',trails
629,629,629,201711200MEM,30.0,27.8,2nd quarter,4:39.0,Marc Gasol,MEM,True,3-pointer,25,32-42,'POR',trails
632,632,632,201711200MEM,22.0,6.8,2nd quarter,2:40.0,Marc Gasol,MEM,False,2-pointer,4,37-47,'POR',trails
633,633,633,201711200MEM,23.1,4.1,2nd quarter,2:35.0,Marc Gasol,MEM,False,2-pointer,1,37-47,'POR',trails
641,641,641,201711200MEM,24.7,8.3,3rd quarter,11:18.0,Marc Gasol,MEM,False,2-pointer,5,48-55,'POR',trails
645,645,645,201711200MEM,24.6,28.2,3rd quarter,9:46.0,Marc Gasol,MEM,False,3-pointer,25,50-57,'POR',trails
661,661,661,201711200MEM,20.5,27.8,4th quarter,11:09.0,Marc Gasol,MEM,True,3-pointer,25,74-72,'POR',leads
662,662,662,201711200MEM,13.4,27.8,4th quarter,10:46.0,Marc Gasol,MEM,False,3-pointer,26,74-74,'POR',tied
668,668,668,201711200MEM,17.7,8.3,4th quarter,7:26.0,Marc Gasol,MEM,True,2-pointer,8,79-80,'POR',trails
669,669,669,201711200MEM,24.2,8.8,4th quarter,6:04.0,Marc Gasol,MEM,True,2-pointer,5,82-83,'POR',trails
670,670,670,201711200MEM,20.5,28.2,4th quarter,5:31.0,Marc Gasol,MEM,False,3-pointer,25,82-85,'POR',trails
680,680,680,201711200MEM,19.6,29.0,4th quarter,0:14.0,Marc Gasol,MEM,False,3-pointer,26,92-100,'POR',trails
770,770,770,201711220MEM,17.3,5.6,1st quarter,11:41.0,Marc Gasol,MEM,False,2-pointer,7,0-0,'DAL',tied
771,771,771,201711220MEM,21.6,23.6,1st quarter,10:54.0,Marc Gasol,MEM,True,2-pointer,20,2-3,'DAL',trails
775,775,775,201711220MEM,14.3,5.5,1st quarter,8:55.0,Marc Gasol,MEM,False,2-pointer,10,7-3,'DAL',leads
779,779,779,201711220MEM,23.8,6.5,1st quarter,7:27.0,Marc Gasol,MEM,False,2-pointer,3,11-5,'DAL',leads
802,802,802,201711220MEM,23.5,3.3,2nd quarter,7:28.0,Marc Gasol,MEM,True,2-pointer,0,31-25,'DAL',leads
812,812,812,201711220MEM,25.3,18.5,3rd quarter,11:13.0,Marc Gasol,MEM,False,2-pointer,15,56-39,'DAL',leads
815,815,815,201711220MEM,12.4,25.1,3rd quarter,9:40.0,Marc Gasol,MEM,False,3-pointer,24,58-45,'DAL',leads
817,817,817,201711220MEM,12.9,3.3,3rd quarter,8:37.0,Marc Gasol,MEM,False,2-pointer,11,58-47,'DAL',leads
831,831,831,201711220MEM,23.5,6.1,3rd quarter,0:53.0,Marc Gasol,MEM,False,2-pointer,3,70-70,'DAL',tied
835,835,835,201711220MEM,16.8,6.8,4th quarter,10:12.0,Marc Gasol,MEM,False,2-pointer,8,72-76,'DAL',trails
839,839,839,201711220MEM,31.1,27.6,4th quarter,7:27.0,Marc Gasol,MEM,False,3-pointer,25,78-81,'DAL',trails
840,840,840,201711220MEM,24.6,2.7,4th quarter,6:05.0,Marc Gasol,MEM,True,2-pointer,0,80-83,'DAL',trails
844,844,844,201711220MEM,21.2,8.9,4th quarter,2:40.0,Marc Gasol,MEM,True,2-pointer,6,85-87,'DAL',trails
845,845,845,201711220MEM,22.2,29.3,4th quarter,2:10.0,Marc Gasol,MEM,False,3-pointer,26,85-87,'DAL',trails
848,848,848,201711220MEM,33.1,26.6,4th quarter,0:29.0,Marc Gasol,MEM,True,3-pointer,25,92-92,'DAL',tied
735,735,735,201711240DEN,22.6,4.6,1st quarter,11:42.0,Marc Gasol,MEM,True,2-pointer,2,2-0,'DEN',leads
736,736,736,201711240DEN,15.4,20.8,1st quarter,11:02.0,Marc Gasol,MEM,True,2-pointer,19,4-2,'DEN',leads
738,738,738,201711240DEN,6.4,21.4,1st quarter,9:49.0,Marc Gasol,MEM,False,3-pointer,25,6-4,'DEN',leads
740,740,740,201711240DEN,30.6,10.1,1st quarter,8:40.0,Marc Gasol,MEM,False,2-pointer,9,8-8,'DEN',tied
754,754,754,201711240DEN,10.4,5.4,2nd quarter,11:50.0,Marc Gasol,MEM,False,2-pointer,13,18-27,'DEN',trails
756,756,756,201711240DEN,26.5,8.8,2nd quarter,9:29.0,Marc Gasol,MEM,False,2-pointer,6,20-29,'DEN',trails
757,757,757,201711240DEN,22.7,8.7,2nd quarter,9:03.0,Marc Gasol,MEM,False,2-pointer,5,20-31,'DEN',trails
765,765,765,201711240DEN,23.5,23.5,2nd quarter,4:23.0,Marc Gasol,MEM,True,2-pointer,20,34-44,'DEN',trails
768,768,768,201711240DEN,47.0,5.9,2nd quarter,2:18.0,Marc Gasol,MEM,False,3-pointer,23,36-54,'DEN',trails
769,769,769,201711240DEN,27.5,21.7,2nd quarter,1:38.0,Marc Gasol,MEM,True,2-pointer,19,40-54,'DEN',trails
777,777,777,201711240DEN,18.2,27.4,3rd quarter,9:01.0,Marc Gasol,MEM,True,3-pointer,25,50-66,'DEN',trails
778,778,778,201711240DEN,42.8,20.3,3rd quarter,8:20.0,Marc Gasol,MEM,False,3-pointer,25,50-66,'DEN',trails
788,788,788,201711240DEN,11.7,25.7,3rd quarter,2:47.0,Marc Gasol,MEM,False,3-pointer,25,64-74,'DEN',trails
238,238,238,201711260MEM,24.4,13.0,1st quarter,11:32.0,Marc Gasol,MEM,True,2-pointer,10,2-0,'MEM',leads
239,239,239,201711260MEM,33.6,8.8,1st quarter,10:59.0,Marc Gasol,MEM,False,2-pointer,11,2-0,'MEM',leads
243,243,243,201711260MEM,4.8,6.7,1st quarter,8:41.0,Marc Gasol,MEM,False,2-pointer,19,7-6,'MEM',leads
245,245,245,201711260MEM,26.6,28.4,1st quarter,7:44.0,Marc Gasol,MEM,False,3-pointer,25,9-6,'MEM',leads
247,247,247,201711260MEM,22.2,5.2,1st quarter,7:29.0,Marc Gasol,MEM,True,2-pointer,2,11-6,'MEM',leads
248,248,248,201711260MEM,23.9,3.7,1st quarter,6:56.0,Marc Gasol,MEM,True,2-pointer,0,13-6,'MEM',leads
250,250,250,201711260MEM,24.8,11.3,1st quarter,4:33.0,Marc Gasol,MEM,True,2-pointer,8,17-9,'MEM',leads
266,266,266,201711260MEM,31.5,21.1,2nd quarter,7:42.0,Marc Gasol,MEM,False,2-pointer,19,35-29,'MEM',leads
269,269,269,201711260MEM,24.4,16.2,2nd quarter,6:01.0,Marc Gasol,MEM,False,2-pointer,13,35-31,'MEM',leads
270,270,270,201711260MEM,11.9,17.9,2nd quarter,5:36.0,Marc Gasol,MEM,False,2-pointer,19,35-33,'MEM',leads
271,271,271,201711260MEM,33.8,15.5,2nd quarter,4:28.0,Marc Gasol,MEM,True,2-pointer,15,37-35,'MEM',leads
276,276,276,201711260MEM,24.4,9.9,2nd quarter,1:21.0,Marc Gasol,MEM,True,2-pointer,6,45-43,'MEM',leads
277,277,277,201711260MEM,25.8,29.2,2nd quarter,0:46.0,Marc Gasol,MEM,False,3-pointer,26,45-45,'MEM',tied
280,280,280,201711260MEM,19.3,23.5,3rd quarter,10:31.0,Marc Gasol,MEM,False,2-pointer,21,49-55,'MEM',trails
284,284,284,201711260MEM,25.7,10.9,3rd quarter,8:26.0,Marc Gasol,MEM,False,2-pointer,8,49-62,'MEM',trails
289,289,289,201711260MEM,24.0,15.4,3rd quarter,5:13.0,Marc Gasol,MEM,False,2-pointer,12,53-67,'MEM',trails
291,291,291,201711260MEM,17.1,12.3,3rd quarter,4:11.0,Marc Gasol,MEM,False,2-pointer,11,53-67,'MEM',trails
1374,1374,1374,201711290SAS,25.2,17.1,1st quarter,10:39.0,Marc Gasol,MEM,False,2-pointer,14,2-3,'SAS',trails
1381,1381,1381,201711290SAS,24.9,4.0,1st quarter,6:14.0,Marc Gasol,MEM,True,2-pointer,1,9-12,'SAS',trails
1396,1396,1396,201711290SAS,23.7,4.3,2nd quarter,8:10.0,Marc Gasol,MEM,True,2-pointer,1,33-35,'SAS',trails
1399,1399,1399,201711290SAS,23.6,3.9,2nd quarter,5:34.0,Marc Gasol,MEM,True,2-pointer,0,38-42,'SAS',trails
1401,1401,1401,201711290SAS,19.6,22.0,2nd quarter,4:28.0,Marc Gasol,MEM,False,2-pointer,19,38-46,'SAS',trails
1409,1409,1409,201711290SAS,26.1,12.2,3rd quarter,10:14.0,Marc Gasol,MEM,False,2-pointer,9,49-62,'SAS',trails
1410,1410,1410,201711290SAS,28.6,11.8,3rd quarter,9:54.0,Marc Gasol,MEM,False,2-pointer,9,49-62,'SAS',trails
1411,1411,1411,201711290SAS,24.4,2.7,3rd quarter,9:49.0,Marc Gasol,MEM,True,2-pointer,0,51-62,'SAS',trails
1424,1424,1424,201711290SAS,23.8,23.5,3rd quarter,1:47.0,Marc Gasol,MEM,False,2-pointer,20,68-77,'SAS',trails
1439,1439,1439,201711290SAS,24.3,4.1,4th quarter,5:56.0,Marc Gasol,MEM,False,2-pointer,1,83-90,'SAS',trails
1447,1447,1447,201711290SAS,23.5,12.2,4th quarter,0:51.0,Marc Gasol,MEM,False,2-pointer,9,93-104,'SAS',trails
244,244,244,201712010MEM,23.5,15.5,1st quarter,11:15.0,Marc Gasol,MEM,False,2-pointer,12,0-3,'SAS',trails
245,245,245,201712010MEM,18.9,19.7,1st quarter,10:39.0,Marc Gasol,MEM,True,2-pointer,17,2-4,'SAS',trails
249,249,249,201712010MEM,21.6,6.8,1st quarter,6:58.0,Marc Gasol,MEM,False,2-pointer,4,8-8,'SAS',tied
252,252,252,201712010MEM,15.2,21.1,1st quarter,5:38.0,Marc Gasol,MEM,True,2-pointer,20,13-10,'SAS',leads
255,255,255,201712010MEM,23.9,14.2,1st quarter,2:51.0,Marc Gasol,MEM,False,2-pointer,11,16-15,'SAS',leads
266,266,266,201712010MEM,15.0,8.5,2nd quarter,8:12.0,Marc Gasol,MEM,False,2-pointer,10,25-34,'SAS',trails
270,270,270,201712010MEM,24.0,3.5,2nd quarter,4:42.0,Marc Gasol,MEM,True,2-pointer,0,31-42,'SAS',trails
276,276,276,201712010MEM,39.4,13.7,2nd quarter,0:32.0,Marc Gasol,MEM,True,2-pointer,18,38-47,'SAS',trails
280,280,280,201712010MEM,36.1,20.1,3rd quarter,10:42.0,Marc Gasol,MEM,False,2-pointer,20,40-47,'SAS',trails
285,285,285,201712010MEM,10.1,16.7,3rd quarter,6:46.0,Marc Gasol,MEM,False,2-pointer,19,47-55,'SAS',trails
286,286,286,201712010MEM,24.7,3.6,3rd quarter,6:03.0,Marc Gasol,MEM,False,2-pointer,0,47-55,'SAS',trails
288,288,288,201712010MEM,21.6,4.6,3rd quarter,4:08.0,Marc Gasol,MEM,False,2-pointer,2,52-59,'SAS',trails
297,297,297,201712010MEM,23.4,9.8,4th quarter,9:55.0,Marc Gasol,MEM,False,2-pointer,6,59-73,'SAS',trails
299,299,299,201712010MEM,8.9,23.5,4th quarter,9:06.0,Marc Gasol,MEM,True,3-pointer,25,62-75,'SAS',trails
301,301,301,201712010MEM,23.4,8.8,4th quarter,8:02.0,Marc Gasol,MEM,True,2-pointer,5,64-75,'SAS',trails
304,304,304,201712010MEM,26.5,6.4,4th quarter,5:26.0,Marc Gasol,MEM,False,2-pointer,4,68-83,'SAS',trails
361,361,361,201712020CLE,13.7,8.3,1st quarter,11:36.0,Marc Gasol,MEM,True,2-pointer,11,2-0,'CLE',leads
365,365,365,201712020CLE,26.2,15.0,1st quarter,9:19.0,Marc Gasol,MEM,True,2-pointer,12,12-9,'CLE',leads
371,371,371,201712020CLE,9.7,5.0,1st quarter,6:27.0,Marc Gasol,MEM,True,2-pointer,14,20-11,'CLE',leads
374,374,374,201712020CLE,12.3,8.0,1st quarter,4:54.0,Marc Gasol,MEM,True,2-pointer,12,22-13,'CLE',leads
375,375,375,201712020CLE,17.5,21.5,1st quarter,4:26.0,Marc Gasol,MEM,True,2-pointer,19,24-13,'CLE',leads
382,382,382,201712020CLE,27.8,16.2,1st quarter,0:29.0,Marc Gasol,MEM,False,2-pointer,13,30-25,'CLE',leads
385,385,385,201712020CLE,31.1,21.7,2nd quarter,11:06.0,Marc Gasol,MEM,False,2-pointer,20,34-28,'CLE',leads
387,387,387,201712020CLE,24.9,12.8,2nd quarter,10:06.0,Marc Gasol,MEM,True,2-pointer,9,36-30,'CLE',leads
388,388,388,201712020CLE,30.6,22.7,2nd quarter,9:30.0,Marc Gasol,MEM,False,2-pointer,20,36-33,'CLE',leads
394,394,394,201712020CLE,22.4,13.5,2nd quarter,4:31.0,Marc Gasol,MEM,True,2-pointer,10,47-49,'CLE',trails
396,396,396,201712020CLE,18.3,13.3,2nd quarter,3:22.0,Marc Gasol,MEM,False,2-pointer,11,47-52,'CLE',trails
398,398,398,201712020CLE,22.0,12.8,2nd quarter,2:23.0,Marc Gasol,MEM,False,2-pointer,10,47-58,'CLE',trails
400,400,400,201712020CLE,23.1,11.9,2nd quarter,1:10.0,Marc Gasol,MEM,False,2-pointer,8,50-61,'CLE',trails
408,408,408,201712020CLE,35.2,5.7,3rd quarter,8:58.0,Marc Gasol,MEM,True,2-pointer,11,61-74,'CLE',trails
424,424,424,201712020CLE,38.5,12.6,3rd quarter,0:12.0,Marc Gasol,MEM,True,2-pointer,17,82-93,'CLE',trails
425,425,425,201712020CLE,21.6,28.4,4th quarter,11:47.0,Marc Gasol,MEM,True,3-pointer,25,85-93,'CLE',trails
427,427,427,201712020CLE,22.2,23.7,4th quarter,10:32.0,Marc Gasol,MEM,True,2-pointer,20,89-95,'CLE',trails
429,429,429,201712020CLE,25.8,9.9,4th quarter,8:51.0,Marc Gasol,MEM,True,2-pointer,7,91-99,'CLE',trails
430,430,430,201712020CLE,12.5,27.7,4th quarter,8:18.0,Marc Gasol,MEM,False,3-pointer,27,91-99,'CLE',trails
436,436,436,201712020CLE,29.4,7.3,4th quarter,6:25.0,Marc Gasol,MEM,False,2-pointer,6,96-105,'CLE',trails
437,437,437,201712020CLE,11.2,25.2,4th quarter,5:54.0,Marc Gasol,MEM,False,3-pointer,25,96-107,'CLE',trails
438,438,438,201712020CLE,26.6,4.8,4th quarter,4:47.0,Marc Gasol,MEM,False,2-pointer,3,96-107,'CLE',trails
444,444,444,201712020CLE,0.6,2.4,4th quarter,0:03.0,Marc Gasol,MEM,False,3-pointer,23,111-116,'CLE',trails
1087,1087,1087,201712040MEM,29.7,23.6,1st quarter,9:03.0,Marc Gasol,MEM,False,2-pointer,21,6-7,'MEM',trails
1089,1089,1089,201712040MEM,23.7,3.9,1st quarter,8:22.0,Marc Gasol,MEM,True,2-pointer,0,10-7,'MEM',leads
1090,1090,1090,201712040MEM,29.2,27.7,1st quarter,7:16.0,Marc Gasol,MEM,True,3-pointer,25,13-11,'MEM',leads
1092,1092,1092,201712040MEM,27.5,8.2,1st quarter,6:00.0,Marc Gasol,MEM,False,2-pointer,6,15-13,'MEM',leads
1094,1094,1094,201712040MEM,19.1,11.3,1st quarter,4:42.0,Marc Gasol,MEM,False,2-pointer,9,17-17,'MEM',tied
1095,1095,1095,201712040MEM,13.8,8.2,1st quarter,4:02.0,Marc Gasol,MEM,True,2-pointer,11,19-17,'MEM',leads
1113,1113,1113,201712040MEM,17.8,4.4,2nd quarter,5:33.0,Marc Gasol,MEM,False,2-pointer,6,44-40,'MEM',leads
1118,1118,1118,201712040MEM,25.8,8.2,2nd quarter,2:31.0,Marc Gasol,MEM,False,2-pointer,5,49-50,'MEM',trails
1123,1123,1123,201712040MEM,15.1,22.3,3rd quarter,11:27.0,Marc Gasol,MEM,True,2-pointer,21,58-55,'MEM',leads
1128,1128,1128,201712040MEM,22.8,13.4,3rd quarter,7:22.0,Marc Gasol,MEM,True,2-pointer,10,68-61,'MEM',leads
1132,1132,1132,201712040MEM,33.8,19.4,3rd quarter,5:03.0,Marc Gasol,MEM,False,2-pointer,19,68-67,'MEM',leads
1146,1146,1146,201712040MEM,19.1,28.7,4th quarter,7:29.0,Marc Gasol,MEM,False,3-pointer,26,84-84,'MEM',tied
1148,1148,1148,201712040MEM,27.7,7.4,4th quarter,6:26.0,Marc Gasol,MEM,False,2-pointer,5,84-86,'MEM',trails
1150,1150,1150,201712040MEM,23.9,4.3,4th quarter,3:25.0,Marc Gasol,MEM,True,2-pointer,1,93-90,'MEM',leads
1215,1215,1215,201712060NYK,14.0,8.5,1st quarter,10:20.0,Marc Gasol,MEM,False,2-pointer,11,2-4,'NYK',trails
1220,1220,1220,201712060NYK,27.8,13.6,1st quarter,8:17.0,Marc Gasol,MEM,True,2-pointer,11,10-10,'NYK',tied
1221,1221,1221,201712060NYK,23.7,25.3,1st quarter,6:59.0,Marc Gasol,MEM,True,2-pointer,22,12-14,'NYK',trails
1222,1222,1222,201712060NYK,15.8,10.5,1st quarter,6:08.0,Marc Gasol,MEM,True,2-pointer,11,14-16,'NYK',trails
1224,1224,1224,201712060NYK,15.4,23.9,1st quarter,5:12.0,Marc Gasol,MEM,False,2-pointer,22,17-18,'NYK',trails
1248,1248,1248,201712060NYK,36.8,25.6,3rd quarter,9:05.0,Marc Gasol,MEM,False,3-pointer,25,51-58,'NYK',trails
1250,1250,1250,201712060NYK,23.4,11.0,3rd quarter,7:55.0,Marc Gasol,MEM,False,2-pointer,8,51-63,'NYK',trails
1258,1258,1258,201712060NYK,32.0,3.8,3rd quarter,2:52.0,Marc Gasol,MEM,False,2-pointer,8,61-71,'NYK',trails
1266,1266,1266,201712060NYK,23.4,9.5,4th quarter,8:31.0,Marc Gasol,MEM,True,2-pointer,6,71-84,'NYK',trails
1268,1268,1268,201712060NYK,35.4,25.1,4th quarter,7:45.0,Marc Gasol,MEM,True,3-pointer,24,74-86,'NYK',trails
1269,1269,1269,201712060NYK,35.3,25.2,4th quarter,6:58.0,Marc Gasol,MEM,False,3-pointer,24,74-86,'NYK',trails
1281,1281,1281,201712060NYK,7.7,24.7,4th quarter,0:41.0,Marc Gasol,MEM,False,3-pointer,27,85-99,'NYK',trails
622,622,622,201712080MEM,14.3,27.2,1st quarter,10:36.0,Marc Gasol,MEM,True,3-pointer,26,5-2,'TOR',leads
625,625,625,201712080MEM,24.2,4.0,1st quarter,8:43.0,Marc Gasol,MEM,True,2-pointer,1,10-4,'TOR',leads
630,630,630,201712080MEM,25.2,4.0,1st quarter,5:44.0,Marc Gasol,MEM,True,2-pointer,1,19-14,'TOR',leads
632,632,632,201712080MEM,24.3,3.1,1st quarter,3:29.0,Marc Gasol,MEM,True,2-pointer,0,24-21,'TOR',leads
646,646,646,201712080MEM,13.4,21.7,2nd quarter,8:19.0,Marc Gasol,MEM,True,2-pointer,21,45-30,'TOR',leads
647,647,647,201712080MEM,33.5,28.7,2nd quarter,7:47.0,Marc Gasol,MEM,False,3-pointer,27,47-30,'TOR',leads
649,649,649,201712080MEM,20.7,20.2,2nd quarter,6:54.0,Marc Gasol,MEM,False,2-pointer,17,49-36,'TOR',leads
651,651,651,201712080MEM,11.3,7.1,2nd quarter,6:17.0,Marc Gasol,MEM,False,2-pointer,13,49-36,'TOR',leads
655,655,655,201712080MEM,21.9,6.4,2nd quarter,4:16.0,Marc Gasol,MEM,False,2-pointer,3,54-43,'TOR',leads
656,656,656,201712080MEM,24.0,3.5,2nd quarter,3:47.0,Marc Gasol,MEM,False,2-pointer,0,54-46,'TOR',leads
658,658,658,201712080MEM,32.1,23.6,2nd quarter,2:36.0,Marc Gasol,MEM,False,2-pointer,22,54-50,'TOR',leads
665,665,665,201712080MEM,14.1,11.8,3rd quarter,11:38.0,Marc Gasol,MEM,True,2-pointer,13,64-57,'TOR',leads
669,669,669,201712080MEM,5.7,1.6,3rd quarter,9:20.0,Marc Gasol,MEM,True,2-pointer,18,70-59,'TOR',leads
672,672,672,201712080MEM,15.8,27.3,3rd quarter,8:13.0,Marc Gasol,MEM,False,3-pointer,25,72-62,'TOR',leads
690,690,690,201712080MEM,30.5,5.2,4th quarter,7:27.0,Marc Gasol,MEM,False,2-pointer,6,97-102,'TOR',trails
698,698,698,201712080MEM,35.1,26.5,4th quarter,2:03.0,Marc Gasol,MEM,False,3-pointer,25,104-114,'TOR',trails
1102,1102,1102,201712090MEM,15.0,23.3,1st quarter,9:02.0,Marc Gasol,MEM,True,2-pointer,22,8-6,'OKC',leads
1104,1104,1104,201712090MEM,31.4,27.5,1st quarter,8:07.0,Marc Gasol,MEM,True,3-pointer,25,15-6,'OKC',leads
1108,1108,1108,201712090MEM,14.9,6.8,1st quarter,5:17.0,Marc Gasol,MEM,False,2-pointer,9,19-13,'OKC',leads
1126,1126,1126,201712090MEM,24.7,3.8,2nd quarter,7:17.0,Marc Gasol,MEM,True,2-pointer,1,43-26,'OKC',leads
1127,1127,1127,201712090MEM,26.9,9.2,2nd quarter,6:28.0,Marc Gasol,MEM,True,2-pointer,6,45-28,'OKC',leads
1130,1130,1130,201712090MEM,15.1,27.2,2nd quarter,4:54.0,Marc Gasol,MEM,False,3-pointer,25,50-32,'OKC',leads
1136,1136,1136,201712090MEM,25.1,4.1,2nd quarter,1:26.0,Marc Gasol,MEM,False,2-pointer,1,50-43,'OKC',leads
1143,1143,1143,201712090MEM,12.8,26.6,3rd quarter,9:52.0,Marc Gasol,MEM,False,3-pointer,26,60-51,'OKC',leads
1149,1149,1149,201712090MEM,24.4,5.9,3rd quarter,6:38.0,Marc Gasol,MEM,False,2-pointer,2,63-57,'OKC',leads
1162,1162,1162,201712090MEM,18.0,15.1,4th quarter,10:47.0,Marc Gasol,MEM,False,2-pointer,13,69-70,'OKC',trails
1169,1169,1169,201712090MEM,18.3,28.3,4th quarter,6:19.0,Marc Gasol,MEM,True,3-pointer,25,82-81,'OKC',leads
1170,1170,1170,201712090MEM,30.3,28.4,4th quarter,5:47.0,Marc Gasol,MEM,False,3-pointer,26,82-81,'OKC',leads
1173,1173,1173,201712090MEM,24.4,10.4,4th quarter,4:09.0,Marc Gasol,MEM,False,2-pointer,7,84-83,'OKC',leads
1175,1175,1175,201712090MEM,17.8,10.0,4th quarter,3:06.0,Marc Gasol,MEM,True,2-pointer,9,86-85,'OKC',leads
1176,1176,1176,201712090MEM,23.7,4.0,4th quarter,2:22.0,Marc Gasol,MEM,True,2-pointer,1,88-88,'OKC',tied
1182,1182,1182,201712090MEM,13.1,11.4,1st overtime,2:26.0,Marc Gasol,MEM,True,2-pointer,13,98-95,'OKC',leads
1184,1184,1184,201712090MEM,16.8,10.8,1st overtime,0:26.0,Marc Gasol,MEM,False,2-pointer,10,101-98,'OKC',leads
741,741,741,201712110MEM,24.3,5.5,1st quarter,11:43.0,Marc Gasol,MEM,True,2-pointer,2,2-0,'MIA',leads
744,744,744,201712110MEM,18.3,8.5,1st quarter,10:04.0,Marc Gasol,MEM,False,2-pointer,7,5-2,'MIA',leads
751,751,751,201712110MEM,16.4,6.0,1st quarter,6:35.0,Marc Gasol,MEM,False,2-pointer,8,10-9,'MIA',leads
753,753,753,201712110MEM,24.1,3.1,1st quarter,3:54.0,Marc Gasol,MEM,True,2-pointer,0,14-17,'MIA',trails
768,768,768,201712110MEM,20.2,12.2,2nd quarter,7:26.0,Marc Gasol,MEM,False,2-pointer,9,30-30,'MIA',tied
772,772,772,201712110MEM,23.6,6.5,2nd quarter,4:19.0,Marc Gasol,MEM,False,2-pointer,3,34-36,'MIA',trails
775,775,775,201712110MEM,17.8,29.1,2nd quarter,1:15.0,Marc Gasol,MEM,True,3-pointer,26,40-40,'MIA',tied
780,780,780,201712110MEM,9.9,25.5,3rd quarter,9:29.0,Marc Gasol,MEM,False,3-pointer,26,47-46,'MIA',leads
782,782,782,201712110MEM,23.1,4.3,3rd quarter,7:51.0,Marc Gasol,MEM,False,2-pointer,1,49-48,'MIA',leads
783,783,783,201712110MEM,24.0,2.4,3rd quarter,7:49.0,Marc Gasol,MEM,False,2-pointer,0,49-48,'MIA',leads
784,784,784,201712110MEM,31.4,27.6,3rd quarter,7:07.0,Marc Gasol,MEM,False,3-pointer,25,50-50,'MIA',tied
786,786,786,201712110MEM,23.1,3.6,3rd quarter,4:52.0,Marc Gasol,MEM,True,2-pointer,1,56-57,'MIA',trails
801,801,801,201712110MEM,16.2,28.4,4th quarter,5:44.0,Marc Gasol,MEM,True,3-pointer,26,75-90,'MIA',trails
805,805,805,201712110MEM,0.6,11.6,4th quarter,3:33.0,Marc Gasol,MEM,False,3-pointer,24,75-97,'MIA',trails
1378,1378,1378,201712130WAS,12.6,13.1,1st quarter,8:46.0,Marc Gasol,MEM,False,2-pointer,15,4-4,'WAS',tied
1385,1385,1385,201712130WAS,15.9,26.2,1st quarter,4:59.0,Marc Gasol,MEM,False,3-pointer,24,7-13,'WAS',trails
1386,1386,1386,201712130WAS,13.3,6.0,1st quarter,3:26.0,Marc Gasol,MEM,False,2-pointer,11,7-15,'WAS',trails
1387,1387,1387,201712130WAS,24.9,5.0,1st quarter,2:49.0,Marc Gasol,MEM,True,2-pointer,2,9-17,'WAS',trails
1401,1401,1401,201712130WAS,35.4,15.7,2nd quarter,6:06.0,Marc Gasol,MEM,False,2-pointer,17,23-29,'WAS',trails
1404,1404,1404,201712130WAS,21.9,9.7,2nd quarter,2:58.0,Marc Gasol,MEM,False,2-pointer,7,27-36,'WAS',trails
1405,1405,1405,201712130WAS,23.1,5.0,2nd quarter,2:15.0,Marc Gasol,MEM,False,2-pointer,2,27-36,'WAS',trails
1411,1411,1411,201712130WAS,23.5,3.8,3rd quarter,10:04.0,Marc Gasol,MEM,True,2-pointer,0,33-46,'WAS',trails
1413,1413,1413,201712130WAS,12.5,18.2,3rd quarter,9:14.0,Marc Gasol,MEM,False,2-pointer,19,33-48,'WAS',trails
1419,1419,1419,201712130WAS,23.1,28.1,3rd quarter,5:42.0,Marc Gasol,MEM,True,3-pointer,25,43-54,'WAS',trails
1421,1421,1421,201712130WAS,24.0,2.6,3rd quarter,4:35.0,Marc Gasol,MEM,True,2-pointer,0,45-54,'WAS',trails
1422,1422,1422,201712130WAS,30.9,26.8,3rd quarter,4:08.0,Marc Gasol,MEM,False,3-pointer,24,45-54,'WAS',trails
1430,1430,1430,201712130WAS,26.4,29.4,3rd quarter,0:27.0,Marc Gasol,MEM,False,3-pointer,26,57-60,'WAS',trails
1444,1444,1444,201712130WAS,0.3,10.8,4th quarter,3:44.0,Marc Gasol,MEM,False,3-pointer,24,74-83,'WAS',trails
1447,1447,1447,201712130WAS,24.6,3.7,4th quarter,2:34.0,Marc Gasol,MEM,True,2-pointer,0,80-83,'WAS',trails
1448,1448,1448,201712130WAS,24.6,4.3,4th quarter,2:01.0,Marc Gasol,MEM,False,2-pointer,1,80-86,'WAS',trails
968,968,968,201712150MEM,20.1,14.1,1st quarter,7:59.0,Marc Gasol,MEM,False,2-pointer,11,6-7,'MEM',trails
970,970,970,201712150MEM,26.0,22.9,1st quarter,6:15.0,Marc Gasol,MEM,False,2-pointer,20,6-9,'MEM',trails
993,993,993,201712150MEM,27.7,22.0,2nd quarter,3:29.0,Marc Gasol,MEM,False,2-pointer,19,34-37,'MEM',trails
998,998,998,201712150MEM,23.8,28.6,3rd quarter,11:44.0,Marc Gasol,MEM,True,3-pointer,25,43-47,'MEM',trails
999,999,999,201712150MEM,25.1,28.6,3rd quarter,11:05.0,Marc Gasol,MEM,True,3-pointer,25,46-47,'MEM',trails
1000,1000,1000,201712150MEM,34.4,12.2,3rd quarter,10:13.0,Marc Gasol,MEM,False,2-pointer,13,46-47,'MEM',trails
1003,1003,1003,201712150MEM,9.0,17.8,3rd quarter,8:51.0,Marc Gasol,MEM,False,2-pointer,21,46-52,'MEM',trails
1005,1005,1005,201712150MEM,21.4,15.2,3rd quarter,8:08.0,Marc Gasol,MEM,False,2-pointer,12,46-52,'MEM',trails
1013,1013,1013,201712150MEM,23.8,3.0,3rd quarter,2:09.0,Marc Gasol,MEM,True,2-pointer,0,65-70,'MEM',trails
572,572,572,201712160MEM,11.4,17.2,1st quarter,10:45.0,Marc Gasol,MEM,True,2-pointer,18,2-4,'BOS',trails
578,578,578,201712160MEM,25.5,29.7,1st quarter,7:08.0,Marc Gasol,MEM,False,3-pointer,26,5-9,'BOS',trails
579,579,579,201712160MEM,27.2,13.7,1st quarter,5:48.0,Marc Gasol,MEM,False,2-pointer,11,5-14,'BOS',trails
581,581,581,201712160MEM,16.9,10.3,1st quarter,4:02.0,Marc Gasol,MEM,False,2-pointer,10,8-20,'BOS',trails
604,604,604,201712160MEM,13.4,19.4,2nd quarter,2:24.0,Marc Gasol,MEM,True,2-pointer,19,35-42,'BOS',trails
605,605,605,201712160MEM,26.7,19.8,2nd quarter,1:51.0,Marc Gasol,MEM,True,2-pointer,17,37-42,'BOS',trails
608,608,608,201712160MEM,24.3,16.3,2nd quarter,0:00.0,Marc Gasol,MEM,False,2-pointer,13,40-48,'BOS',trails
609,609,609,201712160MEM,24.0,28.5,3rd quarter,11:46.0,Marc Gasol,MEM,False,3-pointer,25,40-48,'BOS',trails
613,613,613,201712160MEM,29.5,10.4,3rd quarter,9:52.0,Marc Gasol,MEM,True,2-pointer,9,48-50,'BOS',trails
615,615,615,201712160MEM,11.1,17.2,3rd quarter,7:58.0,Marc Gasol,MEM,True,2-pointer,19,53-53,'BOS',tied
616,616,616,201712160MEM,15.3,9.2,3rd quarter,7:16.0,Marc Gasol,MEM,True,2-pointer,10,55-55,'BOS',tied
617,617,617,201712160MEM,29.1,28.5,3rd quarter,6:51.0,Marc Gasol,MEM,True,3-pointer,26,58-58,'BOS',tied
622,622,622,201712160MEM,14.0,20.4,3rd quarter,3:09.0,Marc Gasol,MEM,True,2-pointer,20,62-69,'BOS',trails
624,624,624,201712160MEM,12.2,25.9,3rd quarter,1:53.0,Marc Gasol,MEM,True,3-pointer,25,65-69,'BOS',trails
626,626,626,201712160MEM,11.5,25.2,3rd quarter,1:18.0,Marc Gasol,MEM,True,3-pointer,25,68-69,'BOS',trails
627,627,627,201712160MEM,19.6,8.8,3rd quarter,0:48.0,Marc Gasol,MEM,False,2-pointer,7,68-69,'BOS',trails
629,629,629,201712160MEM,12.9,27.3,3rd quarter,0:08.0,Marc Gasol,MEM,True,3-pointer,26,73-71,'BOS',leads
636,636,636,201712160MEM,18.9,24.8,4th quarter,6:48.0,Marc Gasol,MEM,False,2-pointer,22,73-87,'BOS',trails
646,646,646,201712160MEM,19.3,14.3,4th quarter,1:04.0,Marc Gasol,MEM,False,2-pointer,12,91-102,'BOS',trails
1144,1144,1144,201712200GSW,24.1,13.5,1st quarter,11:46.0,Marc Gasol,MEM,False,2-pointer,10,0-0,'GSW',tied
1148,1148,1148,201712200GSW,28.6,30.2,1st quarter,10:00.0,Marc Gasol,MEM,True,3-pointer,27,6-2,'GSW',leads
1151,1151,1151,201712200GSW,19.8,14.4,1st quarter,7:52.0,Marc Gasol,MEM,False,2-pointer,12,11-7,'GSW',leads
1153,1153,1153,201712200GSW,12.6,2.3,1st quarter,7:01.0,Marc Gasol,MEM,False,2-pointer,11,11-9,'GSW',leads
1154,1154,1154,201712200GSW,13.7,16.5,1st quarter,6:29.0,Marc Gasol,MEM,False,2-pointer,16,11-11,'GSW',tied
1173,1173,1173,201712200GSW,24.0,9.6,2nd quarter,8:07.0,Marc Gasol,MEM,True,2-pointer,6,34-35,'GSW',trails
1174,1174,1174,201712200GSW,12.7,25.5,2nd quarter,7:37.0,Marc Gasol,MEM,True,3-pointer,25,37-38,'GSW',trails
1175,1175,1175,201712200GSW,7.4,22.0,2nd quarter,7:06.0,Marc Gasol,MEM,False,3-pointer,25,37-41,'GSW',trails
1177,1177,1177,201712200GSW,20.3,18.6,2nd quarter,5:05.0,Marc Gasol,MEM,True,2-pointer,16,40-45,'GSW',trails
1179,1179,1179,201712200GSW,20.7,28.2,2nd quarter,3:58.0,Marc Gasol,MEM,False,3-pointer,25,40-48,'GSW',trails
1187,1187,1187,201712200GSW,32.1,18.5,3rd quarter,8:29.0,Marc Gasol,MEM,False,2-pointer,17,51-60,'GSW',trails
1189,1189,1189,201712200GSW,24.9,21.1,3rd quarter,7:33.0,Marc Gasol,MEM,False,2-pointer,18,51-62,'GSW',trails
1195,1195,1195,201712200GSW,16.9,11.0,3rd quarter,1:58.0,Marc Gasol,MEM,False,2-pointer,10,61-70,'GSW',trails
1214,1214,1214,201712200GSW,10.6,26.8,4th quarter,5:38.0,Marc Gasol,MEM,False,3-pointer,27,74-84,'GSW',trails
1217,1217,1217,201712200GSW,23.5,10.8,4th quarter,3:52.0,Marc Gasol,MEM,True,2-pointer,7,77-89,'GSW',trails
510,510,510,201712210PHO,9.3,5.2,1st quarter,7:23.0,Marc Gasol,MEM,False,2-pointer,14,12-7,'PHO',leads
511,511,511,201712210PHO,35.0,20.9,1st quarter,7:09.0,Marc Gasol,MEM,False,2-pointer,21,12-7,'PHO',leads
522,522,522,201712210PHO,20.8,28.0,1st quarter,0:40.0,Marc Gasol,MEM,False,3-pointer,25,25-21,'PHO',leads
525,525,525,201712210PHO,23.8,24.0,2nd quarter,10:54.0,Marc Gasol,MEM,False,2-pointer,21,26-29,'PHO',trails
528,528,528,201712210PHO,11.0,17.0,2nd quarter,10:05.0,Marc Gasol,MEM,True,2-pointer,19,28-29,'PHO',trails
530,530,530,201712210PHO,16.9,27.5,2nd quarter,9:04.0,Marc Gasol,MEM,False,3-pointer,25,30-31,'PHO',trails
537,537,537,201712210PHO,24.2,5.0,2nd quarter,5:40.0,Marc Gasol,MEM,True,2-pointer,2,38-40,'PHO',trails
544,544,544,201712210PHO,20.2,4.7,2nd quarter,0:45.0,Marc Gasol,MEM,False,2-pointer,4,49-60,'PHO',trails
552,552,552,201712210PHO,7.9,17.3,3rd quarter,9:48.0,Marc Gasol,MEM,True,2-pointer,21,57-67,'PHO',trails
553,553,553,201712210PHO,23.9,4.0,3rd quarter,9:07.0,Marc Gasol,MEM,True,2-pointer,1,59-69,'PHO',trails
554,554,554,201712210PHO,15.5,27.1,3rd quarter,8:32.0,Marc Gasol,MEM,True,3-pointer,25,62-71,'PHO',trails
556,556,556,201712210PHO,20.7,28.9,3rd quarter,7:13.0,Marc Gasol,MEM,False,3-pointer,26,66-73,'PHO',trails
559,559,559,201712210PHO,13.9,14.1,3rd quarter,6:05.0,Marc Gasol,MEM,True,2-pointer,15,68-73,'PHO',trails
560,560,560,201712210PHO,22.2,29.0,3rd quarter,4:01.0,Marc Gasol,MEM,False,3-pointer,26,70-75,'PHO',trails
568,568,568,201712210PHO,31.3,27.8,3rd quarter,0:03.0,Marc Gasol,MEM,False,3-pointer,25,81-79,'PHO',leads
578,578,578,201712210PHO,16.2,27.6,4th quarter,5:35.0,Marc Gasol,MEM,False,3-pointer,25,92-92,'PHO',tied
582,582,582,201712210PHO,25.1,5.8,4th quarter,2:25.0,Marc Gasol,MEM,False,2-pointer,3,95-94,'PHO',leads
584,584,584,201712210PHO,23.9,4.3,4th quarter,2:13.0,Marc Gasol,MEM,False,2-pointer,1,95-94,'PHO',leads
585,585,585,201712210PHO,23.9,4.3,4th quarter,2:13.0,Marc Gasol,MEM,False,2-pointer,1,95-94,'PHO',leads
1112,1112,1112,201712230MEM,20.0,24.0,1st quarter,10:25.0,Marc Gasol,MEM,False,2-pointer,21,3-4,'MEM',trails
1122,1122,1122,201712230MEM,23.5,7.3,1st quarter,6:15.0,Marc Gasol,MEM,False,2-pointer,4,18-22,'MEM',trails
1143,1143,1143,201712230MEM,24.0,2.4,2nd quarter,7:23.0,Marc Gasol,MEM,True,2-pointer,0,44-45,'MEM',trails
1144,1144,1144,201712230MEM,13.5,21.8,2nd quarter,7:03.0,Marc Gasol,MEM,True,2-pointer,21,46-47,'MEM',trails
1145,1145,1145,201712230MEM,16.8,3.2,2nd quarter,6:27.0,Marc Gasol,MEM,True,2-pointer,7,48-49,'MEM',trails
1146,1146,1146,201712230MEM,32.8,27.8,2nd quarter,5:59.0,Marc Gasol,MEM,False,3-pointer,26,48-49,'MEM',trails
1157,1157,1157,201712230MEM,24.0,2.4,2nd quarter,0:39.0,Marc Gasol,MEM,False,2-pointer,0,61-59,'MEM',leads
1160,1160,1160,201712230MEM,17.4,13.7,3rd quarter,10:31.0,Marc Gasol,MEM,False,2-pointer,12,69-60,'MEM',leads
1162,1162,1162,201712230MEM,44.9,17.7,3rd quarter,9:53.0,Marc Gasol,MEM,False,3-pointer,25,69-60,'MEM',leads
1164,1164,1164,201712230MEM,14.1,4.8,3rd quarter,8:38.0,Marc Gasol,MEM,False,2-pointer,10,69-63,'MEM',leads
1167,1167,1167,201712230MEM,13.5,20.6,3rd quarter,6:06.0,Marc Gasol,MEM,False,2-pointer,20,71-66,'MEM',leads
1170,1170,1170,201712230MEM,23.5,4.3,3rd quarter,3:53.0,Marc Gasol,MEM,True,2-pointer,1,79-74,'MEM',leads
1177,1177,1177,201712230MEM,17.9,11.9,3rd quarter,0:09.0,Marc Gasol,MEM,False,2-pointer,10,90-81,'MEM',leads
1180,1180,1180,201712230MEM,23.9,4.8,4th quarter,10:12.0,Marc Gasol,MEM,True,2-pointer,1,94-84,'MEM',leads
1190,1190,1190,201712230MEM,13.4,26.8,4th quarter,4:00.0,Marc Gasol,MEM,True,3-pointer,26,112-97,'MEM',leads
1194,1194,1194,201712230MEM,23.7,2.7,4th quarter,2:41.0,Marc Gasol,MEM,True,2-pointer,0,114-102,'MEM',leads
1039,1039,1039,201712260PHO,26.9,24.8,1st quarter,11:29.0,Marc Gasol,MEM,True,2-pointer,21,2-2,'PHO',tied
1045,1045,1045,201712260PHO,34.5,20.6,1st quarter,8:28.0,Marc Gasol,MEM,True,2-pointer,20,8-4,'PHO',leads
1050,1050,1050,201712260PHO,15.4,8.3,1st quarter,5:29.0,Marc Gasol,MEM,False,2-pointer,10,10-17,'PHO',trails
1052,1052,1052,201712260PHO,8.0,22.8,1st quarter,5:17.0,Marc Gasol,MEM,False,3-pointer,25,10-17,'PHO',trails
1054,1054,1054,201712260PHO,28.1,6.2,1st quarter,4:01.0,Marc Gasol,MEM,False,2-pointer,5,10-19,'PHO',trails
1067,1067,1067,201712260PHO,23.8,11.5,2nd quarter,8:55.0,Marc Gasol,MEM,True,2-pointer,8,28-32,'PHO',trails
1071,1071,1071,201712260PHO,20.2,4.1,2nd quarter,6:13.0,Marc Gasol,MEM,False,2-pointer,3,32-37,'PHO',trails
1089,1089,1089,201712260PHO,18.2,28.4,3rd quarter,8:55.0,Marc Gasol,MEM,False,3-pointer,26,58-61,'PHO',trails
1092,1092,1092,201712260PHO,21.6,11.5,3rd quarter,7:22.0,Marc Gasol,MEM,False,2-pointer,8,61-62,'PHO',trails
1093,1093,1093,201712260PHO,15.7,23.6,3rd quarter,7:17.0,Marc Gasol,MEM,False,2-pointer,22,61-62,'PHO',trails
1098,1098,1098,201712260PHO,34.0,25.5,3rd quarter,4:33.0,Marc Gasol,MEM,False,3-pointer,24,65-70,'PHO',trails
1099,1099,1099,201712260PHO,23.2,3.5,3rd quarter,3:34.0,Marc Gasol,MEM,True,2-pointer,0,67-70,'PHO',trails
1111,1111,1111,201712260PHO,24.2,28.9,4th quarter,8:24.0,Marc Gasol,MEM,False,3-pointer,25,82-82,'PHO',tied
1113,1113,1113,201712260PHO,24.4,22.9,4th quarter,7:08.0,Marc Gasol,MEM,False,2-pointer,19,82-86,'PHO',trails
1115,1115,1115,201712260PHO,22.8,8.9,4th quarter,5:39.0,Marc Gasol,MEM,False,2-pointer,6,82-89,'PHO',trails
1119,1119,1119,201712260PHO,24.2,2.5,4th quarter,2:35.0,Marc Gasol,MEM,False,2-pointer,0,88-93,'PHO',trails
849,849,849,201712270LAL,33.5,12.2,1st quarter,10:31.0,Marc Gasol,MEM,False,2-pointer,13,2-2,'LAL',tied
850,850,850,201712270LAL,19.9,17.2,1st quarter,10:16.0,Marc Gasol,MEM,True,2-pointer,14,4-2,'LAL',leads
854,854,854,201712270LAL,24.6,4.5,1st quarter,6:44.0,Marc Gasol,MEM,True,2-pointer,1,10-4,'LAL',leads
871,871,871,201712270LAL,13.9,27.1,2nd quarter,7:26.0,Marc Gasol,MEM,False,3-pointer,26,30-29,'LAL',leads
875,875,875,201712270LAL,22.9,5.1,2nd quarter,5:45.0,Marc Gasol,MEM,False,2-pointer,2,35-33,'LAL',leads
878,878,878,201712270LAL,22.3,3.8,2nd quarter,4:56.0,Marc Gasol,MEM,True,2-pointer,1,39-33,'LAL',leads
892,892,892,201712270LAL,11.2,24.1,3rd quarter,6:26.0,Marc Gasol,MEM,False,3-pointer,24,62-56,'LAL',leads
893,893,893,201712270LAL,27.8,4.9,3rd quarter,5:44.0,Marc Gasol,MEM,True,2-pointer,4,64-58,'LAL',leads
913,913,913,201712270LAL,10.5,9.3,4th quarter,4:31.0,Marc Gasol,MEM,False,2-pointer,14,98-88,'LAL',leads
916,916,916,201712270LAL,23.5,8.0,4th quarter,2:59.0,Marc Gasol,MEM,False,2-pointer,5,100-90,'LAL',leads
525,525,525,201712300GSW,16.9,27.1,1st quarter,7:53.0,Marc Gasol,MEM,True,3-pointer,25,12-18,'GSW',trails
526,526,526,201712300GSW,25.2,10.2,1st quarter,7:21.0,Marc Gasol,MEM,True,2-pointer,7,14-18,'GSW',trails
529,529,529,201712300GSW,24.0,9.8,1st quarter,6:07.0,Marc Gasol,MEM,False,2-pointer,6,17-21,'GSW',trails
530,530,530,201712300GSW,23.5,5.1,1st quarter,6:02.0,Marc Gasol,MEM,True,2-pointer,2,19-21,'GSW',trails
531,531,531,201712300GSW,24.7,3.5,1st quarter,5:39.0,Marc Gasol,MEM,True,2-pointer,0,21-24,'GSW',trails
532,532,532,201712300GSW,7.1,21.9,1st quarter,5:17.0,Marc Gasol,MEM,True,3-pointer,25,24-26,'GSW',trails
552,552,552,201712300GSW,12.1,5.1,2nd quarter,5:45.0,Marc Gasol,MEM,True,2-pointer,12,55-57,'GSW',trails
557,557,557,201712300GSW,7.4,13.1,2nd quarter,4:02.0,Marc Gasol,MEM,False,2-pointer,19,57-64,'GSW',trails
563,563,563,201712300GSW,19.7,14.7,2nd quarter,1:14.0,Marc Gasol,MEM,True,2-pointer,12,65-76,'GSW',trails
570,570,570,201712300GSW,11.2,18.2,3rd quarter,11:05.0,Marc Gasol,MEM,True,2-pointer,19,69-80,'GSW',trails
571,571,571,201712300GSW,11.3,27.7,3rd quarter,10:43.0,Marc Gasol,MEM,True,3-pointer,27,72-82,'GSW',trails
572,572,572,201712300GSW,22.4,29.7,3rd quarter,10:16.0,Marc Gasol,MEM,True,3-pointer,26,75-85,'GSW',trails
584,584,584,201712300GSW,11.9,12.0,3rd quarter,3:03.0,Marc Gasol,MEM,False,2-pointer,15,87-103,'GSW',trails
1068,1068,1068,201712310SAC,32.4,26.8,1st quarter,8:36.0,Marc Gasol,MEM,False,3-pointer,25,5-5,'SAC',tied
1070,1070,1070,201712310SAC,21.5,18.2,1st quarter,7:38.0,Marc Gasol,MEM,True,2-pointer,15,7-5,'SAC',leads
1074,1074,1074,201712310SAC,27.6,29.3,1st quarter,5:22.0,Marc Gasol,MEM,True,3-pointer,26,15-7,'SAC',leads
1094,1094,1094,201712310SAC,37.1,17.9,2nd quarter,4:29.0,Marc Gasol,MEM,False,2-pointer,19,52-34,'SAC',leads
1098,1098,1098,201712310SAC,8.7,16.2,2nd quarter,2:00.0,Marc Gasol,MEM,True,2-pointer,20,56-40,'SAC',leads
1107,1107,1107,201712310SAC,12.3,11.0,3rd quarter,7:57.0,Marc Gasol,MEM,False,2-pointer,14,74-50,'SAC',leads
1108,1108,1108,201712310SAC,31.3,5.5,3rd quarter,7:30.0,Marc Gasol,MEM,False,2-pointer,7,74-50,'SAC',leads
1110,1110,1110,201712310SAC,8.8,22.4,3rd quarter,5:31.0,Marc Gasol,MEM,False,3-pointer,24,77-51,'SAC',leads
196,196,196,201801020LAC,22.3,20.5,2nd quarter,7:05.0,Marc Gasol,MEM,True,2-pointer,17,49-43,'MEM',leads
202,202,202,201801020LAC,29.9,14.0,2nd quarter,4:01.0,Marc Gasol,MEM,False,2-pointer,12,53-54,'MEM',trails
205,205,205,201801020LAC,37.1,25.6,2nd quarter,2:14.0,Marc Gasol,MEM,False,3-pointer,26,58-61,'MEM',trails
210,210,210,201801020LAC,13.5,22.8,3rd quarter,11:26.0,Marc Gasol,MEM,False,2-pointer,22,62-70,'MEM',trails
215,215,215,201801020LAC,13.2,18.3,3rd quarter,8:39.0,Marc Gasol,MEM,True,2-pointer,18,68-72,'MEM',trails
223,223,223,201801020LAC,11.2,2.9,3rd quarter,5:51.0,Marc Gasol,MEM,False,2-pointer,12,76-75,'MEM',leads
227,227,227,201801020LAC,18.6,9.4,3rd quarter,2:42.0,Marc Gasol,MEM,False,2-pointer,8,84-77,'MEM',leads
230,230,230,201801020LAC,15.4,28.8,3rd quarter,1:32.0,Marc Gasol,MEM,False,3-pointer,27,84-80,'MEM',leads
243,243,243,201801020LAC,24.0,4.6,4th quarter,3:06.0,Marc Gasol,MEM,True,2-pointer,1,98-103,'MEM',trails
246,246,246,201801020LAC,30.5,27.8,4th quarter,1:02.0,Marc Gasol,MEM,False,3-pointer,25,103-108,'MEM',trails
787,787,787,201801050MEM,28.0,14.5,1st quarter,10:04.0,Marc Gasol,MEM,True,2-pointer,12,4-3,'MEM',leads
790,790,790,201801050MEM,34.3,14.9,1st quarter,8:57.0,Marc Gasol,MEM,False,2-pointer,15,4-5,'MEM',trails
792,792,792,201801050MEM,13.7,26.2,1st quarter,7:54.0,Marc Gasol,MEM,True,3-pointer,25,9-5,'MEM',leads
797,797,797,201801050MEM,7.2,23.1,1st quarter,5:26.0,Marc Gasol,MEM,True,3-pointer,26,17-12,'MEM',leads
798,798,798,201801050MEM,34.9,21.0,1st quarter,4:31.0,Marc Gasol,MEM,False,2-pointer,21,17-16,'MEM',leads
799,799,799,201801050MEM,15.0,5.6,1st quarter,4:04.0,Marc Gasol,MEM,False,2-pointer,9,17-18,'MEM',trails
827,827,827,201801050MEM,24.0,9.4,3rd quarter,9:55.0,Marc Gasol,MEM,False,2-pointer,6,52-63,'MEM',trails
829,829,829,201801050MEM,39.2,23.2,3rd quarter,9:10.0,Marc Gasol,MEM,False,3-pointer,25,55-63,'MEM',trails
834,834,834,201801050MEM,24.5,3.5,3rd quarter,6:09.0,Marc Gasol,MEM,False,2-pointer,0,61-68,'MEM',trails
835,835,835,201801050MEM,12.5,9.5,3rd quarter,5:22.0,Marc Gasol,MEM,False,2-pointer,13,61-72,'MEM',trails
837,837,837,201801050MEM,23.7,3.5,3rd quarter,3:44.0,Marc Gasol,MEM,True,2-pointer,0,68-77,'MEM',trails
838,838,838,201801050MEM,25.0,27.9,3rd quarter,3:08.0,Marc Gasol,MEM,False,3-pointer,24,68-79,'MEM',trails
839,839,839,201801050MEM,27.2,14.2,3rd quarter,2:12.0,Marc Gasol,MEM,False,2-pointer,11,70-82,'MEM',trails
856,856,856,201801050MEM,16.7,27.3,4th quarter,7:24.0,Marc Gasol,MEM,False,3-pointer,25,80-91,'MEM',trails
861,861,861,201801050MEM,23.7,3.8,4th quarter,2:38.0,Marc Gasol,MEM,True,2-pointer,0,89-97,'MEM',trails
1110,1110,1110,201801100MEM,13.3,15.4,1st quarter,8:15.0,Marc Gasol,MEM,True,2-pointer,16,10-10,'NOP',tied
1114,1114,1114,201801100MEM,33.3,6.1,1st quarter,6:49.0,Marc Gasol,MEM,True,2-pointer,9,12-12,'NOP',tied
1117,1117,1117,201801100MEM,35.2,26.7,1st quarter,5:19.0,Marc Gasol,MEM,True,3-pointer,26,17-18,'NOP',trails
1119,1119,1119,201801100MEM,24.0,3.4,1st quarter,4:30.0,Marc Gasol,MEM,True,2-pointer,0,19-20,'NOP',trails
1141,1141,1141,201801100MEM,24.6,3.9,2nd quarter,4:35.0,Marc Gasol,MEM,True,2-pointer,1,50-48,'NOP',leads
1157,1157,1157,201801100MEM,17.0,29.2,3rd quarter,9:29.0,Marc Gasol,MEM,False,3-pointer,27,64-63,'NOP',leads
1163,1163,1163,201801100MEM,10.4,25.0,3rd quarter,6:11.0,Marc Gasol,MEM,False,3-pointer,25,73-68,'NOP',leads
1174,1174,1174,201801100MEM,32.2,20.3,4th quarter,11:41.0,Marc Gasol,MEM,True,2-pointer,19,79-70,'NOP',leads
1176,1176,1176,201801100MEM,20.0,7.6,4th quarter,10:18.0,Marc Gasol,MEM,False,2-pointer,6,81-73,'NOP',leads
1178,1178,1178,201801100MEM,14.1,8.4,4th quarter,7:38.0,Marc Gasol,MEM,False,2-pointer,11,84-79,'NOP',leads
1180,1180,1180,201801100MEM,25.4,19.0,4th quarter,6:12.0,Marc Gasol,MEM,False,2-pointer,16,87-85,'NOP',leads
1185,1185,1185,201801100MEM,34.3,21.3,4th quarter,3:08.0,Marc Gasol,MEM,False,2-pointer,20,92-93,'NOP',trails
1187,1187,1187,201801100MEM,20.5,10.9,4th quarter,2:26.0,Marc Gasol,MEM,True,2-pointer,8,96-95,'NOP',leads
1188,1188,1188,201801100MEM,3.9,1.4,4th quarter,1:52.0,Marc Gasol,MEM,True,2-pointer,20,98-95,'NOP',leads
322,322,322,201801120DEN,26.0,3.9,1st quarter,10:29.0,Marc Gasol,MEM,False,2-pointer,2,2-0,'DEN',leads
325,325,325,201801120DEN,34.3,24.5,1st quarter,8:33.0,Marc Gasol,MEM,False,3-pointer,23,8-5,'DEN',leads
330,330,330,201801120DEN,25.9,28.2,1st quarter,6:57.0,Marc Gasol,MEM,True,3-pointer,25,13-8,'DEN',leads
331,331,331,201801120DEN,9.1,10.1,1st quarter,6:12.0,Marc Gasol,MEM,False,2-pointer,16,13-8,'DEN',leads
333,333,333,201801120DEN,27.9,9.2,1st quarter,4:38.0,Marc Gasol,MEM,True,2-pointer,7,18-8,'DEN',leads
335,335,335,201801120DEN,23.0,19.6,1st quarter,3:33.0,Marc Gasol,MEM,True,2-pointer,16,22-8,'DEN',leads
348,348,348,201801120DEN,11.5,6.1,2nd quarter,6:45.0,Marc Gasol,MEM,False,2-pointer,12,32-29,'DEN',leads
351,351,351,201801120DEN,22.7,7.5,2nd quarter,5:24.0,Marc Gasol,MEM,True,2-pointer,4,36-33,'DEN',leads
352,352,352,201801120DEN,23.2,11.0,2nd quarter,4:09.0,Marc Gasol,MEM,False,2-pointer,8,38-38,'DEN',tied
356,356,356,201801120DEN,31.7,26.4,2nd quarter,1:28.0,Marc Gasol,MEM,False,3-pointer,24,44-41,'DEN',leads
359,359,359,201801120DEN,38.1,6.3,3rd quarter,11:28.0,Marc Gasol,MEM,True,2-pointer,14,49-45,'DEN',leads
362,362,362,201801120DEN,14.2,8.7,3rd quarter,9:07.0,Marc Gasol,MEM,False,2-pointer,11,49-47,'DEN',leads
367,367,367,201801120DEN,21.5,27.4,3rd quarter,6:26.0,Marc Gasol,MEM,False,3-pointer,24,54-52,'DEN',leads
370,370,370,201801120DEN,26.9,9.4,3rd quarter,4:01.0,Marc Gasol,MEM,True,2-pointer,7,56-58,'DEN',trails
371,371,371,201801120DEN,28.1,27.3,3rd quarter,3:23.0,Marc Gasol,MEM,False,3-pointer,24,56-58,'DEN',trails
383,383,383,201801120DEN,19.5,12.0,4th quarter,8:10.0,Marc Gasol,MEM,True,2-pointer,10,66-73,'DEN',trails
385,385,385,201801120DEN,20.1,3.6,4th quarter,6:32.0,Marc Gasol,MEM,False,2-pointer,3,66-77,'DEN',trails
392,392,392,201801120DEN,16.4,27.6,4th quarter,1:46.0,Marc Gasol,MEM,False,3-pointer,25,76-86,'DEN',trails
395,395,395,201801120DEN,24.2,5.2,4th quarter,0:44.0,Marc Gasol,MEM,True,2-pointer,2,78-87,'DEN',trails
1129,1129,1129,201801150MEM,29.8,14.7,1st quarter,10:37.0,Marc Gasol,MEM,True,2-pointer,13,5-2,'LAL',leads
1131,1131,1131,201801150MEM,17.8,9.1,1st quarter,9:38.0,Marc Gasol,MEM,False,2-pointer,8,5-4,'LAL',leads
1135,1135,1135,201801150MEM,14.7,2.6,1st quarter,7:20.0,Marc Gasol,MEM,True,2-pointer,9,15-6,'LAL',leads
1136,1136,1136,201801150MEM,22.6,17.7,1st quarter,6:38.0,Marc Gasol,MEM,False,2-pointer,14,15-8,'LAL',leads
1139,1139,1139,201801150MEM,28.6,13.6,1st quarter,4:10.0,Marc Gasol,MEM,False,2-pointer,11,22-16,'LAL',leads
1160,1160,1160,201801150MEM,23.7,3.4,2nd quarter,2:53.0,Marc Gasol,MEM,False,2-pointer,0,54-41,'LAL',leads
1163,1163,1163,201801150MEM,28.4,8.5,2nd quarter,1:40.0,Marc Gasol,MEM,True,2-pointer,7,56-42,'LAL',leads
1164,1164,1164,201801150MEM,16.1,17.8,2nd quarter,1:14.0,Marc Gasol,MEM,True,2-pointer,16,58-45,'LAL',leads
1170,1170,1170,201801150MEM,28.7,28.2,3rd quarter,9:07.0,Marc Gasol,MEM,False,3-pointer,25,65-58,'LAL',leads
1173,1173,1173,201801150MEM,26.0,6.6,3rd quarter,8:08.0,Marc Gasol,MEM,False,2-pointer,4,67-58,'LAL',leads
1175,1175,1175,201801150MEM,22.4,12.4,3rd quarter,7:17.0,Marc Gasol,MEM,False,2-pointer,9,67-63,'LAL',leads
1200,1200,1200,201801150MEM,24.6,3.7,4th quarter,6:10.0,Marc Gasol,MEM,True,2-pointer,0,113-97,'LAL',leads
1202,1202,1202,201801150MEM,33.8,26.7,4th quarter,5:08.0,Marc Gasol,MEM,False,3-pointer,25,116-100,'LAL',leads
1203,1203,1203,201801150MEM,23.4,3.4,4th quarter,4:13.0,Marc Gasol,MEM,True,2-pointer,0,118-105,'LAL',leads
736,736,736,201801190MEM,26.7,21.8,1st quarter,11:15.0,Marc Gasol,MEM,True,2-pointer,18,2-0,'SAC',leads
775,775,775,201801190MEM,30.2,23.8,2nd quarter,3:07.0,Marc Gasol,MEM,True,2-pointer,21,37-34,'SAC',leads
778,778,778,201801190MEM,9.0,11.2,2nd quarter,1:49.0,Marc Gasol,MEM,False,2-pointer,17,40-36,'SAC',leads
782,782,782,201801190MEM,21.0,29.5,3rd quarter,11:31.0,Marc Gasol,MEM,False,3-pointer,26,40-40,'SAC',tied
787,787,787,201801190MEM,23.9,3.4,3rd quarter,7:59.0,Marc Gasol,MEM,False,2-pointer,0,49-42,'SAC',leads
788,788,788,201801190MEM,17.5,8.5,3rd quarter,7:32.0,Marc Gasol,MEM,True,2-pointer,8,51-42,'SAC',leads
875,875,875,201801200NOP,37.8,18.2,1st quarter,7:56.0,Marc Gasol,MEM,False,2-pointer,20,8-12,'NOP',trails
876,876,876,201801200NOP,34.6,9.7,1st quarter,7:30.0,Marc Gasol,MEM,False,2-pointer,12,8-12,'NOP',trails
892,892,892,201801200NOP,11.5,15.5,2nd quarter,10:59.0,Marc Gasol,MEM,False,2-pointer,17,20-36,'NOP',trails
898,898,898,201801200NOP,37.0,17.1,2nd quarter,6:39.0,Marc Gasol,MEM,True,2-pointer,19,27-44,'NOP',trails
902,902,902,201801200NOP,24.2,16.1,2nd quarter,4:40.0,Marc Gasol,MEM,False,2-pointer,13,30-49,'NOP',trails
910,910,910,201801200NOP,34.8,25.3,3rd quarter,11:35.0,Marc Gasol,MEM,True,3-pointer,24,47-59,'NOP',trails
916,916,916,201801200NOP,12.1,26.6,3rd quarter,8:15.0,Marc Gasol,MEM,True,3-pointer,26,60-61,'NOP',trails
934,934,934,201801200NOP,23.9,13.0,4th quarter,8:23.0,Marc Gasol,MEM,False,2-pointer,10,87-92,'NOP',trails
937,937,937,201801200NOP,11.0,25.8,4th quarter,7:23.0,Marc Gasol,MEM,False,3-pointer,26,91-96,'NOP',trails
941,941,941,201801200NOP,14.0,26.5,4th quarter,5:00.0,Marc Gasol,MEM,True,3-pointer,25,96-101,'NOP',trails
947,947,947,201801200NOP,47.0,2.5,4th quarter,0:35.0,Marc Gasol,MEM,False,3-pointer,23,104-108,'NOP',trails
1089,1089,1089,201801220MEM,17.0,27.7,1st quarter,10:51.0,Marc Gasol,MEM,True,3-pointer,25,3-5,'MEM',trails
1090,1090,1090,201801220MEM,6.0,10.1,1st quarter,10:19.0,Marc Gasol,MEM,False,2-pointer,19,3-5,'MEM',trails
1094,1094,1094,201801220MEM,27.8,28.1,1st quarter,7:23.0,Marc Gasol,MEM,False,3-pointer,25,7-13,'MEM',trails
1097,1097,1097,201801220MEM,18.2,7.6,1st quarter,5:53.0,Marc Gasol,MEM,False,2-pointer,7,9-13,'MEM',trails
1109,1109,1109,201801220MEM,8.1,13.4,2nd quarter,8:16.0,Marc Gasol,MEM,True,2-pointer,18,30-36,'MEM',trails
1110,1110,1110,201801220MEM,25.8,29.0,2nd quarter,7:42.0,Marc Gasol,MEM,False,3-pointer,26,30-38,'MEM',trails
1112,1112,1112,201801220MEM,24.0,3.5,2nd quarter,6:31.0,Marc Gasol,MEM,False,2-pointer,0,33-42,'MEM',trails
1116,1116,1116,201801220MEM,20.7,11.1,2nd quarter,5:08.0,Marc Gasol,MEM,True,2-pointer,8,37-42,'MEM',trails
1125,1125,1125,201801220MEM,33.2,26.2,3rd quarter,10:53.0,Marc Gasol,MEM,True,3-pointer,24,54-58,'MEM',trails
1127,1127,1127,201801220MEM,27.8,12.2,3rd quarter,9:52.0,Marc Gasol,MEM,False,2-pointer,9,54-58,'MEM',trails
1134,1134,1134,201801220MEM,20.4,28.6,3rd quarter,7:18.0,Marc Gasol,MEM,False,3-pointer,25,54-65,'MEM',trails
1157,1157,1157,201801220MEM,24.0,3.9,4th quarter,5:45.0,Marc Gasol,MEM,True,2-pointer,0,94-95,'MEM',trails
1158,1158,1158,201801220MEM,23.1,18.0,4th quarter,5:03.0,Marc Gasol,MEM,False,2-pointer,15,94-95,'MEM',trails
1159,1159,1159,201801220MEM,15.8,27.5,4th quarter,4:16.0,Marc Gasol,MEM,True,3-pointer,25,98-95,'MEM',leads
1133,1133,1133,201801240MEM,23.5,3.7,1st quarter,6:46.0,Marc Gasol,MEM,False,2-pointer,0,4-9,'SAS',trails
1137,1137,1137,201801240MEM,21.2,8.5,1st quarter,5:07.0,Marc Gasol,MEM,True,2-pointer,6,8-12,'SAS',trails
1139,1139,1139,201801240MEM,17.3,27.9,1st quarter,4:03.0,Marc Gasol,MEM,True,3-pointer,25,11-16,'SAS',trails
1158,1158,1158,201801240MEM,9.5,19.0,2nd quarter,6:24.0,Marc Gasol,MEM,True,2-pointer,21,31-40,'SAS',trails
1160,1160,1160,201801240MEM,22.7,28.4,2nd quarter,3:52.0,Marc Gasol,MEM,False,3-pointer,25,32-43,'SAS',trails
1163,1163,1163,201801240MEM,22.8,3.6,2nd quarter,3:01.0,Marc Gasol,MEM,False,2-pointer,1,32-45,'SAS',trails
1169,1169,1169,201801240MEM,11.0,5.1,3rd quarter,10:39.0,Marc Gasol,MEM,True,2-pointer,13,42-54,'SAS',trails
1170,1170,1170,201801240MEM,36.1,15.0,3rd quarter,10:15.0,Marc Gasol,MEM,True,2-pointer,17,44-54,'SAS',trails
1173,1173,1173,201801240MEM,34.4,27.3,3rd quarter,7:56.0,Marc Gasol,MEM,False,3-pointer,26,46-61,'SAS',trails
1175,1175,1175,201801240MEM,18.5,6.2,3rd quarter,7:42.0,Marc Gasol,MEM,False,2-pointer,6,46-61,'SAS',trails
1176,1176,1176,201801240MEM,18.3,7.5,3rd quarter,7:06.0,Marc Gasol,MEM,False,2-pointer,7,46-61,'SAS',trails
1182,1182,1182,201801240MEM,24.0,2.4,3rd quarter,2:54.0,Marc Gasol,MEM,True,2-pointer,0,56-71,'SAS',trails
1199,1199,1199,201801240MEM,33.2,26.9,4th quarter,5:00.0,Marc Gasol,MEM,False,3-pointer,25,78-94,'SAS',trails
773,773,773,201801260MEM,36.6,5.6,1st quarter,9:56.0,Marc Gasol,MEM,False,2-pointer,12,7-2,'MEM',leads
779,779,779,201801260MEM,2.0,5.7,1st quarter,7:14.0,Marc Gasol,MEM,False,3-pointer,22,11-8,'MEM',leads
780,780,780,201801260MEM,22.0,21.8,1st quarter,6:52.0,Marc Gasol,MEM,True,2-pointer,18,13-10,'MEM',leads
781,781,781,201801260MEM,25.3,4.1,1st quarter,6:14.0,Marc Gasol,MEM,True,2-pointer,1,15-12,'MEM',leads
782,782,782,201801260MEM,24.3,5.1,1st quarter,5:24.0,Marc Gasol,MEM,False,2-pointer,2,15-12,'MEM',leads
784,784,784,201801260MEM,31.4,4.9,1st quarter,4:07.0,Marc Gasol,MEM,False,2-pointer,7,15-14,'MEM',leads
798,798,798,201801260MEM,23.8,27.5,2nd quarter,6:53.0,Marc Gasol,MEM,True,3-pointer,24,35-37,'MEM',trails
805,805,805,201801260MEM,12.2,27.1,2nd quarter,2:29.0,Marc Gasol,MEM,False,3-pointer,26,45-53,'MEM',trails
819,819,819,201801260MEM,21.8,29.4,3rd quarter,3:10.0,Marc Gasol,MEM,False,3-pointer,26,70-74,'MEM',trails
830,830,830,201801260MEM,13.3,18.2,4th quarter,10:03.0,Marc Gasol,MEM,True,2-pointer,18,78-88,'MEM',trails
831,831,831,201801260MEM,41.2,21.6,4th quarter,9:38.0,Marc Gasol,MEM,False,3-pointer,25,78-88,'MEM',trails
833,833,833,201801260MEM,15.5,27.4,4th quarter,8:19.0,Marc Gasol,MEM,True,3-pointer,25,81-92,'MEM',trails
836,836,836,201801260MEM,24.3,28.9,4th quarter,6:28.0,Marc Gasol,MEM,False,3-pointer,25,83-96,'MEM',trails
844,844,844,201801260MEM,32.1,4.6,4th quarter,2:10.0,Marc Gasol,MEM,False,2-pointer,8,95-105,'MEM',trails
756,756,756,201801290MEM,23.8,4.6,1st quarter,8:35.0,Marc Gasol,MEM,True,2-pointer,1,5-9,'PHO',trails
760,760,760,201801290MEM,9.7,3.7,1st quarter,5:42.0,Marc Gasol,MEM,True,2-pointer,14,9-14,'PHO',trails
761,761,761,201801290MEM,14.0,29.5,1st quarter,5:05.0,Marc Gasol,MEM,False,3-pointer,28,9-14,'PHO',trails
763,763,763,201801290MEM,24.0,15.5,1st quarter,4:05.0,Marc Gasol,MEM,False,2-pointer,12,9-15,'PHO',trails
764,764,764,201801290MEM,27.7,29.2,1st quarter,4:00.0,Marc Gasol,MEM,False,3-pointer,26,9-15,'PHO',trails
788,788,788,201801290MEM,22.9,4.1,2nd quarter,2:12.0,Marc Gasol,MEM,True,2-pointer,1,53-40,'PHO',leads
796,796,796,201801290MEM,25.4,17.7,3rd quarter,10:30.0,Marc Gasol,MEM,False,2-pointer,14,64-54,'PHO',leads
802,802,802,201801290MEM,24.6,10.9,3rd quarter,8:36.0,Marc Gasol,MEM,True,2-pointer,7,70-54,'PHO',leads
807,807,807,201801290MEM,19.9,28.0,3rd quarter,5:07.0,Marc Gasol,MEM,False,3-pointer,25,79-59,'PHO',leads
811,811,811,201801290MEM,1.5,4.6,3rd quarter,2:39.0,Marc Gasol,MEM,True,3-pointer,22,86-61,'PHO',leads
651,651,651,201801310IND,24.0,3.6,1st quarter,11:32.0,Marc Gasol,MEM,False,2-pointer,0,0-0,'IND',tied
655,655,655,201801310IND,1.3,1.9,1st quarter,9:40.0,Marc Gasol,MEM,False,3-pointer,22,5-3,'IND',leads
657,657,657,201801310IND,25.2,4.9,1st quarter,8:47.0,Marc Gasol,MEM,False,2-pointer,2,7-4,'IND',leads
658,658,658,201801310IND,35.7,19.1,1st quarter,8:20.0,Marc Gasol,MEM,True,2-pointer,19,9-4,'IND',leads
660,660,660,201801310IND,25.4,13.1,1st quarter,6:44.0,Marc Gasol,MEM,False,2-pointer,10,11-8,'IND',leads
661,661,661,201801310IND,31.0,6.7,1st quarter,6:06.0,Marc Gasol,MEM,True,2-pointer,7,13-10,'IND',leads
664,664,664,201801310IND,19.8,20.2,1st quarter,4:34.0,Marc Gasol,MEM,False,2-pointer,17,15-15,'IND',tied
666,666,666,201801310IND,31.0,9.8,1st quarter,2:33.0,Marc Gasol,MEM,True,2-pointer,9,17-17,'IND',tied
682,682,682,201801310IND,31.9,6.5,2nd quarter,4:48.0,Marc Gasol,MEM,False,2-pointer,8,42-41,'IND',leads
685,685,685,201801310IND,12.1,27.0,2nd quarter,4:02.0,Marc Gasol,MEM,True,3-pointer,26,47-45,'IND',leads
689,689,689,201801310IND,38.5,14.0,2nd quarter,2:00.0,Marc Gasol,MEM,True,2-pointer,18,51-49,'IND',leads
693,693,693,201801310IND,33.6,26.3,3rd quarter,11:21.0,Marc Gasol,MEM,True,3-pointer,25,56-55,'IND',leads
697,697,697,201801310IND,24.6,3.6,3rd quarter,8:18.0,Marc Gasol,MEM,True,2-pointer,0,62-64,'IND',trails
699,699,699,201801310IND,35.3,7.1,3rd quarter,6:33.0,Marc Gasol,MEM,False,2-pointer,12,64-69,'IND',trails
704,704,704,201801310IND,4.7,23.5,3rd quarter,2:52.0,Marc Gasol,MEM,True,3-pointer,28,74-77,'IND',trails
722,722,722,201801310IND,18.5,16.2,4th quarter,3:54.0,Marc Gasol,MEM,True,2-pointer,14,95-99,'IND',trails
729,729,729,201801310IND,16.3,10.8,4th quarter,0:15.0,Marc Gasol,MEM,False,2-pointer,10,101-102,'IND',trails
731,731,731,201801310IND,12.5,27.8,4th quarter,0:00.0,Marc Gasol,MEM,False,3-pointer,27,101-105,'IND',trails
193,193,193,201802010DET,1.9,15.0,1st quarter,10:52.0,Marc Gasol,MEM,True,3-pointer,25,3-0,'DET',leads
198,198,198,201802010DET,33.6,25.6,1st quarter,8:15.0,Marc Gasol,MEM,False,3-pointer,24,8-7,'DET',leads
203,203,203,201802010DET,38.5,24.8,1st quarter,5:41.0,Marc Gasol,MEM,False,3-pointer,26,8-15,'DET',trails
213,213,213,201802010DET,12.2,9.1,1st quarter,2:40.0,Marc Gasol,MEM,False,2-pointer,13,14-22,'DET',trails
233,233,233,201802010DET,12.0,0.8,2nd quarter,5:44.0,Marc Gasol,MEM,False,2-pointer,12,42-41,'DET',leads
236,236,236,201802010DET,22.6,4.4,2nd quarter,3:53.0,Marc Gasol,MEM,True,2-pointer,1,46-48,'DET',trails
237,237,237,201802010DET,3.1,18.5,2nd quarter,3:09.0,Marc Gasol,MEM,False,3-pointer,26,47-48,'DET',trails
239,239,239,201802010DET,28.3,9.6,2nd quarter,1:24.0,Marc Gasol,MEM,False,2-pointer,7,49-51,'DET',trails
242,242,242,201802010DET,37.1,26.0,3rd quarter,11:48.0,Marc Gasol,MEM,False,3-pointer,26,51-51,'DET',tied
243,243,243,201802010DET,24.0,6.8,3rd quarter,11:06.0,Marc Gasol,MEM,False,2-pointer,3,51-53,'DET',trails
248,248,248,201802010DET,36.3,4.0,3rd quarter,9:27.0,Marc Gasol,MEM,True,2-pointer,12,58-56,'DET',leads
253,253,253,201802010DET,10.3,11.0,3rd quarter,5:55.0,Marc Gasol,MEM,True,2-pointer,15,64-64,'DET',tied
254,254,254,201802010DET,21.7,12.0,3rd quarter,5:14.0,Marc Gasol,MEM,True,2-pointer,9,68-66,'DET',leads
255,255,255,201802010DET,5.4,25.1,3rd quarter,4:47.0,Marc Gasol,MEM,False,3-pointer,28,68-68,'DET',tied
258,258,258,201802010DET,19.0,8.3,3rd quarter,3:34.0,Marc Gasol,MEM,False,2-pointer,7,68-72,'DET',trails
275,275,275,201802010DET,25.8,7.3,4th quarter,5:38.0,Marc Gasol,MEM,True,2-pointer,4,96-94,'DET',leads
276,276,276,201802010DET,16.9,21.8,4th quarter,5:00.0,Marc Gasol,MEM,False,2-pointer,20,96-94,'DET',leads
281,281,281,201802010DET,15.2,0.6,4th quarter,1:24.0,Marc Gasol,MEM,False,2-pointer,9,100-101,'DET',trails
282,282,282,201802010DET,4.3,25.1,4th quarter,0:50.0,Marc Gasol,MEM,False,3-pointer,29,100-101,'DET',trails
283,283,283,201802010DET,32.7,2.7,4th quarter,0:15.0,Marc Gasol,MEM,False,2-pointer,8,100-101,'DET',trails
285,285,285,201802010DET,26.2,39.4,4th quarter,0:00.0,Marc Gasol,MEM,False,3-pointer,36,102-104,'DET',trails
870,870,870,201802040TOR,11.7,5.7,1st quarter,10:38.0,Marc Gasol,MEM,True,2-pointer,12,5-2,'TOR',leads
871,871,871,201802040TOR,23.0,3.8,1st quarter,9:58.0,Marc Gasol,MEM,True,2-pointer,1,7-4,'TOR',leads
872,872,872,201802040TOR,14.4,26.9,1st quarter,9:36.0,Marc Gasol,MEM,False,3-pointer,25,8-4,'TOR',leads
874,874,874,201802040TOR,22.5,29.3,1st quarter,7:51.0,Marc Gasol,MEM,False,3-pointer,26,10-9,'TOR',leads
875,875,875,201802040TOR,27.8,8.7,1st quarter,7:19.0,Marc Gasol,MEM,True,2-pointer,6,12-11,'TOR',leads
881,881,881,201802040TOR,24.1,18.7,1st quarter,5:12.0,Marc Gasol,MEM,False,2-pointer,15,17-13,'TOR',leads
883,883,883,201802040TOR,24.0,2.4,1st quarter,4:40.0,Marc Gasol,MEM,False,2-pointer,0,17-13,'TOR',leads
885,885,885,201802040TOR,23.8,9.9,1st quarter,4:02.0,Marc Gasol,MEM,True,2-pointer,6,19-16,'TOR',leads
900,900,900,201802040TOR,12.3,3.0,2nd quarter,6:14.0,Marc Gasol,MEM,False,2-pointer,11,32-41,'TOR',trails
908,908,908,201802040TOR,18.1,28.8,2nd quarter,0:20.0,Marc Gasol,MEM,True,3-pointer,26,44-55,'TOR',trails
911,911,911,201802040TOR,22.2,28.6,3rd quarter,8:30.0,Marc Gasol,MEM,True,3-pointer,25,51-60,'TOR',trails
913,913,913,201802040TOR,4.4,20.9,3rd quarter,7:08.0,Marc Gasol,MEM,False,3-pointer,26,54-62,'TOR',trails
916,916,916,201802040TOR,8.6,3.7,3rd quarter,5:52.0,Marc Gasol,MEM,False,2-pointer,15,59-64,'TOR',trails
924,924,924,201802040TOR,24.2,15.7,3rd quarter,1:15.0,Marc Gasol,MEM,False,2-pointer,12,74-74,'TOR',tied
937,937,937,201802040TOR,28.2,5.1,4th quarter,7:11.0,Marc Gasol,MEM,False,2-pointer,4,78-88,'TOR',trails
939,939,939,201802040TOR,14.2,4.2,4th quarter,6:10.0,Marc Gasol,MEM,False,2-pointer,9,80-90,'TOR',trails
4,4,4,201802060ATL,22.2,7.8,1st quarter,9:44.0,Marc Gasol,MEM,True,2-pointer,5,4-4,'MEM',tied
6,6,6,201802060ATL,14.4,25.3,1st quarter,7:42.0,Marc Gasol,MEM,False,3-pointer,24,6-6,'MEM',tied
8,8,8,201802060ATL,36.8,14.6,1st quarter,7:05.0,Marc Gasol,MEM,False,2-pointer,17,6-6,'MEM',tied
21,21,21,201802060ATL,36.7,17.9,2nd quarter,11:29.0,Marc Gasol,MEM,True,2-pointer,19,17-22,'MEM',trails
24,24,24,201802060ATL,35.2,16.3,2nd quarter,10:09.0,Marc Gasol,MEM,True,2-pointer,17,19-24,'MEM',trails
40,40,40,201802060ATL,33.0,16.7,3rd quarter,10:58.0,Marc Gasol,MEM,False,2-pointer,16,37-54,'MEM',trails
44,44,44,201802060ATL,41.0,21.2,3rd quarter,8:49.0,Marc Gasol,MEM,False,3-pointer,24,39-59,'MEM',trails
432,432,432,201802070MEM,34.9,26.6,1st quarter,11:22.0,Marc Gasol,MEM,False,3-pointer,25,0-2,'UTA',trails
434,434,434,201802070MEM,12.8,10.1,1st quarter,10:18.0,Marc Gasol,MEM,True,2-pointer,13,2-4,'UTA',trails
440,440,440,201802070MEM,26.7,28.1,1st quarter,8:08.0,Marc Gasol,MEM,True,3-pointer,25,7-9,'UTA',trails
443,443,443,201802070MEM,14.6,14.5,1st quarter,6:23.0,Marc Gasol,MEM,True,2-pointer,14,9-15,'UTA',trails
447,447,447,201802070MEM,18.0,7.4,1st quarter,4:09.0,Marc Gasol,MEM,False,2-pointer,7,14-17,'UTA',trails
448,448,448,201802070MEM,25.5,8.2,1st quarter,3:56.0,Marc Gasol,MEM,True,2-pointer,5,16-17,'UTA',trails
449,449,449,201802070MEM,20.5,28.9,1st quarter,3:22.0,Marc Gasol,MEM,False,3-pointer,26,16-19,'UTA',trails
450,450,450,201802070MEM,26.1,6.7,1st quarter,2:44.0,Marc Gasol,MEM,False,2-pointer,4,16-19,'UTA',trails
467,467,467,201802070MEM,31.0,23.1,2nd quarter,4:34.0,Marc Gasol,MEM,True,2-pointer,21,32-33,'UTA',trails
468,468,468,201802070MEM,13.1,8.5,2nd quarter,4:01.0,Marc Gasol,MEM,False,2-pointer,12,32-35,'UTA',trails
471,471,471,201802070MEM,12.3,20.9,2nd quarter,1:37.0,Marc Gasol,MEM,False,2-pointer,21,37-44,'UTA',trails
477,477,477,201802070MEM,23.7,4.3,3rd quarter,10:00.0,Marc Gasol,MEM,True,2-pointer,1,45-49,'UTA',trails
478,478,478,201802070MEM,21.1,28.5,3rd quarter,9:27.0,Marc Gasol,MEM,False,3-pointer,25,45-49,'UTA',trails
479,479,479,201802070MEM,23.1,3.4,3rd quarter,8:39.0,Marc Gasol,MEM,False,2-pointer,0,45-49,'UTA',trails
480,480,480,201802070MEM,17.5,9.3,3rd quarter,7:51.0,Marc Gasol,MEM,False,2-pointer,9,45-52,'UTA',trails
484,484,484,201802070MEM,20.0,3.6,3rd quarter,6:06.0,Marc Gasol,MEM,False,2-pointer,4,49-54,'UTA',trails
489,489,489,201802070MEM,9.7,25.2,3rd quarter,3:55.0,Marc Gasol,MEM,False,3-pointer,26,58-58,'UTA',tied
494,494,494,201802070MEM,24.0,11.2,3rd quarter,0:55.0,Marc Gasol,MEM,False,2-pointer,8,61-68,'UTA',trails
506,506,506,201802070MEM,24.5,28.5,4th quarter,3:37.0,Marc Gasol,MEM,True,3-pointer,25,77-84,'UTA',trails
510,510,510,201802070MEM,33.6,9.6,4th quarter,0:47.0,Marc Gasol,MEM,False,2-pointer,11,82-90,'UTA',trails
1037,1037,1037,201802110OKC,33.1,3.5,1st quarter,5:11.0,Marc Gasol,MEM,False,2-pointer,9,12-16,'OKC',trails
1052,1052,1052,201802110OKC,21.5,9.4,2nd quarter,9:08.0,Marc Gasol,MEM,False,2-pointer,6,23-40,'OKC',trails
1053,1053,1053,201802110OKC,12.1,21.8,2nd quarter,8:54.0,Marc Gasol,MEM,True,2-pointer,22,25-40,'OKC',trails
1054,1054,1054,201802110OKC,23.2,3.4,2nd quarter,8:28.0,Marc Gasol,MEM,True,2-pointer,0,27-42,'OKC',trails
1059,1059,1059,201802110OKC,31.8,9.5,2nd quarter,5:16.0,Marc Gasol,MEM,False,2-pointer,10,35-53,'OKC',trails
1061,1061,1061,201802110OKC,42.4,20.6,2nd quarter,3:30.0,Marc Gasol,MEM,False,3-pointer,25,40-62,'OKC',trails
1062,1062,1062,201802110OKC,22.4,7.7,2nd quarter,3:24.0,Marc Gasol,MEM,True,2-pointer,4,42-62,'OKC',trails
1067,1067,1067,201802110OKC,20.2,28.9,2nd quarter,1:29.0,Marc Gasol,MEM,True,3-pointer,26,52-65,'OKC',trails
1068,1068,1068,201802110OKC,25.4,3.2,2nd quarter,1:00.0,Marc Gasol,MEM,True,2-pointer,1,54-68,'OKC',trails
1071,1071,1071,201802110OKC,9.7,23.0,3rd quarter,10:33.0,Marc Gasol,MEM,False,3-pointer,24,54-79,'OKC',trails
1078,1078,1078,201802110OKC,27.0,2.5,3rd quarter,6:40.0,Marc Gasol,MEM,True,2-pointer,3,63-85,'OKC',trails
1080,1080,1080,201802110OKC,25.6,3.5,3rd quarter,5:30.0,Marc Gasol,MEM,False,2-pointer,1,66-89,'OKC',trails
1087,1087,1087,201802110OKC,13.2,3.0,3rd quarter,0:50.0,Marc Gasol,MEM,False,2-pointer,10,80-95,'OKC',trails
1088,1088,1088,201802110OKC,25.8,28.2,3rd quarter,0:06.0,Marc Gasol,MEM,False,3-pointer,25,80-95,'OKC',trails
961,961,961,201802140MEM,9.4,23.0,1st quarter,11:29.0,Marc Gasol,MEM,False,3-pointer,24,0-0,'OKC',tied
969,969,969,201802140MEM,25.1,4.4,1st quarter,6:21.0,Marc Gasol,MEM,True,2-pointer,1,17-12,'OKC',leads
974,974,974,201802140MEM,12.4,14.1,1st quarter,4:03.0,Marc Gasol,MEM,False,2-pointer,16,21-20,'OKC',leads
997,997,997,201802140MEM,27.8,12.4,2nd quarter,2:40.0,Marc Gasol,MEM,False,2-pointer,10,44-62,'OKC',trails
1000,1000,1000,201802140MEM,17.3,7.4,2nd quarter,1:03.0,Marc Gasol,MEM,True,2-pointer,8,51-67,'OKC',trails
1005,1005,1005,201802140MEM,33.0,4.3,3rd quarter,10:17.0,Marc Gasol,MEM,True,2-pointer,9,55-75,'OKC',trails
1008,1008,1008,201802140MEM,23.5,19.4,3rd quarter,8:40.0,Marc Gasol,MEM,False,2-pointer,16,61-77,'OKC',trails
1012,1012,1012,201802140MEM,24.0,12.9,3rd quarter,6:43.0,Marc Gasol,MEM,False,2-pointer,9,63-79,'OKC',trails
1015,1015,1015,201802140MEM,7.0,22.7,3rd quarter,5:07.0,Marc Gasol,MEM,False,3-pointer,26,68-80,'OKC',trails
1032,1032,1032,201802140MEM,23.4,4.0,4th quarter,7:29.0,Marc Gasol,MEM,True,2-pointer,1,97-102,'OKC',trails
1039,1039,1039,201802140MEM,16.4,27.3,4th quarter,2:14.0,Marc Gasol,MEM,False,3-pointer,25,109-114,'OKC',trails
982,982,982,201802230MEM,23.8,3.5,1st quarter,11:41.0,Marc Gasol,MEM,True,2-pointer,0,2-0,'MEM',leads
984,984,984,201802230MEM,31.3,20.2,1st quarter,10:41.0,Marc Gasol,MEM,True,2-pointer,18,4-2,'MEM',leads
996,996,996,201802230MEM,30.5,12.6,1st quarter,4:16.0,Marc Gasol,MEM,False,2-pointer,11,23-12,'MEM',leads
1015,1015,1015,201802230MEM,14.2,4.9,2nd quarter,4:22.0,Marc Gasol,MEM,False,2-pointer,9,43-41,'MEM',leads
1017,1017,1017,201802230MEM,13.4,25.7,2nd quarter,4:03.0,Marc Gasol,MEM,False,3-pointer,25,43-41,'MEM',leads
1020,1020,1020,201802230MEM,21.9,4.7,2nd quarter,2:18.0,Marc Gasol,MEM,False,2-pointer,2,49-46,'MEM',leads
1024,1024,1024,201802230MEM,26.4,28.9,3rd quarter,10:49.0,Marc Gasol,MEM,True,3-pointer,26,52-56,'MEM',trails
1028,1028,1028,201802230MEM,24.0,4.3,3rd quarter,8:42.0,Marc Gasol,MEM,True,2-pointer,1,60-57,'MEM',leads
1033,1033,1033,201802230MEM,21.8,6.3,3rd quarter,5:32.0,Marc Gasol,MEM,False,2-pointer,3,63-65,'MEM',trails
1038,1038,1038,201802230MEM,10.9,7.2,3rd quarter,1:59.0,Marc Gasol,MEM,True,2-pointer,13,71-77,'MEM',trails
1055,1055,1055,201802230MEM,26.2,28.9,4th quarter,5:38.0,Marc Gasol,MEM,False,3-pointer,25,78-97,'MEM',trails
1056,1056,1056,201802230MEM,30.0,3.6,4th quarter,5:14.0,Marc Gasol,MEM,False,2-pointer,6,78-100,'MEM',trails
186,186,186,201802260BOS,31.8,13.9,1st quarter,11:20.0,Marc Gasol,MEM,True,2-pointer,13,2-0,'BOS',leads
187,187,187,201802260BOS,27.3,28.5,1st quarter,10:53.0,Marc Gasol,MEM,True,3-pointer,25,5-0,'BOS',leads
189,189,189,201802260BOS,12.2,29.3,1st quarter,10:02.0,Marc Gasol,MEM,False,3-pointer,28,5-1,'BOS',leads
195,195,195,201802260BOS,24.2,6.1,1st quarter,6:25.0,Marc Gasol,MEM,False,2-pointer,3,10-14,'BOS',trails
201,201,201,201802260BOS,23.6,6.2,1st quarter,3:42.0,Marc Gasol,MEM,False,2-pointer,3,18-20,'BOS',trails
203,203,203,201802260BOS,25.3,4.4,1st quarter,2:45.0,Marc Gasol,MEM,True,2-pointer,1,22-23,'BOS',trails
235,235,235,201802260BOS,15.7,10.9,3rd quarter,5:13.0,Marc Gasol,MEM,True,2-pointer,11,56-82,'BOS',trails
246,246,246,201802260BOS,15.2,28.3,4th quarter,10:17.0,Marc Gasol,MEM,False,3-pointer,26,71-88,'BOS',trails
253,253,253,201802260BOS,24.8,17.2,4th quarter,5:24.0,Marc Gasol,MEM,False,2-pointer,14,81-98,'BOS',trails
257,257,257,201802260BOS,8.6,18.4,4th quarter,3:27.0,Marc Gasol,MEM,True,2-pointer,21,87-100,'BOS',trails
957,957,957,201802280MEM,14.8,16.2,1st quarter,8:53.0,Marc Gasol,MEM,False,2-pointer,16,2-8,'PHO',trails
958,958,958,201802280MEM,34.1,8.0,1st quarter,8:08.0,Marc Gasol,MEM,True,2-pointer,11,4-10,'PHO',trails
963,963,963,201802280MEM,9.6,25.2,1st quarter,5:38.0,Marc Gasol,MEM,True,3-pointer,26,10-13,'PHO',trails
964,964,964,201802280MEM,24.3,3.7,1st quarter,5:11.0,Marc Gasol,MEM,True,2-pointer,0,12-13,'PHO',trails
965,965,965,201802280MEM,31.4,15.3,1st quarter,4:32.0,Marc Gasol,MEM,False,2-pointer,14,12-13,'PHO',trails
977,977,977,201802280MEM,19.9,8.4,2nd quarter,8:36.0,Marc Gasol,MEM,True,2-pointer,6,36-28,'PHO',leads
978,978,978,201802280MEM,13.6,10.0,2nd quarter,8:11.0,Marc Gasol,MEM,False,2-pointer,12,37-28,'PHO',leads
983,983,983,201802280MEM,23.7,2.9,2nd quarter,6:56.0,Marc Gasol,MEM,True,2-pointer,0,42-31,'PHO',leads
986,986,986,201802280MEM,23.3,28.7,2nd quarter,5:34.0,Marc Gasol,MEM,False,3-pointer,25,44-33,'PHO',leads
988,988,988,201802280MEM,24.8,4.2,2nd quarter,4:00.0,Marc Gasol,MEM,True,2-pointer,1,49-38,'PHO',leads
989,989,989,201802280MEM,21.3,10.5,2nd quarter,3:34.0,Marc Gasol,MEM,False,2-pointer,7,49-41,'PHO',leads
996,996,996,201802280MEM,12.7,25.9,3rd quarter,10:55.0,Marc Gasol,MEM,False,3-pointer,25,55-61,'PHO',trails
1000,1000,1000,201802280MEM,15.0,27.8,3rd quarter,8:43.0,Marc Gasol,MEM,True,3-pointer,26,59-63,'PHO',trails
1007,1007,1007,201802280MEM,28.5,8.9,3rd quarter,6:48.0,Marc Gasol,MEM,False,2-pointer,7,62-63,'PHO',trails
1008,1008,1008,201802280MEM,17.1,12.8,3rd quarter,5:36.0,Marc Gasol,MEM,False,2-pointer,11,64-69,'PHO',trails
1025,1025,1025,201802280MEM,26.7,29.6,4th quarter,9:25.0,Marc Gasol,MEM,False,3-pointer,26,79-88,'PHO',trails
1027,1027,1027,201802280MEM,21.4,7.6,4th quarter,7:57.0,Marc Gasol,MEM,False,2-pointer,5,83-92,'PHO',trails
1030,1030,1030,201802280MEM,23.4,4.6,4th quarter,5:55.0,Marc Gasol,MEM,False,2-pointer,1,85-98,'PHO',trails
1031,1031,1031,201802280MEM,12.8,27.1,4th quarter,5:24.0,Marc Gasol,MEM,False,3-pointer,26,87-98,'PHO',trails
1034,1034,1034,201802280MEM,24.2,4.9,4th quarter,3:49.0,Marc Gasol,MEM,False,2-pointer,1,89-100,'PHO',trails
1037,1037,1037,201802280MEM,9.3,24.6,4th quarter,1:05.0,Marc Gasol,MEM,False,3-pointer,26,97-104,'PHO',trails
594,594,594,201803020MEM,13.5,5.1,1st quarter,7:35.0,Marc Gasol,MEM,False,2-pointer,10,9-14,'DEN',trails
595,595,595,201803020MEM,6.4,13.3,1st quarter,7:06.0,Marc Gasol,MEM,True,2-pointer,20,11-14,'DEN',trails
598,598,598,201803020MEM,1.0,13.5,1st quarter,5:55.0,Marc Gasol,MEM,False,3-pointer,25,13-16,'DEN',trails
617,617,617,201803020MEM,22.9,4.0,2nd quarter,8:10.0,Marc Gasol,MEM,False,2-pointer,1,34-48,'DEN',trails
627,627,627,201803020MEM,30.1,13.5,2nd quarter,3:31.0,Marc Gasol,MEM,False,2-pointer,12,44-59,'DEN',trails
632,632,632,201803020MEM,24.1,4.7,2nd quarter,2:58.0,Marc Gasol,MEM,False,2-pointer,1,46-59,'DEN',trails
634,634,634,201803020MEM,7.3,3.8,2nd quarter,1:54.0,Marc Gasol,MEM,True,2-pointer,16,48-59,'DEN',trails
638,638,638,201803020MEM,12.6,19.8,3rd quarter,11:43.0,Marc Gasol,MEM,True,2-pointer,20,56-63,'DEN',trails
643,643,643,201803020MEM,14.8,27.4,3rd quarter,7:28.0,Marc Gasol,MEM,True,3-pointer,26,65-76,'DEN',trails
646,646,646,201803020MEM,24.6,20.8,3rd quarter,5:49.0,Marc Gasol,MEM,False,2-pointer,17,67-76,'DEN',trails
666,666,666,201803020MEM,20.0,29.0,4th quarter,8:58.0,Marc Gasol,MEM,True,3-pointer,26,86-95,'DEN',trails
669,669,669,201803020MEM,20.8,28.1,4th quarter,7:53.0,Marc Gasol,MEM,True,3-pointer,25,91-95,'DEN',trails
670,670,670,201803020MEM,14.2,27.1,4th quarter,7:11.0,Marc Gasol,MEM,False,3-pointer,26,91-97,'DEN',trails
671,671,671,201803020MEM,14.0,27.3,4th quarter,5:47.0,Marc Gasol,MEM,False,3-pointer,26,93-99,'DEN',trails
673,673,673,201803020MEM,24.3,3.6,4th quarter,5:06.0,Marc Gasol,MEM,True,2-pointer,0,95-101,'DEN',trails
676,676,676,201803020MEM,22.0,4.3,4th quarter,2:50.0,Marc Gasol,MEM,False,2-pointer,2,98-101,'DEN',trails
678,678,678,201803020MEM,11.8,26.0,4th quarter,0:45.0,Marc Gasol,MEM,False,3-pointer,26,102-106,'DEN',trails
848,848,848,201803050SAS,27.9,6.5,1st quarter,4:55.0,Marc Gasol,MEM,False,2-pointer,5,14-11,'SAS',leads
851,851,851,201803050SAS,8.6,22.8,1st quarter,1:46.0,Marc Gasol,MEM,False,3-pointer,25,19-19,'SAS',tied
852,852,852,201803050SAS,20.9,7.0,1st quarter,1:08.0,Marc Gasol,MEM,True,2-pointer,5,21-19,'SAS',leads
868,868,868,201803050SAS,14.2,14.0,2nd quarter,3:52.0,Marc Gasol,MEM,True,2-pointer,14,39-37,'SAS',leads
875,875,875,201803050SAS,25.6,3.3,2nd quarter,0:56.0,Marc Gasol,MEM,True,2-pointer,1,45-43,'SAS',leads
876,876,876,201803050SAS,4.7,19.1,2nd quarter,0:34.0,Marc Gasol,MEM,False,3-pointer,25,45-44,'SAS',leads
883,883,883,201803050SAS,24.2,30.3,3rd quarter,7:56.0,Marc Gasol,MEM,True,3-pointer,27,59-56,'SAS',leads
901,901,901,201803050SAS,8.1,22.7,4th quarter,7:49.0,Marc Gasol,MEM,True,3-pointer,25,83-82,'SAS',leads
904,904,904,201803050SAS,12.8,8.8,4th quarter,5:33.0,Marc Gasol,MEM,True,2-pointer,12,87-87,'SAS',tied
906,906,906,201803050SAS,6.8,22.1,4th quarter,4:51.0,Marc Gasol,MEM,False,3-pointer,25,87-89,'SAS',trails
914,914,914,201803050SAS,22.3,33.6,4th quarter,0:27.0,Marc Gasol,MEM,True,3-pointer,30,94-98,'SAS',trails
916,916,916,201803050SAS,24.2,34.1,4th quarter,0:08.0,Marc Gasol,MEM,False,3-pointer,31,96-99,'SAS',trails
917,917,917,201803050SAS,39.7,20.7,4th quarter,0:00.0,Marc Gasol,MEM,True,2-pointer,23,98-100,'SAS',trails
6,6,6,201803070CHI,11.7,9.0,1st quarter,7:30.0,Marc Gasol,MEM,True,2-pointer,13,10-9,'CHI',leads
8,8,8,201803070CHI,37.9,10.5,1st quarter,6:24.0,Marc Gasol,MEM,True,2-pointer,15,14-14,'CHI',tied
25,25,25,201803070CHI,21.7,10.1,2nd quarter,5:58.0,Marc Gasol,MEM,True,2-pointer,7,36-42,'CHI',trails
31,31,31,201803070CHI,17.7,13.7,2nd quarter,1:52.0,Marc Gasol,MEM,False,2-pointer,12,45-55,'CHI',trails
36,36,36,201803070CHI,26.7,7.1,3rd quarter,11:28.0,Marc Gasol,MEM,False,2-pointer,4,51-64,'CHI',trails
42,42,42,201803070CHI,41.6,22.8,3rd quarter,8:44.0,Marc Gasol,MEM,False,3-pointer,26,58-68,'CHI',trails
45,45,45,201803070CHI,39.8,9.1,3rd quarter,7:07.0,Marc Gasol,MEM,False,2-pointer,16,58-75,'CHI',trails
48,48,48,201803070CHI,5.0,20.9,3rd quarter,6:16.0,Marc Gasol,MEM,False,3-pointer,26,58-77,'CHI',trails
52,52,52,201803070CHI,24.0,8.2,3rd quarter,3:19.0,Marc Gasol,MEM,False,2-pointer,5,65-82,'CHI',trails
53,53,53,201803070CHI,30.5,28.3,3rd quarter,2:45.0,Marc Gasol,MEM,True,3-pointer,26,70-85,'CHI',trails
54,54,54,201803070CHI,25.6,28.5,3rd quarter,2:15.0,Marc Gasol,MEM,False,3-pointer,25,70-87,'CHI',trails
774,774,774,201803090MEM,26.0,29.0,1st quarter,9:05.0,Marc Gasol,MEM,False,3-pointer,26,2-2,'UTA',tied
810,810,810,201803090MEM,35.5,17.5,3rd quarter,11:09.0,Marc Gasol,MEM,True,2-pointer,18,42-50,'UTA',trails
816,816,816,201803090MEM,24.1,3.3,3rd quarter,8:19.0,Marc Gasol,MEM,True,2-pointer,0,49-57,'UTA',trails
821,821,821,201803090MEM,21.1,11.2,3rd quarter,4:20.0,Marc Gasol,MEM,False,2-pointer,8,51-64,'UTA',trails
843,843,843,201803090MEM,18.6,28.5,4th quarter,7:39.0,Marc Gasol,MEM,False,3-pointer,26,66-75,'UTA',trails
847,847,847,201803090MEM,30.5,27.6,4th quarter,3:39.0,Marc Gasol,MEM,True,3-pointer,25,73-83,'UTA',trails
850,850,850,201803090MEM,9.0,23.9,4th quarter,1:51.0,Marc Gasol,MEM,False,3-pointer,25,76-91,'UTA',trails
241,241,241,201803120MEM,23.1,4.6,1st quarter,11:41.0,Marc Gasol,MEM,True,2-pointer,1,2-0,'MEM',leads
246,246,246,201803120MEM,33.0,20.2,1st quarter,8:58.0,Marc Gasol,MEM,True,2-pointer,19,10-5,'MEM',leads
250,250,250,201803120MEM,23.5,3.6,1st quarter,6:23.0,Marc Gasol,MEM,True,2-pointer,0,19-12,'MEM',leads
252,252,252,201803120MEM,24.1,3.3,1st quarter,4:56.0,Marc Gasol,MEM,True,2-pointer,0,21-17,'MEM',leads
253,253,253,201803120MEM,23.1,3.3,1st quarter,4:31.0,Marc Gasol,MEM,False,2-pointer,0,21-17,'MEM',leads
254,254,254,201803120MEM,37.2,24.4,1st quarter,4:05.0,Marc Gasol,MEM,False,3-pointer,25,22-19,'MEM',leads
256,256,256,201803120MEM,22.0,28.1,1st quarter,2:11.0,Marc Gasol,MEM,False,3-pointer,25,22-26,'MEM',trails
273,273,273,201803120MEM,24.3,14.6,2nd quarter,5:43.0,Marc Gasol,MEM,True,2-pointer,11,39-49,'MEM',trails
274,274,274,201803120MEM,28.5,9.1,2nd quarter,5:06.0,Marc Gasol,MEM,False,2-pointer,7,39-52,'MEM',trails
288,288,288,201803120MEM,24.8,4.5,3rd quarter,9:02.0,Marc Gasol,MEM,True,2-pointer,1,58-71,'MEM',trails
290,290,290,201803120MEM,19.9,14.3,3rd quarter,8:11.0,Marc Gasol,MEM,True,2-pointer,12,60-71,'MEM',trails
291,291,291,201803120MEM,15.1,26.8,3rd quarter,6:54.0,Marc Gasol,MEM,False,3-pointer,25,60-76,'MEM',trails
293,293,293,201803120MEM,20.0,14.6,3rd quarter,5:34.0,Marc Gasol,MEM,False,2-pointer,12,62-78,'MEM',trails
295,295,295,201803120MEM,24.5,3.5,3rd quarter,5:09.0,Marc Gasol,MEM,True,2-pointer,0,64-80,'MEM',trails
323,323,323,201803120MEM,26.2,5.0,4th quarter,4:16.0,Marc Gasol,MEM,False,2-pointer,2,94-104,'MEM',trails
326,326,326,201803120MEM,27.5,15.6,4th quarter,2:31.0,Marc Gasol,MEM,False,2-pointer,13,97-109,'MEM',trails
328,328,328,201803120MEM,30.4,2.7,4th quarter,1:42.0,Marc Gasol,MEM,False,2-pointer,6,98-111,'MEM',trails
808,808,808,201803150MEM,16.4,27.2,1st quarter,3:51.0,Marc Gasol,MEM,True,3-pointer,25,26-18,'MEM',leads
819,819,819,201803150MEM,23.7,28.3,2nd quarter,8:42.0,Marc Gasol,MEM,False,3-pointer,25,35-35,'MEM',tied
822,822,822,201803150MEM,23.1,15.1,2nd quarter,7:01.0,Marc Gasol,MEM,True,2-pointer,12,42-37,'MEM',leads
827,827,827,201803150MEM,13.5,25.6,2nd quarter,3:33.0,Marc Gasol,MEM,True,3-pointer,24,47-47,'MEM',tied
828,828,828,201803150MEM,28.6,15.7,2nd quarter,3:07.0,Marc Gasol,MEM,False,2-pointer,13,47-47,'MEM',tied
831,831,831,201803150MEM,7.5,6.4,2nd quarter,1:56.0,Marc Gasol,MEM,True,2-pointer,16,51-49,'MEM',leads
853,853,853,201803150MEM,17.9,7.1,4th quarter,11:39.0,Marc Gasol,MEM,True,2-pointer,7,77-78,'MEM',trails
858,858,858,201803150MEM,10.9,23.3,4th quarter,8:51.0,Marc Gasol,MEM,False,3-pointer,24,86-92,'MEM',trails
863,863,863,201803150MEM,21.3,3.5,4th quarter,6:13.0,Marc Gasol,MEM,False,2-pointer,2,93-98,'MEM',trails
864,864,864,201803150MEM,27.0,8.9,4th quarter,5:40.0,Marc Gasol,MEM,True,2-pointer,6,95-100,'MEM',trails
867,867,867,201803150MEM,24.2,12.0,4th quarter,5:05.0,Marc Gasol,MEM,True,2-pointer,9,97-100,'MEM',trails
870,870,870,201803150MEM,35.7,24.6,4th quarter,3:27.0,Marc Gasol,MEM,False,3-pointer,24,98-101,'MEM',trails
875,875,875,201803150MEM,12.8,6.4,4th quarter,0:00.0,Marc Gasol,MEM,False,2-pointer,11,110-111,'MEM',trails
444,444,444,201803170MEM,32.8,26.5,1st quarter,10:44.0,Marc Gasol,MEM,True,3-pointer,25,6-0,'DEN',leads
445,445,445,201803170MEM,13.7,11.0,1st quarter,10:11.0,Marc Gasol,MEM,False,2-pointer,13,6-3,'DEN',leads
446,446,446,201803170MEM,27.9,13.6,1st quarter,9:27.0,Marc Gasol,MEM,False,2-pointer,11,6-3,'DEN',leads
450,450,450,201803170MEM,36.7,14.5,1st quarter,6:47.0,Marc Gasol,MEM,True,2-pointer,17,17-7,'DEN',leads
471,471,471,201803170MEM,15.0,6.4,2nd quarter,7:56.0,Marc Gasol,MEM,False,2-pointer,9,39-22,'DEN',leads
473,473,473,201803170MEM,17.6,27.1,2nd quarter,7:41.0,Marc Gasol,MEM,False,3-pointer,24,39-22,'DEN',leads
475,475,475,201803170MEM,20.9,24.4,2nd quarter,6:38.0,Marc Gasol,MEM,False,2-pointer,21,41-25,'DEN',leads
481,481,481,201803170MEM,16.5,27.2,2nd quarter,3:08.0,Marc Gasol,MEM,True,3-pointer,25,50-32,'DEN',leads
483,483,483,201803170MEM,19.1,27.0,2nd quarter,2:05.0,Marc Gasol,MEM,False,3-pointer,24,50-37,'DEN',leads
494,494,494,201803170MEM,18.0,28.2,3rd quarter,6:37.0,Marc Gasol,MEM,False,3-pointer,25,67-58,'DEN',leads
508,508,508,201803170MEM,23.5,11.0,4th quarter,9:19.0,Marc Gasol,MEM,False,2-pointer,8,84-83,'DEN',leads
510,510,510,201803170MEM,24.9,3.4,4th quarter,7:21.0,Marc Gasol,MEM,False,2-pointer,0,88-88,'DEN',tied
513,513,513,201803170MEM,24.4,3.4,4th quarter,5:59.0,Marc Gasol,MEM,True,2-pointer,0,92-88,'DEN',leads
514,514,514,201803170MEM,10.9,25.0,4th quarter,5:17.0,Marc Gasol,MEM,False,3-pointer,25,92-90,'DEN',leads
521,521,521,201803170MEM,10.4,27.4,4th quarter,0:43.0,Marc Gasol,MEM,False,3-pointer,27,98-94,'DEN',leads
1042,1042,1042,201803210PHI,19.9,28.2,1st quarter,8:56.0,Marc Gasol,MEM,False,3-pointer,25,5-9,'MEM',trails
1043,1043,1043,201803210PHI,20.4,3.0,1st quarter,8:40.0,Marc Gasol,MEM,False,2-pointer,3,5-9,'MEM',trails
1045,1045,1045,201803210PHI,13.0,10.9,1st quarter,7:52.0,Marc Gasol,MEM,False,2-pointer,13,5-9,'MEM',trails
1051,1051,1051,201803210PHI,13.1,20.9,1st quarter,4:17.0,Marc Gasol,MEM,False,2-pointer,20,11-18,'MEM',trails
1075,1075,1075,201803210PHI,22.9,13.1,2nd quarter,4:50.0,Marc Gasol,MEM,True,2-pointer,10,32-44,'MEM',trails
1077,1077,1077,201803210PHI,9.2,24.6,2nd quarter,2:45.0,Marc Gasol,MEM,False,3-pointer,26,36-46,'MEM',trails
1084,1084,1084,201803210PHI,15.5,27.3,3rd quarter,10:02.0,Marc Gasol,MEM,True,3-pointer,25,51-63,'MEM',trails
1093,1093,1093,201803210PHI,16.1,3.4,3rd quarter,4:42.0,Marc Gasol,MEM,False,2-pointer,7,54-84,'MEM',trails
640,640,640,201803240MEM,19.4,20.3,1st quarter,10:08.0,Marc Gasol,MEM,True,2-pointer,17,4-2,'LAL',leads
643,643,643,201803240MEM,23.5,4.0,1st quarter,8:48.0,Marc Gasol,MEM,True,2-pointer,1,10-3,'LAL',leads
644,644,644,201803240MEM,9.0,19.3,1st quarter,8:17.0,Marc Gasol,MEM,False,2-pointer,22,10-3,'LAL',leads
648,648,648,201803240MEM,10.1,16.4,1st quarter,6:15.0,Marc Gasol,MEM,False,2-pointer,19,14-5,'LAL',leads
652,652,652,201803240MEM,29.8,12.2,1st quarter,4:30.0,Marc Gasol,MEM,False,2-pointer,10,20-8,'LAL',leads
666,666,666,201803240MEM,28.9,6.6,2nd quarter,6:46.0,Marc Gasol,MEM,True,2-pointer,6,42-33,'LAL',leads
672,672,672,201803240MEM,13.8,20.2,2nd quarter,1:44.0,Marc Gasol,MEM,True,2-pointer,19,55-46,'LAL',leads
673,673,673,201803240MEM,24.1,29.2,2nd quarter,1:03.0,Marc Gasol,MEM,False,3-pointer,26,55-49,'LAL',leads
678,678,678,201803240MEM,26.9,10.8,3rd quarter,10:26.0,Marc Gasol,MEM,False,2-pointer,8,59-56,'LAL',leads
683,683,683,201803240MEM,15.1,11.9,3rd quarter,7:30.0,Marc Gasol,MEM,True,2-pointer,12,68-59,'LAL',leads
684,684,684,201803240MEM,25.0,28.7,3rd quarter,6:51.0,Marc Gasol,MEM,False,3-pointer,25,68-61,'LAL',leads
688,688,688,201803240MEM,12.8,17.3,3rd quarter,4:04.0,Marc Gasol,MEM,False,2-pointer,18,69-64,'LAL',leads
706,706,706,201803240MEM,34.1,26.8,4th quarter,6:29.0,Marc Gasol,MEM,False,3-pointer,25,79-84,'LAL',trails
709,709,709,201803240MEM,23.7,4.0,4th quarter,5:22.0,Marc Gasol,MEM,True,2-pointer,1,81-84,'LAL',trails
710,710,710,201803240MEM,25.4,8.8,4th quarter,4:46.0,Marc Gasol,MEM,False,2-pointer,5,82-84,'LAL',trails
715,715,715,201803240MEM,28.7,28.6,4th quarter,1:41.0,Marc Gasol,MEM,False,3-pointer,26,89-92,'LAL',trails
382,382,382,201803260MIN,8.5,18.7,1st quarter,11:43.0,Marc Gasol,MEM,False,2-pointer,22,0-0,'MIN',tied
386,386,386,201803260MIN,9.7,23.7,1st quarter,9:38.0,Marc Gasol,MEM,True,3-pointer,25,3-2,'MIN',leads
389,389,389,201803260MIN,18.6,27.3,1st quarter,7:01.0,Marc Gasol,MEM,True,3-pointer,24,11-6,'MIN',leads
391,391,391,201803260MIN,22.0,30.9,1st quarter,5:12.0,Marc Gasol,MEM,False,3-pointer,27,11-9,'MIN',leads
393,393,393,201803260MIN,15.7,22.9,1st quarter,3:42.0,Marc Gasol,MEM,True,2-pointer,21,16-14,'MIN',leads
394,394,394,201803260MIN,24.6,4.6,1st quarter,3:19.0,Marc Gasol,MEM,True,2-pointer,1,18-14,'MIN',leads
408,408,408,201803260MIN,12.1,25.7,2nd quarter,8:00.0,Marc Gasol,MEM,False,3-pointer,25,38-33,'MIN',leads
414,414,414,201803260MIN,16.4,4.2,2nd quarter,4:30.0,Marc Gasol,MEM,False,2-pointer,7,43-39,'MIN',leads
415,415,415,201803260MIN,14.5,16.7,2nd quarter,3:57.0,Marc Gasol,MEM,True,2-pointer,16,45-42,'MIN',leads
416,416,416,201803260MIN,25.0,28.4,2nd quarter,3:30.0,Marc Gasol,MEM,True,3-pointer,25,48-42,'MIN',leads
424,424,424,201803260MIN,28.1,14.3,3rd quarter,11:27.0,Marc Gasol,MEM,False,2-pointer,12,59-61,'MIN',trails
437,437,437,201803260MIN,18.5,2.8,3rd quarter,5:10.0,Marc Gasol,MEM,False,2-pointer,5,68-74,'MIN',trails
438,438,438,201803260MIN,26.8,28.7,3rd quarter,5:00.0,Marc Gasol,MEM,True,3-pointer,25,71-74,'MIN',trails
453,453,453,201803260MIN,13.3,3.6,4th quarter,6:41.0,Marc Gasol,MEM,False,2-pointer,10,92-87,'MIN',leads
460,460,460,201803260MIN,27.6,10.3,4th quarter,2:33.0,Marc Gasol,MEM,False,2-pointer,8,97-93,'MIN',leads
462,462,462,201803260MIN,24.0,27.8,4th quarter,1:46.0,Marc Gasol,MEM,False,3-pointer,24,97-93,'MIN',leads
414,414,414,201803280MEM,39.0,24.2,1st quarter,8:51.0,Marc Gasol,MEM,True,3-pointer,25,9-5,'POR',leads
418,418,418,201803280MEM,24.6,8.7,1st quarter,6:56.0,Marc Gasol,MEM,False,2-pointer,5,11-5,'POR',leads
420,420,420,201803280MEM,12.8,27.1,1st quarter,6:22.0,Marc Gasol,MEM,False,3-pointer,26,11-7,'POR',leads
421,421,421,201803280MEM,25.1,7.2,1st quarter,5:13.0,Marc Gasol,MEM,False,2-pointer,4,12-9,'POR',leads
440,440,440,201803280MEM,25.5,23.0,2nd quarter,5:16.0,Marc Gasol,MEM,False,2-pointer,20,37-41,'POR',trails
446,446,446,201803280MEM,23.5,3.4,2nd quarter,2:11.0,Marc Gasol,MEM,True,2-pointer,0,49-47,'POR',leads
449,449,449,201803280MEM,19.6,27.8,3rd quarter,11:02.0,Marc Gasol,MEM,False,3-pointer,25,55-60,'POR',trails
455,455,455,201803280MEM,23.1,23.6,3rd quarter,8:03.0,Marc Gasol,MEM,True,2-pointer,20,64-64,'POR',tied
1460,1460,1460,201803300UTA,9.5,9.8,1st quarter,8:27.0,Marc Gasol,MEM,True,2-pointer,16,6-6,'UTA',tied
1483,1483,1483,201803300UTA,13.7,10.9,2nd quarter,7:42.0,Marc Gasol,MEM,True,2-pointer,12,26-38,'UTA',trails
1486,1486,1486,201803300UTA,0.8,3.3,2nd quarter,5:53.0,Marc Gasol,MEM,True,3-pointer,23,33-41,'UTA',trails
1489,1489,1489,201803300UTA,11.3,12.4,2nd quarter,4:33.0,Marc Gasol,MEM,True,2-pointer,15,37-44,'UTA',trails
1491,1491,1491,201803300UTA,2.2,15.1,2nd quarter,2:09.0,Marc Gasol,MEM,True,3-pointer,24,42-46,'UTA',trails
1493,1493,1493,201803300UTA,15.1,26.1,2nd quarter,1:01.0,Marc Gasol,MEM,True,3-pointer,24,47-50,'UTA',trails
1496,1496,1496,201803300UTA,46.8,4.7,3rd quarter,11:31.0,Marc Gasol,MEM,True,3-pointer,22,50-54,'UTA',trails
1500,1500,1500,201803300UTA,3.9,3.6,3rd quarter,8:29.0,Marc Gasol,MEM,True,2-pointer,20,54-57,'UTA',trails
1501,1501,1501,201803300UTA,25.1,32.9,3rd quarter,7:54.0,Marc Gasol,MEM,False,3-pointer,29,54-60,'UTA',trails
1503,1503,1503,201803300UTA,24.3,4.5,3rd quarter,7:33.0,Marc Gasol,MEM,True,2-pointer,1,56-60,'UTA',trails
1505,1505,1505,201803300UTA,30.9,27.8,3rd quarter,6:33.0,Marc Gasol,MEM,True,3-pointer,25,61-60,'UTA',leads
1506,1506,1506,201803300UTA,23.5,28.4,3rd quarter,6:05.0,Marc Gasol,MEM,True,3-pointer,25,64-60,'UTA',leads
1901,1901,1901,201804010POR,13.4,15.4,1st quarter,11:21.0,Marc Gasol,MEM,True,2-pointer,16,2-0,'POR',leads
1906,1906,1906,201804010POR,11.3,14.4,1st quarter,8:18.0,Marc Gasol,MEM,False,2-pointer,17,4-9,'POR',trails
1910,1910,1910,201804010POR,21.3,2.9,1st quarter,5:20.0,Marc Gasol,MEM,False,2-pointer,2,7-19,'POR',trails
1914,1914,1914,201804010POR,9.7,22.9,1st quarter,3:37.0,Marc Gasol,MEM,True,3-pointer,24,13-22,'POR',trails
1942,1942,1942,201804010POR,35.4,26.0,2nd quarter,2:43.0,Marc Gasol,MEM,False,3-pointer,25,49-50,'POR',trails
1951,1951,1951,201804010POR,9.5,9.4,3rd quarter,9:43.0,Marc Gasol,MEM,True,2-pointer,15,56-63,'POR',trails
544,544,544,201804040NOP,23.5,12.8,1st quarter,8:50.0,Marc Gasol,MEM,False,2-pointer,9,0-10,'NOP',trails
575,575,575,201804040NOP,14.9,2.2,2nd quarter,5:30.0,Marc Gasol,MEM,False,2-pointer,9,36-44,'NOP',trails
592,592,592,201804040NOP,14.4,27.2,3rd quarter,8:03.0,Marc Gasol,MEM,False,3-pointer,26,59-80,'NOP',trails
607,607,607,201804080MEM,36.7,12.3,1st quarter,11:34.0,Marc Gasol,MEM,False,2-pointer,15,0-1,'DET',trails
614,614,614,201804080MEM,16.2,27.5,1st quarter,7:52.0,Marc Gasol,MEM,False,3-pointer,25,12-10,'DET',leads
617,617,617,201804080MEM,14.4,13.0,1st quarter,6:19.0,Marc Gasol,MEM,False,2-pointer,13,17-12,'DET',leads
639,639,639,201804080MEM,27.9,8.7,2nd quarter,4:51.0,Marc Gasol,MEM,False,2-pointer,6,51-38,'DET',leads
642,642,642,201804080MEM,27.8,8.5,2nd quarter,3:00.0,Marc Gasol,MEM,True,2-pointer,6,57-43,'DET',leads
643,643,643,201804080MEM,14.4,13.6,2nd quarter,2:22.0,Marc Gasol,MEM,False,2-pointer,14,57-45,'DET',leads
645,645,645,201804080MEM,22.7,3.0,2nd quarter,1:18.0,Marc Gasol,MEM,False,2-pointer,1,57-51,'DET',leads
647,647,647,201804080MEM,20.0,3.4,2nd quarter,0:34.0,Marc Gasol,MEM,True,2-pointer,4,59-53,'DET',leads
655,655,655,201804080MEM,14.6,9.3,3rd quarter,7:34.0,Marc Gasol,MEM,True,2-pointer,11,72-67,'DET',leads
657,657,657,201804080MEM,12.6,5.0,3rd quarter,5:58.0,Marc Gasol,MEM,True,2-pointer,11,78-67,'DET',leads
658,658,658,201804080MEM,25.3,30.7,3rd quarter,5:13.0,Marc Gasol,MEM,False,3-pointer,27,78-70,'DET',leads
660,660,660,201804080MEM,1.6,13.2,3rd quarter,3:55.0,Marc Gasol,MEM,True,3-pointer,24,84-75,'DET',leads
662,662,662,201804080MEM,34.7,26.2,3rd quarter,2:57.0,Marc Gasol,MEM,True,3-pointer,25,89-78,'DET',leads
671,671,671,201804080MEM,32.2,27.3,4th quarter,10:21.0,Marc Gasol,MEM,True,3-pointer,25,102-92,'DET',leads
684,684,684,201804080MEM,11.3,26.8,4th quarter,3:20.0,Marc Gasol,MEM,False,3-pointer,26,117-104,'DET',leads
687,687,687,201804080MEM,24.3,4.1,4th quarter,1:22.0,Marc Gasol,MEM,True,2-pointer,1,126-115,'DET',leads
543,543,543,201810170IND,31.8,16.2,1st quarter,10:34.0,Marc Gasol,MEM,False,2-pointer,15,0-2,'IND',trails
548,548,548,201810170IND,23.6,8.1,1st quarter,8:06.0,Marc Gasol,MEM,False,2-pointer,5,4-6,'IND',trails
552,552,552,201810170IND,19.4,4.3,1st quarter,5:56.0,Marc Gasol,MEM,False,2-pointer,5,8-10,'IND',trails
553,553,553,201810170IND,11.7,3.7,1st quarter,5:49.0,Marc Gasol,MEM,False,2-pointer,12,8-10,'IND',trails
585,585,585,201810170IND,40.3,24.9,3rd quarter,11:20.0,Marc Gasol,MEM,True,3-pointer,27,42-58,'IND',trails
586,586,586,201810170IND,20.2,9.3,3rd quarter,10:16.0,Marc Gasol,MEM,False,2-pointer,7,44-61,'IND',trails
588,588,588,201810170IND,24.2,12.3,3rd quarter,9:08.0,Marc Gasol,MEM,False,2-pointer,9,44-64,'IND',trails
594,594,594,201810170IND,26.8,33.3,3rd quarter,5:44.0,Marc Gasol,MEM,True,3-pointer,30,53-71,'IND',trails
599,599,599,201810170IND,15.6,30.3,3rd quarter,2:51.0,Marc Gasol,MEM,False,3-pointer,28,57-73,'IND',trails
600,600,600,201810170IND,9.6,13.1,3rd quarter,2:21.0,Marc Gasol,MEM,False,2-pointer,17,57-73,'IND',trails
603,603,603,201810170IND,23.8,3.7,3rd quarter,0:01.0,Marc Gasol,MEM,False,2-pointer,0,58-76,'IND',trails
430,430,430,201810190MEM,18.2,28.9,1st quarter,10:41.0,Marc Gasol,MEM,True,3-pointer,26,5-3,'MEM',leads
435,435,435,201810190MEM,19.7,28.8,1st quarter,8:15.0,Marc Gasol,MEM,False,3-pointer,26,11-8,'MEM',leads
441,441,441,201810190MEM,26.8,10.0,1st quarter,3:59.0,Marc Gasol,MEM,True,2-pointer,7,29-13,'MEM',leads
451,451,451,201810190MEM,27.8,23.8,2nd quarter,9:53.0,Marc Gasol,MEM,False,2-pointer,21,42-39,'MEM',leads
452,452,452,201810190MEM,23.4,3.3,2nd quarter,9:22.0,Marc Gasol,MEM,True,2-pointer,1,44-42,'MEM',leads
477,477,477,201810190MEM,25.1,19.5,3rd quarter,8:33.0,Marc Gasol,MEM,True,2-pointer,16,87-64,'MEM',leads
480,480,480,201810190MEM,24.9,28.5,3rd quarter,6:57.0,Marc Gasol,MEM,False,3-pointer,25,89-67,'MEM',leads
1504,1504,1504,201810220UTA,15.8,23.4,1st quarter,11:32.0,Marc Gasol,MEM,True,2-pointer,22,2-0,'UTA',leads
1509,1509,1509,201810220UTA,23.4,27.9,1st quarter,8:40.0,Marc Gasol,MEM,True,3-pointer,25,7-6,'UTA',leads
1517,1517,1517,201810220UTA,25.0,11.5,1st quarter,4:10.0,Marc Gasol,MEM,True,2-pointer,8,12-14,'UTA',trails
1522,1522,1522,201810220UTA,12.9,18.6,1st quarter,0:54.0,Marc Gasol,MEM,False,2-pointer,19,17-22,'UTA',trails
1534,1534,1534,201810220UTA,10.3,23.2,2nd quarter,5:34.0,Marc Gasol,MEM,True,3-pointer,24,39-34,'UTA',leads
1536,1536,1536,201810220UTA,22.3,21.3,2nd quarter,4:29.0,Marc Gasol,MEM,False,2-pointer,18,40-36,'UTA',leads
1539,1539,1539,201810220UTA,28.4,12.6,2nd quarter,3:36.0,Marc Gasol,MEM,False,2-pointer,10,40-37,'UTA',leads
1546,1546,1546,201810220UTA,29.0,27.9,3rd quarter,11:15.0,Marc Gasol,MEM,False,3-pointer,25,47-46,'UTA',leads
1549,1549,1549,201810220UTA,25.9,3.8,3rd quarter,9:45.0,Marc Gasol,MEM,True,2-pointer,2,51-48,'UTA',leads
1550,1550,1550,201810220UTA,15.2,8.0,3rd quarter,9:18.0,Marc Gasol,MEM,False,2-pointer,10,51-50,'UTA',leads
1557,1557,1557,201810220UTA,37.7,26.1,3rd quarter,5:18.0,Marc Gasol,MEM,False,3-pointer,27,58-55,'UTA',leads
1558,1558,1558,201810220UTA,15.8,27.5,3rd quarter,4:26.0,Marc Gasol,MEM,True,3-pointer,26,61-55,'UTA',leads
1559,1559,1559,201810220UTA,9.8,19.6,3rd quarter,3:43.0,Marc Gasol,MEM,False,2-pointer,22,62-55,'UTA',leads
1570,1570,1570,201810220UTA,24.4,26.3,4th quarter,9:09.0,Marc Gasol,MEM,False,2-pointer,23,70-65,'UTA',leads
1571,1571,1571,201810220UTA,22.0,12.3,4th quarter,8:25.0,Marc Gasol,MEM,False,2-pointer,9,70-65,'UTA',leads
1424,1424,1424,201810240SAC,24.0,2.7,1st quarter,7:13.0,Marc Gasol,MEM,True,2-pointer,1,9-11,'SAC',trails
1433,1433,1433,201810240SAC,24.9,9.5,1st quarter,3:49.0,Marc Gasol,MEM,True,2-pointer,6,19-17,'SAC',leads
1435,1435,1435,201810240SAC,25.1,4.9,1st quarter,2:35.0,Marc Gasol,MEM,True,2-pointer,2,21-17,'SAC',leads
1452,1452,1452,201810240SAC,17.0,6.9,2nd quarter,6:13.0,Marc Gasol,MEM,False,2-pointer,8,39-30,'SAC',leads
1455,1455,1455,201810240SAC,20.2,3.7,2nd quarter,5:29.0,Marc Gasol,MEM,False,2-pointer,4,41-32,'SAC',leads
1456,1456,1456,201810240SAC,15.2,26.8,2nd quarter,5:04.0,Marc Gasol,MEM,True,3-pointer,25,44-32,'SAC',leads
1461,1461,1461,201810240SAC,28.6,28.3,2nd quarter,1:10.0,Marc Gasol,MEM,False,3-pointer,25,52-42,'SAC',leads
1468,1468,1468,201810240SAC,23.3,10.5,3rd quarter,10:13.0,Marc Gasol,MEM,False,2-pointer,7,55-48,'SAC',leads
1469,1469,1469,201810240SAC,6.2,10.5,3rd quarter,9:48.0,Marc Gasol,MEM,False,2-pointer,19,55-48,'SAC',leads
1476,1476,1476,201810240SAC,24.4,9.3,3rd quarter,6:00.0,Marc Gasol,MEM,False,2-pointer,6,60-59,'SAC',leads
1480,1480,1480,201810240SAC,21.6,28.4,3rd quarter,2:47.0,Marc Gasol,MEM,False,3-pointer,25,69-63,'SAC',leads
1490,1490,1490,201810240SAC,11.9,13.6,4th quarter,7:51.0,Marc Gasol,MEM,False,2-pointer,16,80-82,'SAC',trails
1492,1492,1492,201810240SAC,42.2,19.3,4th quarter,6:56.0,Marc Gasol,MEM,False,3-pointer,24,80-84,'SAC',trails
583,583,583,201810270MEM,14.7,15.8,1st quarter,9:42.0,Marc Gasol,MEM,False,2-pointer,16,2-2,'PHO',tied
586,586,586,201810270MEM,22.1,3.3,1st quarter,7:49.0,Marc Gasol,MEM,True,2-pointer,2,6-7,'PHO',trails
589,589,589,201810270MEM,20.3,10.1,1st quarter,5:40.0,Marc Gasol,MEM,False,2-pointer,8,8-10,'PHO',trails
594,594,594,201810270MEM,14.6,9.1,1st quarter,2:51.0,Marc Gasol,MEM,True,2-pointer,11,17-13,'PHO',leads
596,596,596,201810270MEM,15.1,6.2,1st quarter,1:49.0,Marc Gasol,MEM,True,2-pointer,9,21-13,'PHO',leads
597,597,597,201810270MEM,12.4,25.7,1st quarter,1:19.0,Marc Gasol,MEM,True,3-pointer,25,24-15,'PHO',leads
599,599,599,201810270MEM,35.3,25.7,1st quarter,0:08.0,Marc Gasol,MEM,False,3-pointer,25,26-18,'PHO',leads
621,621,621,201810270MEM,13.7,28.0,2nd quarter,0:01.0,Marc Gasol,MEM,True,3-pointer,27,68-43,'PHO',leads
622,622,622,201810270MEM,10.3,24.9,3rd quarter,11:10.0,Marc Gasol,MEM,False,3-pointer,26,68-46,'PHO',leads
628,628,628,201810270MEM,17.8,8.2,3rd quarter,7:53.0,Marc Gasol,MEM,False,2-pointer,8,72-52,'PHO',leads
633,633,633,201810270MEM,15.4,3.8,3rd quarter,4:35.0,Marc Gasol,MEM,False,2-pointer,9,81-58,'PHO',leads
635,635,635,201810270MEM,9.7,24.2,3rd quarter,3:45.0,Marc Gasol,MEM,False,3-pointer,25,81-60,'PHO',leads
636,636,636,201810270MEM,19.1,11.6,3rd quarter,3:13.0,Marc Gasol,MEM,False,2-pointer,10,81-60,'PHO',leads
637,637,637,201810270MEM,26.4,3.4,3rd quarter,3:02.0,Marc Gasol,MEM,True,2-pointer,2,83-60,'PHO',leads
645,645,645,201810270MEM,25.6,9.0,4th quarter,9:09.0,Marc Gasol,MEM,True,2-pointer,6,95-76,'PHO',leads
647,647,647,201810270MEM,13.7,27.2,4th quarter,8:18.0,Marc Gasol,MEM,True,3-pointer,26,100-78,'PHO',leads
767,767,767,201810300MEM,33.5,14.4,1st quarter,7:45.0,Marc Gasol,MEM,False,2-pointer,15,3-7,'MEM',trails
777,777,777,201810300MEM,22.3,28.4,1st quarter,2:36.0,Marc Gasol,MEM,False,3-pointer,25,12-18,'MEM',trails
779,779,779,201810300MEM,23.4,6.5,1st quarter,1:38.0,Marc Gasol,MEM,True,2-pointer,3,17-20,'MEM',trails
781,781,781,201810300MEM,24.4,14.8,1st quarter,0:39.0,Marc Gasol,MEM,True,2-pointer,12,22-24,'MEM',trails
805,805,805,201810300MEM,31.4,27.7,3rd quarter,10:25.0,Marc Gasol,MEM,True,3-pointer,26,51-45,'MEM',leads
811,811,811,201810300MEM,23.7,3.4,3rd quarter,6:36.0,Marc Gasol,MEM,True,2-pointer,0,64-46,'MEM',leads
823,823,823,201810300MEM,23.9,8.7,4th quarter,8:59.0,Marc Gasol,MEM,False,2-pointer,5,81-76,'MEM',leads
828,828,828,201810300MEM,17.7,18.9,4th quarter,3:52.0,Marc Gasol,MEM,True,2-pointer,17,98-86,'MEM',leads
829,829,829,201810300MEM,23.2,28.5,4th quarter,3:23.0,Marc Gasol,MEM,True,3-pointer,25,101-86,'MEM',leads
831,831,831,201810300MEM,17.5,7.8,4th quarter,1:49.0,Marc Gasol,MEM,True,2-pointer,8,104-90,'MEM',leads
1044,1044,1044,201811020UTA,19.4,14.4,1st quarter,9:11.0,Marc Gasol,MEM,False,2-pointer,12,2-8,'UTA',trails
1047,1047,1047,201811020UTA,30.5,7.3,1st quarter,7:38.0,Marc Gasol,MEM,True,2-pointer,8,7-12,'UTA',trails
1053,1053,1053,201811020UTA,40.3,4.9,1st quarter,2:50.0,Marc Gasol,MEM,True,2-pointer,16,19-25,'UTA',trails
1063,1063,1063,201811020UTA,14.7,26.2,2nd quarter,9:09.0,Marc Gasol,MEM,True,3-pointer,25,36-35,'UTA',leads
1065,1065,1065,201811020UTA,40.3,10.3,2nd quarter,8:07.0,Marc Gasol,MEM,False,2-pointer,18,39-35,'UTA',leads
1080,1080,1080,201811020UTA,29.3,27.9,3rd quarter,9:54.0,Marc Gasol,MEM,False,3-pointer,25,60-62,'UTA',trails
1081,1081,1081,201811020UTA,29.6,4.7,3rd quarter,9:00.0,Marc Gasol,MEM,False,2-pointer,6,60-64,'UTA',trails
1082,1082,1082,201811020UTA,46.4,10.0,3rd quarter,8:57.0,Marc Gasol,MEM,False,3-pointer,23,60-64,'UTA',trails
1089,1089,1089,201811020UTA,25.6,4.6,3rd quarter,5:29.0,Marc Gasol,MEM,True,2-pointer,2,70-71,'UTA',trails
1100,1100,1100,201811020UTA,25.6,4.6,4th quarter,11:43.0,Marc Gasol,MEM,False,2-pointer,2,83-78,'UTA',leads
1104,1104,1104,201811020UTA,5.3,24.2,4th quarter,9:21.0,Marc Gasol,MEM,True,3-pointer,28,91-81,'UTA',leads
1114,1114,1114,201811020UTA,27.5,20.5,4th quarter,1:42.0,Marc Gasol,MEM,True,2-pointer,18,107-98,'UTA',leads
542,542,542,201811040PHO,27.5,20.3,1st quarter,11:40.0,Marc Gasol,MEM,False,2-pointer,17,0-0,'PHO',tied
544,544,544,201811040PHO,11.1,8.8,1st quarter,10:16.0,Marc Gasol,MEM,False,2-pointer,14,3-0,'PHO',leads
552,552,552,201811040PHO,24.4,5.8,1st quarter,4:58.0,Marc Gasol,MEM,False,2-pointer,3,14-15,'PHO',trails
574,574,574,201811040PHO,24.1,7.3,2nd quarter,3:11.0,Marc Gasol,MEM,False,2-pointer,4,49-41,'PHO',leads
576,576,576,201811040PHO,18.9,9.5,2nd quarter,1:54.0,Marc Gasol,MEM,False,2-pointer,8,51-45,'PHO',leads
578,578,578,201811040PHO,24.4,4.9,2nd quarter,1:05.0,Marc Gasol,MEM,False,2-pointer,2,51-47,'PHO',leads
579,579,579,201811040PHO,24.2,3.9,2nd quarter,1:05.0,Marc Gasol,MEM,True,2-pointer,1,53-47,'PHO',leads
585,585,585,201811040PHO,2.0,18.3,3rd quarter,8:33.0,Marc Gasol,MEM,False,3-pointer,27,60-61,'PHO',trails
590,590,590,201811040PHO,22.5,30.1,3rd quarter,5:02.0,Marc Gasol,MEM,False,3-pointer,27,73-63,'PHO',leads
592,592,592,201811040PHO,30.3,4.1,3rd quarter,3:27.0,Marc Gasol,MEM,True,2-pointer,6,76-66,'PHO',leads
593,593,593,201811040PHO,20.7,8.5,3rd quarter,2:39.0,Marc Gasol,MEM,False,2-pointer,6,76-68,'PHO',leads
609,609,609,201811040PHO,14.7,29.5,4th quarter,5:15.0,Marc Gasol,MEM,False,3-pointer,28,95-91,'PHO',leads
614,614,614,201811040PHO,10.8,25.4,4th quarter,1:32.0,Marc Gasol,MEM,False,3-pointer,26,98-98,'PHO',tied
385,385,385,201811050GSW,10.1,4.2,1st quarter,7:49.0,Marc Gasol,MEM,True,2-pointer,14,11-10,'GSW',leads
416,416,416,201811050GSW,34.0,18.8,2nd quarter,4:43.0,Marc Gasol,MEM,True,2-pointer,18,47-45,'GSW',leads
777,777,777,201811070MEM,22.1,3.2,1st quarter,9:53.0,Marc Gasol,MEM,False,2-pointer,2,4-0,'DEN',leads
802,802,802,201811070MEM,23.3,16.2,2nd quarter,2:12.0,Marc Gasol,MEM,True,2-pointer,13,42-47,'DEN',trails
804,804,804,201811070MEM,19.4,6.0,2nd quarter,1:14.0,Marc Gasol,MEM,False,2-pointer,5,44-47,'DEN',trails
808,808,808,201811070MEM,24.0,2.7,2nd quarter,0:02.0,Marc Gasol,MEM,True,2-pointer,1,50-47,'DEN',leads
810,810,810,201811070MEM,24.6,10.1,3rd quarter,10:16.0,Marc Gasol,MEM,False,2-pointer,7,51-47,'DEN',leads
815,815,815,201811070MEM,30.0,27.8,3rd quarter,8:24.0,Marc Gasol,MEM,True,3-pointer,25,56-51,'DEN',leads
817,817,817,201811070MEM,14.5,3.4,3rd quarter,6:12.0,Marc Gasol,MEM,False,2-pointer,10,59-54,'DEN',leads
830,830,830,201811070MEM,32.4,26.8,4th quarter,9:11.0,Marc Gasol,MEM,False,3-pointer,25,72-77,'DEN',trails
831,831,831,201811070MEM,24.4,3.4,4th quarter,8:35.0,Marc Gasol,MEM,True,2-pointer,0,74-77,'DEN',trails
834,834,834,201811070MEM,20.5,6.7,4th quarter,7:02.0,Marc Gasol,MEM,True,2-pointer,5,76-77,'DEN',trails
838,838,838,201811070MEM,24.6,3.2,4th quarter,4:46.0,Marc Gasol,MEM,True,2-pointer,1,80-79,'DEN',leads
839,839,839,201811070MEM,12.3,9.5,4th quarter,3:35.0,Marc Gasol,MEM,False,2-pointer,13,82-81,'DEN',leads
841,841,841,201811070MEM,26.3,13.9,4th quarter,2:17.0,Marc Gasol,MEM,False,2-pointer,11,82-83,'DEN',trails
794,794,794,201811100MEM,23.4,22.9,1st quarter,11:30.0,Marc Gasol,MEM,False,2-pointer,20,0-2,'MEM',trails
804,804,804,201811100MEM,6.4,6.3,1st quarter,8:06.0,Marc Gasol,MEM,True,2-pointer,18,8-8,'MEM',tied
805,805,805,201811100MEM,27.3,14.1,1st quarter,7:32.0,Marc Gasol,MEM,False,2-pointer,11,8-10,'MEM',trails
806,806,806,201811100MEM,15.8,27.5,1st quarter,7:11.0,Marc Gasol,MEM,True,3-pointer,26,11-12,'MEM',trails
807,807,807,201811100MEM,23.2,6.4,1st quarter,6:44.0,Marc Gasol,MEM,False,2-pointer,3,11-12,'MEM',trails
837,837,837,201811100MEM,22.2,14.3,2nd quarter,2:16.0,Marc Gasol,MEM,False,2-pointer,11,44-58,'MEM',trails
840,840,840,201811100MEM,19.0,13.6,2nd quarter,1:18.0,Marc Gasol,MEM,True,2-pointer,11,48-60,'MEM',trails
841,841,841,201811100MEM,17.4,7.2,2nd quarter,0:56.0,Marc Gasol,MEM,False,2-pointer,8,48-60,'MEM',trails
842,842,842,201811100MEM,23.1,4.1,2nd quarter,0:13.0,Marc Gasol,MEM,True,2-pointer,1,50-63,'MEM',trails
845,845,845,201811100MEM,37.6,26.8,3rd quarter,11:24.0,Marc Gasol,MEM,True,3-pointer,27,53-63,'MEM',trails
853,853,853,201811100MEM,18.8,11.8,3rd quarter,6:54.0,Marc Gasol,MEM,False,2-pointer,10,63-69,'MEM',trails
857,857,857,201811100MEM,23.9,28.5,3rd quarter,4:51.0,Marc Gasol,MEM,False,3-pointer,25,70-71,'MEM',trails
860,860,860,201811100MEM,22.5,8.4,3rd quarter,3:02.0,Marc Gasol,MEM,False,2-pointer,5,72-73,'MEM',trails
870,870,870,201811100MEM,14.2,9.3,4th quarter,8:21.0,Marc Gasol,MEM,False,2-pointer,11,81-88,'MEM',trails
875,875,875,201811100MEM,12.7,27.2,4th quarter,4:25.0,Marc Gasol,MEM,True,3-pointer,26,96-94,'MEM',leads
879,879,879,201811100MEM,25.8,28.8,4th quarter,2:52.0,Marc Gasol,MEM,False,3-pointer,26,98-96,'MEM',leads
885,885,885,201811100MEM,32.9,18.8,4th quarter,0:00.0,Marc Gasol,MEM,False,2-pointer,18,102-102,'MEM',tied
886,886,886,201811100MEM,4.6,2.8,1st overtime,4:26.0,Marc Gasol,MEM,False,2-pointer,19,102-102,'MEM',tied
889,889,889,201811100MEM,23.8,3.6,1st overtime,3:10.0,Marc Gasol,MEM,False,2-pointer,0,104-102,'MEM',leads
890,890,890,201811100MEM,24.0,2.7,1st overtime,3:07.0,Marc Gasol,MEM,False,2-pointer,1,104-102,'MEM',leads
891,891,891,201811100MEM,24.0,2.7,1st overtime,3:06.0,Marc Gasol,MEM,True,2-pointer,1,106-102,'MEM',leads
434,434,434,201811120MEM,17.8,28.7,1st quarter,9:39.0,Marc Gasol,MEM,False,3-pointer,26,2-5,'UTA',trails
444,444,444,201811120MEM,19.4,13.3,1st quarter,4:21.0,Marc Gasol,MEM,True,2-pointer,11,13-16,'UTA',trails
460,460,460,201811120MEM,19.1,12.4,2nd quarter,6:03.0,Marc Gasol,MEM,True,2-pointer,10,31-29,'UTA',leads
461,461,461,201811120MEM,25.4,32.3,2nd quarter,5:37.0,Marc Gasol,MEM,False,3-pointer,29,31-29,'UTA',leads
466,466,466,201811120MEM,16.1,27.9,2nd quarter,2:57.0,Marc Gasol,MEM,False,3-pointer,26,36-33,'UTA',leads
468,468,468,201811120MEM,23.9,8.3,2nd quarter,1:55.0,Marc Gasol,MEM,True,2-pointer,5,38-35,'UTA',leads
474,474,474,201811120MEM,13.7,9.1,3rd quarter,9:07.0,Marc Gasol,MEM,False,2-pointer,12,47-45,'UTA',leads
476,476,476,201811120MEM,30.1,17.6,3rd quarter,7:59.0,Marc Gasol,MEM,True,2-pointer,16,52-50,'UTA',leads
478,478,478,201811120MEM,23.6,4.4,3rd quarter,6:16.0,Marc Gasol,MEM,True,2-pointer,1,56-54,'UTA',leads
479,479,479,201811120MEM,23.8,12.4,3rd quarter,5:37.0,Marc Gasol,MEM,True,2-pointer,9,58-56,'UTA',leads
482,482,482,201811120MEM,29.2,10.8,3rd quarter,3:34.0,Marc Gasol,MEM,False,2-pointer,9,62-60,'UTA',leads
504,504,504,201811120MEM,29.6,28.9,4th quarter,3:20.0,Marc Gasol,MEM,False,3-pointer,26,81-89,'UTA',trails
509,509,509,201811120MEM,23.6,2.9,4th quarter,0:32.0,Marc Gasol,MEM,True,2-pointer,1,86-95,'UTA',trails
702,702,702,201811140MIL,11.8,27.5,1st quarter,10:28.0,Marc Gasol,MEM,True,3-pointer,27,3-2,'MIL',leads
705,705,705,201811140MIL,34.0,28.0,1st quarter,8:47.0,Marc Gasol,MEM,True,3-pointer,27,10-2,'MIL',leads
706,706,706,201811140MIL,24.2,30.5,1st quarter,8:11.0,Marc Gasol,MEM,False,3-pointer,27,10-5,'MIL',leads
708,708,708,201811140MIL,23.1,8.8,1st quarter,7:29.0,Marc Gasol,MEM,True,2-pointer,6,12-5,'MIL',leads
715,715,715,201811140MIL,22.0,29.8,1st quarter,3:03.0,Marc Gasol,MEM,True,3-pointer,27,24-14,'MIL',leads
733,733,733,201811140MIL,25.8,30.0,2nd quarter,5:54.0,Marc Gasol,MEM,False,3-pointer,27,38-28,'MIL',leads
744,744,744,201811140MIL,29.8,28.8,2nd quarter,0:01.0,Marc Gasol,MEM,False,3-pointer,26,48-45,'MIL',leads
748,748,748,201811140MIL,8.7,23.8,3rd quarter,10:17.0,Marc Gasol,MEM,True,3-pointer,26,55-47,'MIL',leads
751,751,751,201811140MIL,10.9,26.3,3rd quarter,8:10.0,Marc Gasol,MEM,False,3-pointer,26,59-53,'MIL',leads
753,753,753,201811140MIL,29.6,8.3,3rd quarter,6:33.0,Marc Gasol,MEM,True,2-pointer,8,67-57,'MIL',leads
756,756,756,201811140MIL,25.9,10.1,3rd quarter,4:04.0,Marc Gasol,MEM,True,2-pointer,7,73-61,'MIL',leads
764,764,764,201811140MIL,25.3,29.0,4th quarter,11:06.0,Marc Gasol,MEM,False,3-pointer,26,84-84,'MIL',tied
769,769,769,201811140MIL,13.5,26.4,4th quarter,8:20.0,Marc Gasol,MEM,True,3-pointer,25,92-94,'MIL',trails
772,772,772,201811140MIL,22.9,4.3,4th quarter,6:34.0,Marc Gasol,MEM,False,2-pointer,2,92-96,'MIL',trails
774,774,774,201811140MIL,5.2,19.6,4th quarter,5:32.0,Marc Gasol,MEM,False,3-pointer,25,94-96,'MIL',trails
777,777,777,201811140MIL,22.8,2.1,4th quarter,3:57.0,Marc Gasol,MEM,False,2-pointer,2,100-99,'MIL',leads
778,778,778,201811140MIL,23.7,3.6,4th quarter,3:53.0,Marc Gasol,MEM,True,2-pointer,0,102-99,'MIL',leads
781,781,781,201811140MIL,24.4,29.6,4th quarter,2:07.0,Marc Gasol,MEM,True,3-pointer,26,109-101,'MIL',leads
458,458,458,201811160MEM,29.8,27.5,1st quarter,2:01.0,Marc Gasol,MEM,False,3-pointer,25,25-19,'SAC',leads
469,469,469,201811160MEM,18.2,19.5,2nd quarter,6:39.0,Marc Gasol,MEM,True,2-pointer,17,42-44,'SAC',trails
470,470,470,201811160MEM,29.1,11.6,2nd quarter,6:09.0,Marc Gasol,MEM,True,2-pointer,10,44-44,'SAC',tied
472,472,472,201811160MEM,29.2,12.4,2nd quarter,5:04.0,Marc Gasol,MEM,False,2-pointer,11,47-44,'SAC',leads
477,477,477,201811160MEM,17.7,28.4,2nd quarter,3:41.0,Marc Gasol,MEM,True,3-pointer,26,52-44,'SAC',leads
479,479,479,201811160MEM,23.8,29.0,2nd quarter,2:28.0,Marc Gasol,MEM,True,3-pointer,26,57-49,'SAC',leads
483,483,483,201811160MEM,25.2,29.4,3rd quarter,10:36.0,Marc Gasol,MEM,False,3-pointer,26,62-51,'SAC',leads
511,511,511,201811160MEM,26.2,10.6,4th quarter,7:33.0,Marc Gasol,MEM,True,2-pointer,8,99-87,'SAC',leads
514,514,514,201811160MEM,25.7,30.3,4th quarter,5:58.0,Marc Gasol,MEM,False,3-pointer,27,101-92,'SAC',leads
517,517,517,201811160MEM,20.9,29.8,4th quarter,4:31.0,Marc Gasol,MEM,False,3-pointer,27,105-97,'SAC',leads
518,518,518,201811160MEM,23.2,4.2,4th quarter,4:07.0,Marc Gasol,MEM,True,2-pointer,1,107-97,'SAC',leads
522,522,522,201811160MEM,25.1,3.4,4th quarter,1:41.0,Marc Gasol,MEM,True,2-pointer,1,109-104,'SAC',leads
196,196,196,201811180MIN,32.3,26.7,1st quarter,3:22.0,Marc Gasol,MEM,False,3-pointer,25,12-14,'MIN',trails
212,212,212,201811180MIN,28.5,12.6,2nd quarter,7:45.0,Marc Gasol,MEM,False,2-pointer,10,31-29,'MIN',leads
218,218,218,201811180MIN,36.9,5.9,2nd quarter,3:56.0,Marc Gasol,MEM,True,2-pointer,13,38-37,'MIN',leads
219,219,219,201811180MIN,10.0,9.8,2nd quarter,2:26.0,Marc Gasol,MEM,True,2-pointer,15,43-38,'MIN',leads
221,221,221,201811180MIN,6.4,21.8,2nd quarter,1:08.0,Marc Gasol,MEM,False,3-pointer,26,45-42,'MIN',leads
228,228,228,201811180MIN,24.7,4.4,3rd quarter,11:47.0,Marc Gasol,MEM,True,2-pointer,1,49-43,'MIN',leads
236,236,236,201811180MIN,0.7,5.2,3rd quarter,5:35.0,Marc Gasol,MEM,True,3-pointer,23,66-54,'MIN',leads
240,240,240,201811180MIN,29.3,22.4,3rd quarter,3:23.0,Marc Gasol,MEM,True,2-pointer,20,71-57,'MIN',leads
252,252,252,201811180MIN,19.2,16.0,4th quarter,7:25.0,Marc Gasol,MEM,False,2-pointer,14,78-70,'MIN',leads
253,253,253,201811180MIN,16.1,26.5,4th quarter,7:10.0,Marc Gasol,MEM,True,3-pointer,25,81-70,'MIN',leads
254,254,254,201811180MIN,35.2,26.5,4th quarter,6:30.0,Marc Gasol,MEM,True,3-pointer,26,84-72,'MIN',leads
256,256,256,201811180MIN,14.0,25.5,4th quarter,4:42.0,Marc Gasol,MEM,True,3-pointer,24,89-78,'MIN',leads
260,260,260,201811180MIN,16.1,27.9,4th quarter,2:42.0,Marc Gasol,MEM,False,3-pointer,26,91-78,'MIN',leads
794,794,794,201811190MEM,21.5,28.7,1st quarter,10:14.0,Marc Gasol,MEM,False,3-pointer,26,0-2,'DAL',trails
800,800,800,201811190MEM,13.7,10.8,1st quarter,6:21.0,Marc Gasol,MEM,False,2-pointer,13,8-9,'DAL',trails
823,823,823,201811190MEM,25.8,8.1,2nd quarter,6:09.0,Marc Gasol,MEM,True,2-pointer,5,34-35,'DAL',trails
824,824,824,201811190MEM,27.8,10.5,2nd quarter,5:31.0,Marc Gasol,MEM,True,2-pointer,8,37-37,'DAL',tied
825,825,825,201811190MEM,28.0,10.1,2nd quarter,5:02.0,Marc Gasol,MEM,False,2-pointer,8,37-39,'DAL',trails
827,827,827,201811190MEM,22.2,27.9,2nd quarter,4:08.0,Marc Gasol,MEM,False,3-pointer,25,39-39,'DAL',tied
834,834,834,201811190MEM,27.7,12.7,3rd quarter,11:29.0,Marc Gasol,MEM,False,2-pointer,10,53-52,'DAL',leads
835,835,835,201811190MEM,18.3,16.2,3rd quarter,10:53.0,Marc Gasol,MEM,True,2-pointer,14,55-55,'DAL',tied
836,836,836,201811190MEM,36.6,25.3,3rd quarter,10:11.0,Marc Gasol,MEM,False,3-pointer,25,55-55,'DAL',tied
840,840,840,201811190MEM,13.4,7.3,3rd quarter,8:00.0,Marc Gasol,MEM,True,2-pointer,11,63-62,'DAL',leads
844,844,844,201811190MEM,23.5,10.3,3rd quarter,5:26.0,Marc Gasol,MEM,True,2-pointer,7,67-67,'DAL',tied
854,854,854,201811190MEM,14.5,6.2,4th quarter,11:16.0,Marc Gasol,MEM,False,2-pointer,10,74-74,'DAL',tied
861,861,861,201811190MEM,32.2,27.4,4th quarter,5:29.0,Marc Gasol,MEM,False,3-pointer,26,84-84,'DAL',tied
865,865,865,201811190MEM,13.9,17.8,4th quarter,3:01.0,Marc Gasol,MEM,True,2-pointer,18,92-84,'DAL',leads
866,866,866,201811190MEM,33.4,27.0,4th quarter,2:30.0,Marc Gasol,MEM,False,3-pointer,26,92-84,'DAL',leads
869,869,869,201811190MEM,21.4,13.8,4th quarter,1:25.0,Marc Gasol,MEM,False,2-pointer,11,94-84,'DAL',leads
1974,1974,1974,201811210SAS,15.5,27.0,1st quarter,11:09.0,Marc Gasol,MEM,False,3-pointer,25,2-0,'SAS',leads
1980,1980,1980,201811210SAS,19.7,15.9,1st quarter,7:07.0,Marc Gasol,MEM,False,2-pointer,13,13-9,'SAS',leads
1982,1982,1982,201811210SAS,24.3,7.2,1st quarter,5:54.0,Marc Gasol,MEM,True,2-pointer,4,18-10,'SAS',leads
1993,1993,1993,201811210SAS,12.7,14.2,2nd quarter,10:19.0,Marc Gasol,MEM,True,2-pointer,16,35-36,'SAS',trails
1994,1994,1994,201811210SAS,18.9,17.3,2nd quarter,9:38.0,Marc Gasol,MEM,False,2-pointer,15,35-36,'SAS',trails
2017,2017,2017,201811210SAS,19.7,28.3,3rd quarter,9:54.0,Marc Gasol,MEM,False,3-pointer,25,63-62,'SAS',leads
2022,2022,2022,201811210SAS,14.4,20.8,3rd quarter,7:07.0,Marc Gasol,MEM,True,2-pointer,20,71-68,'SAS',leads
2024,2024,2024,201811210SAS,24.2,20.8,3rd quarter,6:00.0,Marc Gasol,MEM,True,2-pointer,18,75-70,'SAS',leads
2025,2025,2025,201811210SAS,41.0,21.0,3rd quarter,5:00.0,Marc Gasol,MEM,False,3-pointer,25,75-70,'SAS',leads
2027,2027,2027,201811210SAS,25.1,11.0,3rd quarter,4:05.0,Marc Gasol,MEM,False,2-pointer,8,75-71,'SAS',leads
2028,2028,2028,201811210SAS,27.4,7.8,3rd quarter,3:30.0,Marc Gasol,MEM,True,2-pointer,6,77-71,'SAS',leads
2050,2050,2050,201811210SAS,28.3,3.7,4th quarter,1:52.0,Marc Gasol,MEM,True,2-pointer,4,100-99,'SAS',leads
2051,2051,2051,201811210SAS,0.8,9.8,4th quarter,1:38.0,Marc Gasol,MEM,False,3-pointer,24,100-101,'SAS',trails
1248,1248,1248,201811230LAC,14.4,5.6,1st quarter,5:57.0,Marc Gasol,MEM,False,2-pointer,10,13-10,'MEM',leads
1252,1252,1252,201811230LAC,23.2,12.1,1st quarter,4:09.0,Marc Gasol,MEM,False,2-pointer,9,13-14,'MEM',trails
1254,1254,1254,201811230LAC,32.2,12.7,1st quarter,2:52.0,Marc Gasol,MEM,False,2-pointer,12,16-14,'MEM',leads
1271,1271,1271,201811230LAC,33.6,10.1,2nd quarter,4:50.0,Marc Gasol,MEM,True,2-pointer,12,35-34,'MEM',leads
1276,1276,1276,201811230LAC,19.0,21.2,2nd quarter,2:37.0,Marc Gasol,MEM,True,2-pointer,19,43-39,'MEM',leads
1277,1277,1277,201811230LAC,23.4,5.2,2nd quarter,1:59.0,Marc Gasol,MEM,True,2-pointer,2,45-42,'MEM',leads
1280,1280,1280,201811230LAC,25.0,4.0,2nd quarter,0:51.0,Marc Gasol,MEM,True,2-pointer,1,49-44,'MEM',leads
1282,1282,1282,201811230LAC,23.7,7.1,2nd quarter,0:16.0,Marc Gasol,MEM,True,2-pointer,4,51-44,'MEM',leads
1286,1286,1286,201811230LAC,18.1,11.3,3rd quarter,9:23.0,Marc Gasol,MEM,True,2-pointer,10,54-50,'MEM',leads
1288,1288,1288,201811230LAC,12.5,25.1,3rd quarter,8:15.0,Marc Gasol,MEM,False,3-pointer,25,54-52,'MEM',leads
1291,1291,1291,201811230LAC,30.0,27.6,3rd quarter,5:52.0,Marc Gasol,MEM,False,3-pointer,25,58-58,'MEM',tied
1296,1296,1296,201811230LAC,22.5,4.0,3rd quarter,3:41.0,Marc Gasol,MEM,True,2-pointer,2,66-63,'MEM',leads
1316,1316,1316,201811230LAC,23.7,21.4,4th quarter,5:47.0,Marc Gasol,MEM,False,2-pointer,18,84-80,'MEM',leads
1317,1317,1317,201811230LAC,23.7,15.9,4th quarter,4:53.0,Marc Gasol,MEM,False,2-pointer,13,86-80,'MEM',leads
1318,1318,1318,201811230LAC,15.6,7.1,4th quarter,3:51.0,Marc Gasol,MEM,True,2-pointer,9,90-85,'MEM',leads
1320,1320,1320,201811230LAC,28.4,16.9,4th quarter,0:37.0,Marc Gasol,MEM,False,2-pointer,14,96-93,'MEM',leads
1322,1322,1322,201811230LAC,9.7,23.1,1st overtime,3:57.0,Marc Gasol,MEM,True,3-pointer,24,101-98,'MEM',leads
1325,1325,1325,201811230LAC,15.7,7.1,1st overtime,1:34.0,Marc Gasol,MEM,True,2-pointer,9,103-104,'MEM',trails
1328,1328,1328,201811230LAC,25.3,4.3,1st overtime,0:22.0,Marc Gasol,MEM,True,2-pointer,2,107-109,'MEM',trails
805,805,805,201811250MEM,24.4,2.8,1st quarter,9:37.0,Marc Gasol,MEM,True,2-pointer,1,4-5,'NYK',trails
807,807,807,201811250MEM,30.1,11.3,1st quarter,8:39.0,Marc Gasol,MEM,True,2-pointer,10,8-9,'NYK',trails
810,810,810,201811250MEM,29.6,3.9,1st quarter,7:02.0,Marc Gasol,MEM,False,2-pointer,6,10-9,'NYK',leads
811,811,811,201811250MEM,24.4,28.0,1st quarter,6:40.0,Marc Gasol,MEM,True,3-pointer,25,13-9,'NYK',leads
812,812,812,201811250MEM,15.7,19.3,1st quarter,5:59.0,Marc Gasol,MEM,False,2-pointer,18,13-11,'NYK',leads
815,815,815,201811250MEM,16.8,14.4,1st quarter,4:33.0,Marc Gasol,MEM,False,2-pointer,13,16-14,'NYK',leads
819,819,819,201811250MEM,23.1,2.1,1st quarter,2:48.0,Marc Gasol,MEM,True,2-pointer,1,20-16,'NYK',leads
832,832,832,201811250MEM,26.2,6.4,2nd quarter,7:12.0,Marc Gasol,MEM,False,2-pointer,4,37-29,'NYK',leads
836,836,836,201811250MEM,25.2,4.2,2nd quarter,5:29.0,Marc Gasol,MEM,False,2-pointer,1,41-32,'NYK',leads
838,838,838,201811250MEM,24.7,28.4,2nd quarter,3:48.0,Marc Gasol,MEM,False,3-pointer,25,44-36,'NYK',leads
841,841,841,201811250MEM,30.4,29.0,2nd quarter,1:43.0,Marc Gasol,MEM,True,3-pointer,27,50-40,'NYK',leads
843,843,843,201811250MEM,22.0,11.3,2nd quarter,0:36.0,Marc Gasol,MEM,True,2-pointer,8,52-43,'NYK',leads
851,851,851,201811250MEM,3.3,18.3,3rd quarter,8:05.0,Marc Gasol,MEM,True,3-pointer,26,66-53,'NYK',leads
853,853,853,201811250MEM,16.7,5.2,3rd quarter,6:54.0,Marc Gasol,MEM,False,2-pointer,8,66-57,'NYK',leads
857,857,857,201811250MEM,15.0,14.2,3rd quarter,3:32.0,Marc Gasol,MEM,False,2-pointer,14,69-70,'NYK',trails
865,865,865,201811250MEM,24.2,2.9,4th quarter,11:01.0,Marc Gasol,MEM,True,2-pointer,0,73-80,'NYK',trails
867,867,867,201811250MEM,25.7,3.8,4th quarter,9:56.0,Marc Gasol,MEM,False,2-pointer,2,76-82,'NYK',trails
870,870,870,201811250MEM,11.4,26.4,4th quarter,8:31.0,Marc Gasol,MEM,False,3-pointer,26,80-84,'NYK',trails
873,873,873,201811250MEM,23.5,2.8,4th quarter,6:58.0,Marc Gasol,MEM,True,2-pointer,1,85-87,'NYK',trails
883,883,883,201811250MEM,24.3,3.6,4th quarter,0:23.0,Marc Gasol,MEM,True,2-pointer,0,95-99,'NYK',trails
885,885,885,201811250MEM,10.7,26.4,4th quarter,0:02.0,Marc Gasol,MEM,False,3-pointer,27,98-103,'NYK',trails
424,424,424,201811270MEM,29.8,11.1,1st quarter,9:41.0,Marc Gasol,MEM,True,2-pointer,10,4-8,'TOR',trails
432,432,432,201811270MEM,35.2,25.9,1st quarter,5:40.0,Marc Gasol,MEM,False,3-pointer,25,11-13,'TOR',trails
438,438,438,201811270MEM,25.5,18.2,1st quarter,2:17.0,Marc Gasol,MEM,True,2-pointer,15,21-21,'TOR',tied
440,440,440,201811270MEM,10.9,9.3,1st quarter,1:21.0,Marc Gasol,MEM,True,2-pointer,14,25-23,'TOR',leads
442,442,442,201811270MEM,30.1,27.9,1st quarter,0:32.0,Marc Gasol,MEM,True,3-pointer,25,30-29,'TOR',leads
460,460,460,201811270MEM,26.0,9.5,2nd quarter,4:41.0,Marc Gasol,MEM,False,2-pointer,7,56-48,'TOR',leads
461,461,461,201811270MEM,27.3,6.4,2nd quarter,4:24.0,Marc Gasol,MEM,True,2-pointer,5,58-48,'TOR',leads
462,462,462,201811270MEM,9.6,4.7,2nd quarter,3:47.0,Marc Gasol,MEM,False,2-pointer,14,58-48,'TOR',leads
465,465,465,201811270MEM,22.9,7.9,2nd quarter,2:20.0,Marc Gasol,MEM,True,2-pointer,5,62-51,'TOR',leads
468,468,468,201811270MEM,42.1,19.6,3rd quarter,11:37.0,Marc Gasol,MEM,True,3-pointer,24,74-59,'TOR',leads
472,472,472,201811270MEM,23.9,16.3,3rd quarter,9:41.0,Marc Gasol,MEM,True,2-pointer,13,78-61,'TOR',leads
477,477,477,201811270MEM,5.2,27.2,3rd quarter,6:30.0,Marc Gasol,MEM,True,3-pointer,30,86-73,'TOR',leads
480,480,480,201811270MEM,10.6,24.6,3rd quarter,4:53.0,Marc Gasol,MEM,False,3-pointer,25,86-79,'TOR',leads
491,491,491,201811270MEM,17.5,27.3,4th quarter,8:58.0,Marc Gasol,MEM,True,3-pointer,25,105-96,'TOR',leads
180,180,180,201811300BRK,24.5,5.5,1st quarter,5:33.0,Marc Gasol,MEM,True,2-pointer,2,15-13,'MEM',leads
181,181,181,201811300BRK,24.8,4.7,1st quarter,5:09.0,Marc Gasol,MEM,True,2-pointer,2,17-13,'MEM',leads
187,187,187,201811300BRK,16.8,9.3,1st quarter,2:21.0,Marc Gasol,MEM,True,2-pointer,9,24-17,'MEM',leads
202,202,202,201811300BRK,10.4,24.3,2nd quarter,6:36.0,Marc Gasol,MEM,True,3-pointer,25,45-39,'MEM',leads
214,214,214,201811300BRK,23.6,4.9,3rd quarter,11:47.0,Marc Gasol,MEM,True,2-pointer,2,60-58,'MEM',leads
221,221,221,201811300BRK,22.8,28.4,3rd quarter,7:47.0,Marc Gasol,MEM,True,3-pointer,25,67-66,'MEM',leads
237,237,237,201811300BRK,15.6,27.5,4th quarter,10:09.0,Marc Gasol,MEM,False,3-pointer,26,87-85,'MEM',leads
242,242,242,201811300BRK,16.7,26.8,4th quarter,6:37.0,Marc Gasol,MEM,False,3-pointer,25,90-94,'MEM',trails
246,246,246,201811300BRK,23.8,4.9,4th quarter,4:34.0,Marc Gasol,MEM,False,2-pointer,2,92-99,'MEM',trails
733,733,733,201812020PHI,34.9,14.9,1st quarter,9:35.0,Marc Gasol,MEM,False,2-pointer,16,3-10,'MEM',trails
736,736,736,201812020PHI,7.3,7.6,1st quarter,7:38.0,Marc Gasol,MEM,False,2-pointer,17,5-10,'MEM',trails
755,755,755,201812020PHI,18.8,23.9,2nd quarter,9:24.0,Marc Gasol,MEM,True,2-pointer,21,29-33,'MEM',trails
759,759,759,201812020PHI,14.7,30.9,2nd quarter,7:39.0,Marc Gasol,MEM,False,3-pointer,29,34-40,'MEM',trails
760,760,760,201812020PHI,21.7,13.5,2nd quarter,6:48.0,Marc Gasol,MEM,False,2-pointer,10,36-40,'MEM',trails
763,763,763,201812020PHI,24.1,19.4,2nd quarter,3:13.0,Marc Gasol,MEM,False,2-pointer,16,40-47,'MEM',trails
768,768,768,201812020PHI,25.6,14.0,3rd quarter,11:40.0,Marc Gasol,MEM,False,2-pointer,11,44-54,'MEM',trails
773,773,773,201812020PHI,20.1,28.6,3rd quarter,7:47.0,Marc Gasol,MEM,True,3-pointer,26,55-63,'MEM',trails
774,774,774,201812020PHI,25.5,28.6,3rd quarter,7:07.0,Marc Gasol,MEM,False,3-pointer,25,56-63,'MEM',trails
788,788,788,201812020PHI,30.2,30.0,4th quarter,9:41.0,Marc Gasol,MEM,False,3-pointer,27,74-79,'MEM',trails
793,793,793,201812020PHI,18.2,22.3,4th quarter,6:46.0,Marc Gasol,MEM,False,2-pointer,20,81-86,'MEM',trails
798,798,798,201812020PHI,24.0,31.0,4th quarter,4:06.0,Marc Gasol,MEM,True,3-pointer,28,84-92,'MEM',trails
799,799,799,201812020PHI,24.3,22.5,4th quarter,3:35.0,Marc Gasol,MEM,False,2-pointer,19,84-92,'MEM',trails
804,804,804,201812020PHI,30.3,22.8,4th quarter,0:42.0,Marc Gasol,MEM,True,2-pointer,20,91-97,'MEM',trails
805,805,805,201812050MEM,20.6,8.8,1st quarter,10:17.0,Marc Gasol,MEM,False,2-pointer,7,4-0,'MEM',leads
810,810,810,201812050MEM,24.3,15.0,1st quarter,8:47.0,Marc Gasol,MEM,True,2-pointer,12,10-0,'MEM',leads
811,811,811,201812050MEM,19.2,14.1,1st quarter,8:22.0,Marc Gasol,MEM,False,2-pointer,12,10-0,'MEM',leads
836,836,836,201812050MEM,26.3,18.8,2nd quarter,5:09.0,Marc Gasol,MEM,False,2-pointer,16,38-24,'MEM',leads
840,840,840,201812050MEM,28.1,13.9,2nd quarter,3:11.0,Marc Gasol,MEM,False,2-pointer,11,43-30,'MEM',leads
843,843,843,201812050MEM,32.8,6.7,2nd quarter,1:06.0,Marc Gasol,MEM,False,2-pointer,9,46-38,'MEM',leads
845,845,845,201812050MEM,15.3,26.3,2nd quarter,0:12.0,Marc Gasol,MEM,False,3-pointer,25,48-42,'MEM',leads
853,853,853,201812050MEM,38.3,25.8,3rd quarter,7:51.0,Marc Gasol,MEM,False,3-pointer,27,51-53,'MEM',trails
854,854,854,201812050MEM,24.3,4.8,3rd quarter,7:50.0,Marc Gasol,MEM,False,2-pointer,2,52-53,'MEM',trails
875,875,875,201812050MEM,10.3,26.4,4th quarter,8:15.0,Marc Gasol,MEM,False,3-pointer,27,80-74,'MEM',leads
878,878,878,201812050MEM,17.3,28.3,4th quarter,6:00.0,Marc Gasol,MEM,False,3-pointer,26,85-79,'MEM',leads
881,881,881,201812050MEM,25.2,9.3,4th quarter,4:19.0,Marc Gasol,MEM,False,2-pointer,6,88-82,'MEM',leads
885,885,885,201812050MEM,24.7,28.8,4th quarter,0:56.0,Marc Gasol,MEM,False,3-pointer,26,94-86,'MEM',leads
1087,1087,1087,201812070NOP,10.7,13.9,1st quarter,11:12.0,Marc Gasol,MEM,True,2-pointer,17,3-2,'NOP',leads
1088,1088,1088,201812070NOP,23.2,12.2,1st quarter,10:37.0,Marc Gasol,MEM,False,2-pointer,9,3-4,'NOP',trails
1089,1089,1089,201812070NOP,26.0,12.9,1st quarter,9:51.0,Marc Gasol,MEM,False,2-pointer,10,3-6,'NOP',trails
1090,1090,1090,201812070NOP,23.2,4.1,1st quarter,9:22.0,Marc Gasol,MEM,True,2-pointer,1,5-8,'NOP',trails
1093,1093,1093,201812070NOP,22.1,3.2,1st quarter,8:06.0,Marc Gasol,MEM,False,2-pointer,2,9-11,'NOP',trails
1123,1123,1123,201812070NOP,21.1,4.1,2nd quarter,4:13.0,Marc Gasol,MEM,True,2-pointer,3,50-46,'NOP',leads
1125,1125,1125,201812070NOP,17.7,10.8,2nd quarter,3:19.0,Marc Gasol,MEM,False,2-pointer,10,50-52,'NOP',trails
1126,1126,1126,201812070NOP,28.3,7.0,2nd quarter,2:46.0,Marc Gasol,MEM,False,2-pointer,6,51-54,'NOP',trails
1129,1129,1129,201812070NOP,20.8,3.7,2nd quarter,0:53.0,Marc Gasol,MEM,True,2-pointer,3,56-58,'NOP',trails
1134,1134,1134,201812070NOP,22.2,30.3,3rd quarter,10:44.0,Marc Gasol,MEM,True,3-pointer,27,64-62,'NOP',leads
1138,1138,1138,201812070NOP,26.9,13.4,3rd quarter,7:34.0,Marc Gasol,MEM,False,2-pointer,11,66-68,'NOP',trails
1162,1162,1162,201812070NOP,16.3,25.7,4th quarter,5:38.0,Marc Gasol,MEM,False,2-pointer,24,90-97,'NOP',trails
1167,1167,1167,201812080MEM,24.8,15.5,1st quarter,9:33.0,Marc Gasol,MEM,False,2-pointer,12,5-4,'LAL',leads
1171,1171,1171,201812080MEM,27.3,12.3,1st quarter,7:47.0,Marc Gasol,MEM,True,2-pointer,10,7-4,'LAL',leads
1178,1178,1178,201812080MEM,33.1,26.3,1st quarter,4:01.0,Marc Gasol,MEM,False,3-pointer,25,12-14,'LAL',trails
1197,1197,1197,201812080MEM,12.2,24.3,2nd quarter,4:50.0,Marc Gasol,MEM,True,3-pointer,24,32-49,'LAL',trails
1198,1198,1198,201812080MEM,24.2,2.7,2nd quarter,3:04.0,Marc Gasol,MEM,True,2-pointer,1,34-54,'LAL',trails
1200,1200,1200,201812080MEM,13.7,4.7,2nd quarter,2:00.0,Marc Gasol,MEM,True,2-pointer,10,39-57,'LAL',trails
1201,1201,1201,201812080MEM,19.4,9.0,2nd quarter,1:26.0,Marc Gasol,MEM,False,2-pointer,7,39-60,'LAL',trails
1222,1222,1222,201812080MEM,23.9,29.0,4th quarter,11:00.0,Marc Gasol,MEM,False,3-pointer,26,66-91,'LAL',trails
1225,1225,1225,201812080MEM,24.0,2.7,4th quarter,9:35.0,Marc Gasol,MEM,True,2-pointer,1,70-91,'LAL',trails
511,511,511,201812100DEN,19.2,7.7,1st quarter,10:36.0,Marc Gasol,MEM,False,2-pointer,7,2-0,'DEN',leads
515,515,515,201812100DEN,22.3,12.1,1st quarter,7:40.0,Marc Gasol,MEM,False,2-pointer,9,4-5,'DEN',trails
552,552,552,201812100DEN,38.3,7.5,3rd quarter,8:27.0,Marc Gasol,MEM,True,2-pointer,15,60-61,'DEN',trails
556,556,556,201812100DEN,23.5,28.7,3rd quarter,6:19.0,Marc Gasol,MEM,True,3-pointer,25,72-65,'DEN',leads
557,557,557,201812100DEN,27.9,4.6,3rd quarter,5:13.0,Marc Gasol,MEM,False,2-pointer,4,72-69,'DEN',leads
578,578,578,201812100DEN,16.1,26.8,4th quarter,2:15.0,Marc Gasol,MEM,False,3-pointer,25,97-98,'DEN',trails
968,968,968,201812120MEM,12.7,26.8,1st quarter,8:40.0,Marc Gasol,MEM,False,3-pointer,26,0-9,'POR',trails
971,971,971,201812120MEM,9.8,20.8,1st quarter,7:43.0,Marc Gasol,MEM,False,2-pointer,23,2-11,'POR',trails
976,976,976,201812120MEM,28.5,20.8,1st quarter,5:09.0,Marc Gasol,MEM,False,2-pointer,18,4-15,'POR',trails
999,999,999,201812120MEM,31.9,18.9,2nd quarter,4:20.0,Marc Gasol,MEM,False,2-pointer,18,32-30,'POR',leads
1002,1002,1002,201812120MEM,17.8,13.2,2nd quarter,3:13.0,Marc Gasol,MEM,False,2-pointer,12,34-32,'POR',leads
1004,1004,1004,201812120MEM,20.2,6.8,2nd quarter,2:01.0,Marc Gasol,MEM,False,2-pointer,5,35-34,'POR',leads
1006,1006,1006,201812120MEM,18.6,22.0,2nd quarter,1:10.0,Marc Gasol,MEM,False,2-pointer,20,37-37,'POR',tied
1007,1007,1007,201812120MEM,28.3,8.0,2nd quarter,0:47.0,Marc Gasol,MEM,True,2-pointer,6,39-38,'POR',leads
1008,1008,1008,201812120MEM,24.9,29.7,2nd quarter,0:25.0,Marc Gasol,MEM,True,3-pointer,26,42-38,'POR',leads
1012,1012,1012,201812120MEM,37.3,25.1,3rd quarter,9:53.0,Marc Gasol,MEM,False,3-pointer,26,50-44,'POR',leads
1014,1014,1014,201812120MEM,14.0,18.8,3rd quarter,8:46.0,Marc Gasol,MEM,False,2-pointer,18,52-44,'POR',leads
1017,1017,1017,201812120MEM,23.8,14.7,3rd quarter,7:33.0,Marc Gasol,MEM,True,2-pointer,11,56-46,'POR',leads
1022,1022,1022,201812120MEM,23.7,3.7,3rd quarter,3:38.0,Marc Gasol,MEM,True,2-pointer,1,62-53,'POR',leads
1037,1037,1037,201812120MEM,15.6,27.9,4th quarter,5:37.0,Marc Gasol,MEM,False,3-pointer,26,79-76,'POR',leads
1046,1046,1046,201812120MEM,26.8,28.9,4th quarter,0:30.0,Marc Gasol,MEM,False,3-pointer,26,92-81,'POR',leads
990,990,990,201812140MEM,36.1,8.3,1st quarter,10:22.0,Marc Gasol,MEM,True,2-pointer,13,6-2,'MIA',leads
999,999,999,201812140MEM,14.0,20.0,1st quarter,4:30.0,Marc Gasol,MEM,False,2-pointer,20,20-18,'MIA',leads
1001,1001,1001,201812140MEM,23.6,3.4,1st quarter,3:38.0,Marc Gasol,MEM,True,2-pointer,0,22-19,'MIA',leads
1002,1002,1002,201812140MEM,24.7,3.7,1st quarter,2:54.0,Marc Gasol,MEM,False,2-pointer,1,22-22,'MIA',tied
1019,1019,1019,201812140MEM,28.3,11.1,2nd quarter,6:22.0,Marc Gasol,MEM,True,2-pointer,9,35-41,'MIA',trails
1027,1027,1027,201812140MEM,23.9,4.2,2nd quarter,2:13.0,Marc Gasol,MEM,False,2-pointer,1,44-51,'MIA',trails
1028,1028,1028,201812140MEM,30.3,27.4,2nd quarter,2:05.0,Marc Gasol,MEM,False,3-pointer,25,44-51,'MIA',trails
1030,1030,1030,201812140MEM,24.3,29.1,2nd quarter,1:04.0,Marc Gasol,MEM,False,3-pointer,26,44-51,'MIA',trails
1032,1032,1032,201812140MEM,23.6,12.1,3rd quarter,11:43.0,Marc Gasol,MEM,True,2-pointer,9,51-51,'MIA',tied
1033,1033,1033,201812140MEM,12.8,19.6,3rd quarter,10:00.0,Marc Gasol,MEM,True,2-pointer,20,54-53,'MIA',leads
1037,1037,1037,201812140MEM,10.1,24.9,3rd quarter,6:56.0,Marc Gasol,MEM,False,3-pointer,26,57-60,'MIA',trails
1040,1040,1040,201812140MEM,19.3,12.0,3rd quarter,4:49.0,Marc Gasol,MEM,False,2-pointer,10,61-65,'MIA',trails
1057,1057,1057,201812140MEM,23.1,3.4,4th quarter,5:46.0,Marc Gasol,MEM,False,2-pointer,1,78-84,'MIA',trails
1060,1060,1060,201812140MEM,26.2,28.4,4th quarter,3:53.0,Marc Gasol,MEM,False,3-pointer,25,85-88,'MIA',trails
1065,1065,1065,201812140MEM,23.2,4.2,4th quarter,1:01.0,Marc Gasol,MEM,False,2-pointer,1,89-94,'MIA',trails
1071,1071,1071,201812140MEM,24.3,34.7,4th quarter,0:01.0,Marc Gasol,MEM,True,3-pointer,31,97-100,'MIA',trails
431,431,431,201812150MEM,24.1,9.8,1st quarter,11:22.0,Marc Gasol,MEM,True,2-pointer,7,2-2,'HOU',tied
437,437,437,201812150MEM,24.5,3.7,1st quarter,8:55.0,Marc Gasol,MEM,True,2-pointer,1,8-12,'HOU',trails
439,439,439,201812150MEM,24.0,2.7,1st quarter,7:46.0,Marc Gasol,MEM,True,2-pointer,1,10-14,'HOU',trails
440,440,440,201812150MEM,24.8,27.7,1st quarter,7:33.0,Marc Gasol,MEM,True,3-pointer,24,13-14,'HOU',trails
441,441,441,201812150MEM,13.8,14.4,1st quarter,6:51.0,Marc Gasol,MEM,False,2-pointer,15,13-16,'HOU',trails
443,443,443,201812150MEM,25.2,3.3,1st quarter,5:53.0,Marc Gasol,MEM,True,2-pointer,1,18-20,'HOU',trails
444,444,444,201812150MEM,14.1,11.7,1st quarter,5:20.0,Marc Gasol,MEM,False,2-pointer,13,18-22,'HOU',trails
458,458,458,201812150MEM,26.8,8.3,2nd quarter,7:55.0,Marc Gasol,MEM,True,2-pointer,6,35-45,'HOU',trails
464,464,464,201812150MEM,14.1,25.8,2nd quarter,3:16.0,Marc Gasol,MEM,False,3-pointer,25,37-51,'HOU',trails
469,469,469,201812150MEM,24.8,3.4,3rd quarter,10:43.0,Marc Gasol,MEM,False,2-pointer,1,40-61,'HOU',trails
475,475,475,201812150MEM,12.2,8.7,3rd quarter,7:35.0,Marc Gasol,MEM,False,2-pointer,13,47-61,'HOU',trails
504,504,504,201812150MEM,24.7,3.4,4th quarter,0:27.0,Marc Gasol,MEM,True,2-pointer,1,97-103,'HOU',trails
180,180,180,201812170GSW,10.2,17.8,1st quarter,8:12.0,Marc Gasol,MEM,True,2-pointer,20,6-7,'GSW',trails
182,182,182,201812170GSW,23.4,3.9,1st quarter,7:07.0,Marc Gasol,MEM,True,2-pointer,1,8-9,'GSW',trails
200,200,200,201812170GSW,18.7,8.8,2nd quarter,8:17.0,Marc Gasol,MEM,True,2-pointer,8,26-38,'GSW',trails
207,207,207,201812170GSW,3.3,22.7,2nd quarter,3:35.0,Marc Gasol,MEM,False,3-pointer,28,34-51,'GSW',trails
214,214,214,201812170GSW,40.2,17.5,3rd quarter,11:16.0,Marc Gasol,MEM,False,2-pointer,22,40-61,'GSW',trails
216,216,216,201812170GSW,29.3,29.5,3rd quarter,10:37.0,Marc Gasol,MEM,True,3-pointer,27,45-61,'GSW',trails
218,218,218,201812170GSW,16.6,27.7,3rd quarter,9:15.0,Marc Gasol,MEM,False,3-pointer,26,47-63,'GSW',trails
225,225,225,201812170GSW,21.2,7.9,3rd quarter,3:30.0,Marc Gasol,MEM,False,2-pointer,5,59-76,'GSW',trails
227,227,227,201812170GSW,34.5,9.6,3rd quarter,2:51.0,Marc Gasol,MEM,True,2-pointer,12,61-78,'GSW',trails
1415,1415,1415,201812190POR,14.1,19.6,1st quarter,4:47.0,Marc Gasol,MEM,True,2-pointer,19,17-8,'POR',leads
1420,1420,1420,201812190POR,33.6,27.9,1st quarter,1:25.0,Marc Gasol,MEM,False,3-pointer,26,17-10,'POR',leads
1421,1421,1421,201812190POR,22.6,23.9,1st quarter,1:08.0,Marc Gasol,MEM,False,2-pointer,21,17-12,'POR',leads
1446,1446,1446,201812190POR,34.5,26.3,2nd quarter,0:54.0,Marc Gasol,MEM,False,3-pointer,25,46-43,'POR',leads
1452,1452,1452,201812190POR,30.0,27.8,3rd quarter,8:46.0,Marc Gasol,MEM,False,3-pointer,25,58-53,'POR',leads
1457,1457,1457,201812190POR,9.2,5.5,3rd quarter,4:23.0,Marc Gasol,MEM,False,2-pointer,15,66-69,'POR',trails
1464,1464,1464,201812190POR,17.9,11.6,4th quarter,9:45.0,Marc Gasol,MEM,False,2-pointer,10,71-82,'POR',trails
1465,1465,1465,201812190POR,24.0,2.7,4th quarter,9:41.0,Marc Gasol,MEM,False,2-pointer,1,71-82,'POR',trails
1468,1468,1468,201812190POR,38.7,23.2,4th quarter,8:19.0,Marc Gasol,MEM,False,3-pointer,25,71-85,'POR',trails
1470,1470,1470,201812190POR,24.3,22.8,4th quarter,6:55.0,Marc Gasol,MEM,True,2-pointer,20,75-87,'POR',trails
1473,1473,1473,201812190POR,26.3,4.6,4th quarter,5:02.0,Marc Gasol,MEM,True,2-pointer,3,77-91,'POR',trails
1474,1474,1474,201812190POR,36.8,24.8,4th quarter,4:35.0,Marc Gasol,MEM,False,3-pointer,25,78-91,'POR',trails
1480,1480,1480,201812190POR,11.1,24.9,4th quarter,1:20.0,Marc Gasol,MEM,True,3-pointer,25,90-99,'POR',trails
1197,1197,1197,201812210SAC,11.2,18.5,1st quarter,3:04.0,Marc Gasol,MEM,False,2-pointer,20,20-17,'SAC',leads
1201,1201,1201,201812210SAC,25.9,28.5,1st quarter,1:13.0,Marc Gasol,MEM,True,3-pointer,25,30-20,'SAC',leads
1206,1206,1206,201812210SAC,29.1,19.5,2nd quarter,10:55.0,Marc Gasol,MEM,True,2-pointer,17,34-24,'SAC',leads
1207,1207,1207,201812210SAC,20.7,20.0,2nd quarter,10:11.0,Marc Gasol,MEM,False,2-pointer,17,34-24,'SAC',leads
1208,1208,1208,201812210SAC,21.4,17.2,2nd quarter,10:06.0,Marc Gasol,MEM,False,2-pointer,14,34-24,'SAC',leads
1212,1212,1212,201812210SAC,30.8,27.5,2nd quarter,7:50.0,Marc Gasol,MEM,False,3-pointer,25,38-27,'SAC',leads
1222,1222,1222,201812210SAC,25.4,9.0,2nd quarter,1:39.0,Marc Gasol,MEM,False,2-pointer,6,53-38,'SAC',leads
1224,1224,1224,201812210SAC,30.2,15.2,3rd quarter,11:38.0,Marc Gasol,MEM,False,2-pointer,13,53-40,'SAC',leads
1230,1230,1230,201812210SAC,20.8,8.5,3rd quarter,7:34.0,Marc Gasol,MEM,False,2-pointer,6,62-55,'SAC',leads
1247,1247,1247,201812210SAC,13.7,26.2,4th quarter,9:16.0,Marc Gasol,MEM,True,3-pointer,25,82-73,'SAC',leads
1255,1255,1255,201812210SAC,16.9,27.4,4th quarter,3:27.0,Marc Gasol,MEM,False,3-pointer,25,95-88,'SAC',leads
1261,1261,1261,201812210SAC,3.9,17.9,4th quarter,0:07.0,Marc Gasol,MEM,False,3-pointer,25,97-100,'SAC',trails
1025,1025,1025,201812230LAL,14.2,10.9,1st quarter,11:12.0,Marc Gasol,MEM,False,2-pointer,12,0-0,'LAL',tied
1027,1027,1027,201812230LAL,34.5,26.3,1st quarter,10:09.0,Marc Gasol,MEM,False,3-pointer,25,1-4,'LAL',trails
1030,1030,1030,201812230LAL,23.5,5.2,1st quarter,8:43.0,Marc Gasol,MEM,True,2-pointer,2,6-6,'LAL',tied
1035,1035,1035,201812230LAL,23.2,10.7,1st quarter,5:50.0,Marc Gasol,MEM,False,2-pointer,7,10-12,'LAL',trails
1040,1040,1040,201812230LAL,21.9,7.3,1st quarter,3:58.0,Marc Gasol,MEM,False,2-pointer,5,12-16,'LAL',trails
1041,1041,1041,201812230LAL,20.7,9.4,1st quarter,3:17.0,Marc Gasol,MEM,False,2-pointer,7,12-18,'LAL',trails
1064,1064,1064,201812230LAL,36.8,11.4,2nd quarter,4:36.0,Marc Gasol,MEM,False,2-pointer,15,36-36,'LAL',tied
1065,1065,1065,201812230LAL,24.0,6.8,2nd quarter,4:02.0,Marc Gasol,MEM,True,2-pointer,4,38-38,'LAL',tied
1067,1067,1067,201812230LAL,22.2,29.3,2nd quarter,2:16.0,Marc Gasol,MEM,True,3-pointer,26,42-43,'LAL',trails
1068,1068,1068,201812230LAL,23.4,6.1,2nd quarter,1:49.0,Marc Gasol,MEM,True,2-pointer,3,44-43,'LAL',leads
1069,1069,1069,201812230LAL,13.3,19.3,2nd quarter,1:07.0,Marc Gasol,MEM,True,2-pointer,19,46-46,'LAL',tied
1073,1073,1073,201812230LAL,24.6,5.4,3rd quarter,10:21.0,Marc Gasol,MEM,False,2-pointer,2,50-48,'LAL',leads
1082,1082,1082,201812230LAL,32.9,29.2,3rd quarter,5:50.0,Marc Gasol,MEM,False,3-pointer,27,63-62,'LAL',leads
1083,1083,1083,201812230LAL,19.2,5.1,3rd quarter,5:24.0,Marc Gasol,MEM,False,2-pointer,5,63-62,'LAL',leads
1107,1107,1107,201812230LAL,38.3,23.6,4th quarter,4:08.0,Marc Gasol,MEM,True,3-pointer,25,91-89,'LAL',leads
1108,1108,1108,201812230LAL,25.6,5.3,4th quarter,3:42.0,Marc Gasol,MEM,True,2-pointer,3,93-91,'LAL',leads
1190,1190,1190,201812260MEM,24.7,12.7,1st quarter,10:55.0,Marc Gasol,MEM,True,2-pointer,9,4-0,'MEM',leads
1191,1191,1191,201812260MEM,23.8,11.5,1st quarter,9:57.0,Marc Gasol,MEM,False,2-pointer,8,4-1,'MEM',leads
1192,1192,1192,201812260MEM,24.8,28.9,1st quarter,9:32.0,Marc Gasol,MEM,False,3-pointer,26,4-1,'MEM',leads
1197,1197,1197,201812260MEM,20.2,19.8,1st quarter,5:54.0,Marc Gasol,MEM,False,2-pointer,17,9-1,'MEM',leads
1219,1219,1219,201812260MEM,14.5,20.0,2nd quarter,5:24.0,Marc Gasol,MEM,True,2-pointer,19,34-26,'MEM',leads
1229,1229,1229,201812260MEM,24.2,4.3,3rd quarter,9:39.0,Marc Gasol,MEM,True,2-pointer,1,49-39,'MEM',leads
1232,1232,1232,201812260MEM,37.5,19.8,3rd quarter,7:17.0,Marc Gasol,MEM,True,2-pointer,21,52-43,'MEM',leads
1233,1233,1233,201812260MEM,25.2,29.6,3rd quarter,6:58.0,Marc Gasol,MEM,True,3-pointer,26,55-43,'MEM',leads
1235,1235,1235,201812260MEM,23.4,3.3,3rd quarter,5:38.0,Marc Gasol,MEM,False,2-pointer,1,57-45,'MEM',leads
1249,1249,1249,201812260MEM,19.2,15.7,4th quarter,7:58.0,Marc Gasol,MEM,False,2-pointer,13,74-59,'MEM',leads
1253,1253,1253,201812260MEM,27.6,8.5,4th quarter,6:13.0,Marc Gasol,MEM,True,2-pointer,6,78-62,'MEM',leads
1254,1254,1254,201812260MEM,22.3,29.0,4th quarter,5:45.0,Marc Gasol,MEM,False,3-pointer,26,78-64,'MEM',leads
1258,1258,1258,201812260MEM,31.5,27.3,4th quarter,1:49.0,Marc Gasol,MEM,False,3-pointer,25,86-78,'MEM',leads
438,438,438,201812290MEM,30.1,14.8,1st quarter,7:45.0,Marc Gasol,MEM,True,2-pointer,13,8-6,'BOS',leads
442,442,442,201812290MEM,10.7,25.2,1st quarter,5:26.0,Marc Gasol,MEM,False,3-pointer,26,14-13,'BOS',leads
445,445,445,201812290MEM,25.3,10.3,1st quarter,4:07.0,Marc Gasol,MEM,True,2-pointer,7,16-17,'BOS',trails
446,446,446,201812290MEM,18.1,7.2,1st quarter,3:37.0,Marc Gasol,MEM,True,2-pointer,7,18-20,'BOS',trails
461,461,461,201812290MEM,13.5,27.2,2nd quarter,3:49.0,Marc Gasol,MEM,True,3-pointer,26,51-42,'BOS',leads
467,467,467,201812290MEM,21.7,10.3,2nd quarter,0:49.0,Marc Gasol,MEM,True,2-pointer,7,60-45,'BOS',leads
469,469,469,201812290MEM,13.7,25.7,3rd quarter,11:38.0,Marc Gasol,MEM,False,3-pointer,25,64-47,'BOS',leads
470,470,470,201812290MEM,24.2,10.6,3rd quarter,10:56.0,Marc Gasol,MEM,False,2-pointer,7,65-50,'BOS',leads
474,474,474,201812290MEM,25.9,4.6,3rd quarter,8:35.0,Marc Gasol,MEM,False,2-pointer,2,72-55,'BOS',leads
475,475,475,201812290MEM,27.9,6.9,3rd quarter,8:17.0,Marc Gasol,MEM,True,2-pointer,5,74-55,'BOS',leads
497,497,497,201812290MEM,22.9,14.7,4th quarter,6:36.0,Marc Gasol,MEM,False,2-pointer,11,90-87,'BOS',leads
183,183,183,201812310HOU,8.5,15.7,1st quarter,7:56.0,Marc Gasol,MEM,False,2-pointer,20,6-2,'HOU',leads
185,185,185,201812310HOU,23.7,11.6,1st quarter,6:45.0,Marc Gasol,MEM,False,2-pointer,8,6-8,'HOU',trails
216,216,216,201812310HOU,21.8,28.4,3rd quarter,10:49.0,Marc Gasol,MEM,False,3-pointer,25,43-63,'HOU',trails
224,224,224,201812310HOU,33.4,10.8,3rd quarter,7:25.0,Marc Gasol,MEM,True,2-pointer,12,51-71,'HOU',trails
225,225,225,201812310HOU,26.0,4.8,3rd quarter,6:40.0,Marc Gasol,MEM,True,2-pointer,3,53-73,'HOU',trails
228,228,228,201812310HOU,25.9,22.3,3rd quarter,4:55.0,Marc Gasol,MEM,True,2-pointer,19,59-78,'HOU',trails
229,229,229,201812310HOU,14.7,18.5,3rd quarter,4:26.0,Marc Gasol,MEM,False,2-pointer,18,59-78,'HOU',trails
230,230,230,201812310HOU,11.2,26.1,3rd quarter,3:29.0,Marc Gasol,MEM,True,3-pointer,26,62-83,'HOU',trails
234,234,234,201812310HOU,22.0,10.3,3rd quarter,0:55.0,Marc Gasol,MEM,True,2-pointer,7,70-86,'HOU',trails
247,247,247,201812310HOU,6.6,22.3,4th quarter,6:13.0,Marc Gasol,MEM,False,3-pointer,26,83-98,'HOU',trails
1122,1122,1122,201901020MEM,29.6,11.7,1st quarter,11:36.0,Marc Gasol,MEM,True,2-pointer,10,2-0,'DET',leads
1124,1124,1124,201901020MEM,18.4,28.4,1st quarter,9:17.0,Marc Gasol,MEM,False,3-pointer,26,4-5,'DET',trails
1127,1127,1127,201901020MEM,22.7,3.2,1st quarter,8:20.0,Marc Gasol,MEM,True,2-pointer,1,10-5,'DET',leads
1133,1133,1133,201901020MEM,34.6,16.3,1st quarter,5:37.0,Marc Gasol,MEM,True,2-pointer,17,16-15,'DET',leads
1155,1155,1155,201901020MEM,5.4,21.0,2nd quarter,3:49.0,Marc Gasol,MEM,True,3-pointer,26,49-46,'DET',leads
1157,1157,1157,201901020MEM,11.6,19.6,2nd quarter,2:38.0,Marc Gasol,MEM,False,2-pointer,21,49-46,'DET',leads
1160,1160,1160,201901020MEM,10.6,25.2,2nd quarter,0:48.0,Marc Gasol,MEM,False,3-pointer,26,53-51,'DET',leads
1161,1161,1161,201901020MEM,25.9,5.9,2nd quarter,0:03.0,Marc Gasol,MEM,False,2-pointer,3,53-51,'DET',leads
1165,1165,1165,201901020MEM,17.8,11.1,3rd quarter,9:12.0,Marc Gasol,MEM,False,2-pointer,10,55-52,'DET',leads
1172,1172,1172,201901020MEM,11.1,10.6,3rd quarter,3:57.0,Marc Gasol,MEM,False,2-pointer,15,63-65,'DET',trails
808,808,808,201901040MEM,35.5,4.6,1st quarter,11:10.0,Marc Gasol,MEM,False,2-pointer,12,2-0,'MEM',leads
816,816,816,201901040MEM,11.3,19.8,1st quarter,7:59.0,Marc Gasol,MEM,False,2-pointer,21,10-8,'MEM',leads
831,831,831,201901040MEM,17.5,21.8,1st quarter,0:44.0,Marc Gasol,MEM,False,2-pointer,20,26-26,'MEM',tied
844,844,844,201901040MEM,30.7,23.1,2nd quarter,5:38.0,Marc Gasol,MEM,True,2-pointer,21,35-37,'MEM',trails
845,845,845,201901040MEM,26.7,29.4,2nd quarter,5:08.0,Marc Gasol,MEM,True,3-pointer,26,38-37,'MEM',leads
847,847,847,201901040MEM,17.5,9.8,2nd quarter,4:10.0,Marc Gasol,MEM,True,2-pointer,9,42-37,'MEM',leads
848,848,848,201901040MEM,24.1,7.8,2nd quarter,3:38.0,Marc Gasol,MEM,False,2-pointer,5,42-37,'MEM',leads
852,852,852,201901040MEM,17.8,18.4,2nd quarter,1:07.0,Marc Gasol,MEM,True,2-pointer,16,45-42,'MEM',leads
865,865,865,201901040MEM,16.3,18.5,3rd quarter,5:48.0,Marc Gasol,MEM,False,2-pointer,17,63-64,'MEM',trails
866,866,866,201901040MEM,26.2,8.8,3rd quarter,5:17.0,Marc Gasol,MEM,True,2-pointer,6,65-66,'MEM',trails
879,879,879,201901040MEM,11.3,24.8,4th quarter,10:41.0,Marc Gasol,MEM,False,3-pointer,25,79-83,'MEM',trails
883,883,883,201901040MEM,16.1,27.8,4th quarter,8:02.0,Marc Gasol,MEM,False,3-pointer,26,84-92,'MEM',trails
886,886,886,201901040MEM,16.7,12.1,4th quarter,6:16.0,Marc Gasol,MEM,False,2-pointer,11,87-95,'MEM',trails
888,888,888,201901040MEM,24.4,29.1,4th quarter,5:08.0,Marc Gasol,MEM,False,3-pointer,26,89-95,'MEM',trails
895,895,895,201901040MEM,25.2,4.1,4th quarter,2:07.0,Marc Gasol,MEM,True,2-pointer,1,96-106,'MEM',trails
1219,1219,1219,201901050SAS,24.0,2.7,1st quarter,8:57.0,Marc Gasol,MEM,False,2-pointer,1,7-3,'SAS',leads
1220,1220,1220,201901050SAS,24.0,2.7,1st quarter,8:56.0,Marc Gasol,MEM,False,2-pointer,1,7-3,'SAS',leads
1226,1226,1226,201901050SAS,23.7,12.1,1st quarter,5:56.0,Marc Gasol,MEM,False,2-pointer,9,15-10,'SAS',leads
1229,1229,1229,201901050SAS,10.6,3.2,1st quarter,3:30.0,Marc Gasol,MEM,True,2-pointer,13,19-15,'SAS',leads
1250,1250,1250,201901050SAS,29.9,16.3,2nd quarter,6:34.0,Marc Gasol,MEM,False,2-pointer,14,31-43,'SAS',trails
1252,1252,1252,201901050SAS,13.2,12.7,2nd quarter,5:22.0,Marc Gasol,MEM,True,2-pointer,14,35-45,'SAS',trails
1255,1255,1255,201901050SAS,40.3,10.0,2nd quarter,2:02.0,Marc Gasol,MEM,False,2-pointer,18,40-54,'SAS',trails
1264,1264,1264,201901050SAS,6.1,23.1,3rd quarter,7:23.0,Marc Gasol,MEM,False,3-pointer,27,57-71,'SAS',trails
1268,1268,1268,201901050SAS,33.2,27.8,3rd quarter,4:24.0,Marc Gasol,MEM,False,3-pointer,26,61-76,'SAS',trails
869,869,869,201901070NOP,26.0,29.0,1st quarter,10:53.0,Marc Gasol,MEM,False,3-pointer,26,2-0,'NOP',leads
875,875,875,201901070NOP,25.0,28.3,1st quarter,7:32.0,Marc Gasol,MEM,False,3-pointer,25,9-10,'NOP',trails
876,876,876,201901070NOP,25.9,11.3,1st quarter,6:47.0,Marc Gasol,MEM,False,2-pointer,8,9-10,'NOP',trails
880,880,880,201901070NOP,25.0,4.2,1st quarter,5:12.0,Marc Gasol,MEM,True,2-pointer,1,15-15,'NOP',tied
882,882,882,201901070NOP,21.8,4.3,1st quarter,4:00.0,Marc Gasol,MEM,True,2-pointer,2,18-20,'NOP',trails
902,902,902,201901070NOP,31.3,30.6,2nd quarter,5:06.0,Marc Gasol,MEM,False,3-pointer,28,43-46,'NOP',trails
903,903,903,201901070NOP,25.3,2.3,2nd quarter,4:35.0,Marc Gasol,MEM,True,2-pointer,2,45-46,'NOP',trails
905,905,905,201901070NOP,18.2,28.2,2nd quarter,3:01.0,Marc Gasol,MEM,False,3-pointer,26,45-46,'NOP',trails
916,916,916,201901070NOP,12.7,4.6,3rd quarter,5:33.0,Marc Gasol,MEM,False,2-pointer,11,60-66,'NOP',trails
917,917,917,201901070NOP,25.8,12.1,3rd quarter,4:35.0,Marc Gasol,MEM,False,2-pointer,9,60-68,'NOP',trails
957,957,957,201901090MEM,23.9,3.3,1st quarter,8:07.0,Marc Gasol,MEM,True,2-pointer,0,7-3,'SAS',leads
961,961,961,201901090MEM,12.6,18.9,1st quarter,6:47.0,Marc Gasol,MEM,False,2-pointer,19,9-5,'SAS',leads
966,966,966,201901090MEM,27.3,6.4,1st quarter,2:27.0,Marc Gasol,MEM,True,2-pointer,5,16-16,'SAS',tied
967,967,967,201901090MEM,21.5,29.2,1st quarter,1:53.0,Marc Gasol,MEM,True,3-pointer,26,19-16,'SAS',leads
968,968,968,201901090MEM,22.5,29.7,1st quarter,1:29.0,Marc Gasol,MEM,False,3-pointer,26,19-16,'SAS',leads
984,984,984,201901090MEM,21.7,30.0,2nd quarter,6:15.0,Marc Gasol,MEM,False,3-pointer,27,33-22,'SAS',leads
997,997,997,201901090MEM,15.3,23.2,3rd quarter,11:17.0,Marc Gasol,MEM,True,2-pointer,22,45-31,'SAS',leads
1000,1000,1000,201901090MEM,23.8,2.8,3rd quarter,8:08.0,Marc Gasol,MEM,False,2-pointer,0,52-43,'SAS',leads
1001,1001,1001,201901090MEM,22.8,3.9,3rd quarter,7:53.0,Marc Gasol,MEM,True,2-pointer,1,54-43,'SAS',leads
1004,1004,1004,201901090MEM,30.2,15.8,3rd quarter,6:22.0,Marc Gasol,MEM,False,2-pointer,14,56-46,'SAS',leads
1009,1009,1009,201901090MEM,19.2,14.6,3rd quarter,3:25.0,Marc Gasol,MEM,True,2-pointer,12,63-54,'SAS',leads
1012,1012,1012,201901090MEM,27.1,12.3,3rd quarter,2:04.0,Marc Gasol,MEM,True,2-pointer,10,69-58,'SAS',leads
1014,1014,1014,201901090MEM,27.8,13.8,3rd quarter,1:16.0,Marc Gasol,MEM,False,2-pointer,11,69-62,'SAS',leads
1031,1031,1031,201901090MEM,21.5,28.4,4th quarter,5:23.0,Marc Gasol,MEM,True,3-pointer,25,88-74,'SAS',leads
1034,1034,1034,201901090MEM,25.9,28.9,4th quarter,3:28.0,Marc Gasol,MEM,True,3-pointer,26,94-78,'SAS',leads
1040,1040,1040,201901090MEM,15.0,23.8,4th quarter,0:27.0,Marc Gasol,MEM,False,2-pointer,22,96-86,'SAS',leads
158,158,158,201901120MIA,24.3,10.3,1st quarter,11:41.0,Marc Gasol,MEM,True,2-pointer,7,2-0,'MIA',leads
160,160,160,201901120MIA,11.2,4.6,1st quarter,10:39.0,Marc Gasol,MEM,True,2-pointer,13,7-3,'MIA',leads
166,166,166,201901120MIA,31.4,9.5,1st quarter,6:56.0,Marc Gasol,MEM,False,2-pointer,10,19-9,'MIA',leads
173,173,173,201901120MIA,8.7,25.1,1st quarter,3:13.0,Marc Gasol,MEM,False,3-pointer,27,26-20,'MIA',leads
192,192,192,201901120MIA,19.7,5.3,2nd quarter,3:34.0,Marc Gasol,MEM,False,2-pointer,5,50-54,'MIA',trails
195,195,195,201901120MIA,24.2,4.8,2nd quarter,1:55.0,Marc Gasol,MEM,False,2-pointer,2,55-59,'MIA',trails
196,196,196,201901120MIA,33.4,8.5,2nd quarter,0:39.0,Marc Gasol,MEM,True,2-pointer,11,59-61,'MIA',trails
197,197,197,201901120MIA,20.7,4.6,2nd quarter,0:04.0,Marc Gasol,MEM,True,2-pointer,4,61-61,'MIA',tied
198,198,198,201901120MIA,23.8,21.3,3rd quarter,11:22.0,Marc Gasol,MEM,True,2-pointer,18,63-65,'MIA',trails
199,199,199,201901120MIA,10.6,25.9,3rd quarter,10:49.0,Marc Gasol,MEM,False,3-pointer,26,63-67,'MIA',trails
208,208,208,201901120MIA,46.8,9.3,3rd quarter,4:02.0,Marc Gasol,MEM,False,3-pointer,24,73-82,'MIA',trails
229,229,229,201901120MIA,1.3,9.1,4th quarter,5:08.0,Marc Gasol,MEM,True,3-pointer,23,102-102,'MIA',tied
234,234,234,201901120MIA,24.2,7.2,4th quarter,2:01.0,Marc Gasol,MEM,True,2-pointer,4,106-108,'MIA',trails
237,237,237,201901120MIA,36.6,26.5,4th quarter,0:32.0,Marc Gasol,MEM,False,3-pointer,26,108-109,'MIA',trails
182,182,182,201901140HOU,18.9,15.9,1st quarter,7:59.0,Marc Gasol,MEM,False,2-pointer,14,10-10,'HOU',tied
184,184,184,201901140HOU,23.7,8.3,1st quarter,7:22.0,Marc Gasol,MEM,True,2-pointer,5,12-13,'HOU',trails
188,188,188,201901140HOU,23.9,3.9,1st quarter,5:04.0,Marc Gasol,MEM,True,2-pointer,1,19-18,'HOU',leads
202,202,202,201901140HOU,23.8,22.9,2nd quarter,6:10.0,Marc Gasol,MEM,False,2-pointer,20,38-41,'HOU',trails
209,209,209,201901140HOU,24.0,2.7,2nd quarter,0:06.0,Marc Gasol,MEM,False,2-pointer,1,48-54,'HOU',trails
1214,1214,1214,201901160MEM,24.2,9.1,1st quarter,11:41.0,Marc Gasol,MEM,False,2-pointer,6,0-0,'MEM',tied
1218,1218,1218,201901160MEM,8.4,23.9,1st quarter,9:19.0,Marc Gasol,MEM,False,3-pointer,26,4-8,'MEM',trails
1222,1222,1222,201901160MEM,21.2,12.7,1st quarter,7:13.0,Marc Gasol,MEM,False,2-pointer,10,4-14,'MEM',trails
1223,1223,1223,201901160MEM,27.0,8.2,1st quarter,6:48.0,Marc Gasol,MEM,False,2-pointer,6,4-14,'MEM',trails
1227,1227,1227,201901160MEM,32.8,5.0,1st quarter,5:03.0,Marc Gasol,MEM,True,2-pointer,9,9-18,'MEM',trails
1254,1254,1254,201901160MEM,21.2,29.5,2nd quarter,3:45.0,Marc Gasol,MEM,False,3-pointer,26,32-40,'MEM',trails
1255,1255,1255,201901160MEM,23.1,8.0,2nd quarter,3:31.0,Marc Gasol,MEM,False,2-pointer,5,32-40,'MEM',trails
1259,1259,1259,201901160MEM,23.3,7.2,2nd quarter,2:12.0,Marc Gasol,MEM,True,2-pointer,4,36-40,'MEM',trails
1266,1266,1266,201901160MEM,9.6,23.9,3rd quarter,11:10.0,Marc Gasol,MEM,True,3-pointer,25,50-52,'MEM',trails
1267,1267,1267,201901160MEM,23.6,4.1,3rd quarter,10:27.0,Marc Gasol,MEM,False,2-pointer,1,50-54,'MEM',trails
1273,1273,1273,201901160MEM,15.9,26.9,3rd quarter,8:09.0,Marc Gasol,MEM,True,3-pointer,25,59-58,'MEM',leads
1277,1277,1277,201901160MEM,18.2,14.4,3rd quarter,4:40.0,Marc Gasol,MEM,False,2-pointer,13,59-74,'MEM',trails
1279,1279,1279,201901160MEM,11.2,16.8,3rd quarter,3:42.0,Marc Gasol,MEM,True,2-pointer,19,61-77,'MEM',trails
5,5,5,201901180BOS,26.6,4.3,1st quarter,10:07.0,Marc Gasol,MEM,True,2-pointer,3,4-6,'BOS',trails
10,10,10,201901180BOS,23.7,6.5,1st quarter,7:04.0,Marc Gasol,MEM,False,2-pointer,3,11-13,'BOS',trails
11,11,11,201901180BOS,17.8,29.8,1st quarter,6:28.0,Marc Gasol,MEM,False,3-pointer,27,11-16,'BOS',trails
12,12,12,201901180BOS,27.8,5.9,1st quarter,5:43.0,Marc Gasol,MEM,False,2-pointer,5,12-16,'BOS',trails
14,14,14,201901180BOS,23.4,5.4,1st quarter,5:05.0,Marc Gasol,MEM,False,2-pointer,2,14-16,'BOS',trails
46,46,46,201901180BOS,32.1,27.0,3rd quarter,10:55.0,Marc Gasol,MEM,False,3-pointer,25,62-62,'BOS',tied
55,55,55,201901180BOS,25.6,9.6,3rd quarter,6:00.0,Marc Gasol,MEM,False,2-pointer,7,75-76,'BOS',trails
71,71,71,201901180BOS,29.6,27.7,4th quarter,9:25.0,Marc Gasol,MEM,False,3-pointer,25,93-99,'BOS',trails
74,74,74,201901180BOS,18.0,28.5,4th quarter,7:42.0,Marc Gasol,MEM,False,3-pointer,26,99-103,'BOS',trails
75,75,75,201901180BOS,14.4,9.3,4th quarter,7:03.0,Marc Gasol,MEM,False,2-pointer,11,99-103,'BOS',trails
952,952,952,201901210MEM,13.0,18.5,1st quarter,11:38.0,Marc Gasol,MEM,True,2-pointer,19,2-0,'NOP',leads
957,957,957,201901210MEM,5.4,20.3,1st quarter,8:57.0,Marc Gasol,MEM,True,3-pointer,25,10-6,'NOP',leads
958,958,958,201901210MEM,15.3,5.7,1st quarter,8:26.0,Marc Gasol,MEM,True,2-pointer,9,12-8,'NOP',leads
959,959,959,201901210MEM,7.5,21.8,1st quarter,7:49.0,Marc Gasol,MEM,False,3-pointer,25,12-10,'NOP',leads
965,965,965,201901210MEM,8.1,5.5,1st quarter,3:32.0,Marc Gasol,MEM,True,2-pointer,16,22-13,'NOP',leads
977,977,977,201901210MEM,24.5,9.1,2nd quarter,8:26.0,Marc Gasol,MEM,False,2-pointer,6,33-31,'NOP',leads
978,978,978,201901210MEM,21.1,4.9,2nd quarter,8:19.0,Marc Gasol,MEM,False,2-pointer,3,33-31,'NOP',leads
985,985,985,201901210MEM,17.8,8.1,2nd quarter,5:29.0,Marc Gasol,MEM,False,2-pointer,8,42-35,'NOP',leads
986,986,986,201901210MEM,28.1,3.7,2nd quarter,5:04.0,Marc Gasol,MEM,True,2-pointer,4,44-37,'NOP',leads
988,988,988,201901210MEM,20.6,11.3,2nd quarter,3:06.0,Marc Gasol,MEM,True,2-pointer,9,46-43,'NOP',leads
996,996,996,201901210MEM,15.7,7.8,3rd quarter,10:55.0,Marc Gasol,MEM,False,2-pointer,9,52-54,'NOP',trails
999,999,999,201901210MEM,13.7,26.5,3rd quarter,9:28.0,Marc Gasol,MEM,False,3-pointer,25,54-56,'NOP',trails
1000,1000,1000,201901210MEM,23.1,4.9,3rd quarter,8:58.0,Marc Gasol,MEM,True,2-pointer,2,56-59,'NOP',trails
1002,1002,1002,201901210MEM,15.2,18.7,3rd quarter,8:02.0,Marc Gasol,MEM,False,2-pointer,18,60-61,'NOP',trails
1022,1022,1022,201901210MEM,26.0,4.6,4th quarter,8:33.0,Marc Gasol,MEM,False,2-pointer,2,70-90,'NOP',trails
1025,1025,1025,201901210MEM,22.3,15.7,4th quarter,6:48.0,Marc Gasol,MEM,False,2-pointer,13,74-93,'NOP',trails
1026,1026,1026,201901210MEM,25.8,4.6,4th quarter,6:19.0,Marc Gasol,MEM,True,2-pointer,2,76-93,'NOP',trails
1029,1029,1029,201901210MEM,27.4,27.3,4th quarter,5:05.0,Marc Gasol,MEM,False,3-pointer,24,78-95,'NOP',trails
1033,1033,1033,201901210MEM,22.5,4.7,4th quarter,3:08.0,Marc Gasol,MEM,True,2-pointer,2,83-95,'NOP',trails
779,779,779,201901230MEM,14.2,7.7,1st quarter,11:18.0,Marc Gasol,MEM,False,2-pointer,11,0-0,'CHO',tied
784,784,784,201901230MEM,24.4,10.3,1st quarter,8:08.0,Marc Gasol,MEM,False,2-pointer,7,2-4,'CHO',trails
791,791,791,201901230MEM,18.2,27.0,1st quarter,4:34.0,Marc Gasol,MEM,True,3-pointer,24,16-8,'CHO',leads
793,793,793,201901230MEM,17.1,6.8,1st quarter,3:26.0,Marc Gasol,MEM,True,2-pointer,8,18-14,'CHO',leads
795,795,795,201901230MEM,21.8,28.0,1st quarter,1:47.0,Marc Gasol,MEM,False,3-pointer,25,20-17,'CHO',leads
815,815,815,201901230MEM,30.4,27.8,2nd quarter,5:22.0,Marc Gasol,MEM,True,3-pointer,25,41-46,'CHO',trails
816,816,816,201901230MEM,25.4,15.8,2nd quarter,4:38.0,Marc Gasol,MEM,True,2-pointer,13,43-46,'CHO',trails
821,821,821,201901230MEM,22.6,29.0,3rd quarter,10:33.0,Marc Gasol,MEM,False,3-pointer,26,54-59,'CHO',trails
822,822,822,201901230MEM,24.1,8.2,3rd quarter,9:58.0,Marc Gasol,MEM,False,2-pointer,5,54-61,'CHO',trails
831,831,831,201901230MEM,20.2,11.3,3rd quarter,5:37.0,Marc Gasol,MEM,True,2-pointer,9,62-75,'CHO',trails
840,840,840,201901230MEM,24.2,7.9,3rd quarter,1:15.0,Marc Gasol,MEM,True,2-pointer,5,71-83,'CHO',trails
842,842,842,201901230MEM,24.6,18.5,3rd quarter,0:16.0,Marc Gasol,MEM,True,2-pointer,15,76-84,'CHO',trails
843,843,843,201901230MEM,15.0,27.0,3rd quarter,0:00.0,Marc Gasol,MEM,False,3-pointer,25,76-86,'CHO',trails
851,851,851,201901230MEM,9.5,25.1,4th quarter,5:49.0,Marc Gasol,MEM,False,3-pointer,26,92-103,'CHO',trails
852,852,852,201901230MEM,33.3,23.3,4th quarter,5:24.0,Marc Gasol,MEM,True,2-pointer,22,94-103,'CHO',trails
1128,1128,1128,201901250MEM,29.8,11.9,1st quarter,9:09.0,Marc Gasol,MEM,True,2-pointer,10,4-4,'SAC',tied
1133,1133,1133,201901250MEM,25.0,7.3,1st quarter,6:37.0,Marc Gasol,MEM,False,2-pointer,4,8-9,'SAC',trails
1159,1159,1159,201901250MEM,23.1,10.1,2nd quarter,3:44.0,Marc Gasol,MEM,False,2-pointer,7,38-41,'SAC',trails
1161,1161,1161,201901250MEM,17.9,27.8,2nd quarter,2:03.0,Marc Gasol,MEM,False,3-pointer,25,40-41,'SAC',trails
1170,1170,1170,201901250MEM,30.7,27.5,3rd quarter,9:39.0,Marc Gasol,MEM,True,3-pointer,25,48-52,'SAC',trails
1195,1195,1195,201901250MEM,18.6,10.5,4th quarter,7:25.0,Marc Gasol,MEM,False,2-pointer,9,77-87,'SAC',trails
1196,1196,1196,201901250MEM,24.0,2.7,4th quarter,7:17.0,Marc Gasol,MEM,True,2-pointer,1,79-87,'SAC',trails
1197,1197,1197,201901250MEM,24.3,3.3,4th quarter,6:45.0,Marc Gasol,MEM,False,2-pointer,0,79-87,'SAC',trails
1199,1199,1199,201901250MEM,27.9,8.8,4th quarter,5:33.0,Marc Gasol,MEM,True,2-pointer,7,83-87,'SAC',trails
448,448,448,201901260MEM,30.1,28.5,1st quarter,6:42.0,Marc Gasol,MEM,False,3-pointer,26,4-3,'IND',leads
449,449,449,201901260MEM,24.3,9.3,1st quarter,6:31.0,Marc Gasol,MEM,True,2-pointer,6,6-3,'IND',leads
451,451,451,201901260MEM,23.7,4.2,1st quarter,5:34.0,Marc Gasol,MEM,True,2-pointer,1,10-5,'IND',leads
455,455,455,201901260MEM,27.3,6.3,1st quarter,3:05.0,Marc Gasol,MEM,True,2-pointer,4,19-9,'IND',leads
476,476,476,201901260MEM,15.6,27.8,2nd quarter,4:19.0,Marc Gasol,MEM,False,3-pointer,26,39-36,'IND',leads
486,486,486,201901260MEM,27.3,9.3,3rd quarter,9:35.0,Marc Gasol,MEM,False,2-pointer,7,57-49,'IND',leads
487,487,487,201901260MEM,25.1,28.9,3rd quarter,9:12.0,Marc Gasol,MEM,True,3-pointer,26,60-49,'IND',leads
488,488,488,201901260MEM,33.2,6.8,3rd quarter,8:35.0,Marc Gasol,MEM,False,2-pointer,10,60-51,'IND',leads
511,511,511,201901260MEM,18.7,13.3,4th quarter,4:45.0,Marc Gasol,MEM,True,2-pointer,11,87-82,'IND',leads
512,512,512,201901260MEM,15.4,28.4,4th quarter,4:21.0,Marc Gasol,MEM,True,3-pointer,27,90-82,'IND',leads
513,513,513,201901260MEM,10.0,25.2,4th quarter,3:52.0,Marc Gasol,MEM,False,3-pointer,26,90-84,'IND',leads
516,516,516,201901260MEM,10.0,25.6,4th quarter,2:09.0,Marc Gasol,MEM,True,3-pointer,26,99-87,'IND',leads
831,831,831,201901280MEM,20.1,15.5,1st quarter,9:40.0,Marc Gasol,MEM,True,2-pointer,13,7-2,'DEN',leads
834,834,834,201901280MEM,8.8,23.6,1st quarter,8:23.0,Marc Gasol,MEM,True,3-pointer,25,16-2,'DEN',leads
835,835,835,201901280MEM,4.3,6.2,1st quarter,7:36.0,Marc Gasol,MEM,True,2-pointer,20,18-4,'DEN',leads
837,837,837,201901280MEM,1.2,6.9,1st quarter,6:19.0,Marc Gasol,MEM,False,3-pointer,23,18-9,'DEN',leads
841,841,841,201901280MEM,36.7,25.5,1st quarter,3:51.0,Marc Gasol,MEM,True,3-pointer,26,23-11,'DEN',leads
842,842,842,201901280MEM,17.9,10.3,1st quarter,3:20.0,Marc Gasol,MEM,True,2-pointer,9,25-14,'DEN',leads
845,845,845,201901280MEM,15.4,8.4,1st quarter,1:54.0,Marc Gasol,MEM,True,2-pointer,10,30-16,'DEN',leads
847,847,847,201901280MEM,22.3,28.3,1st quarter,1:22.0,Marc Gasol,MEM,False,3-pointer,25,30-16,'DEN',leads
849,849,849,201901280MEM,15.7,17.4,1st quarter,0:11.0,Marc Gasol,MEM,False,2-pointer,16,30-16,'DEN',leads
860,860,860,201901280MEM,15.0,9.8,2nd quarter,4:53.0,Marc Gasol,MEM,True,2-pointer,11,44-27,'DEN',leads
861,861,861,201901280MEM,23.7,4.3,2nd quarter,3:56.0,Marc Gasol,MEM,True,2-pointer,1,46-29,'DEN',leads
867,867,867,201901280MEM,23.4,4.9,2nd quarter,0:37.0,Marc Gasol,MEM,True,2-pointer,2,57-39,'DEN',leads
875,875,875,201901280MEM,23.9,3.6,3rd quarter,8:30.0,Marc Gasol,MEM,False,2-pointer,0,65-43,'DEN',leads
877,877,877,201901280MEM,11.3,26.5,3rd quarter,7:04.0,Marc Gasol,MEM,False,3-pointer,26,67-45,'DEN',leads
883,883,883,201901280MEM,37.9,25.0,3rd quarter,0:27.0,Marc Gasol,MEM,False,3-pointer,26,77-60,'DEN',leads
895,895,895,201901280MEM,46.8,1.8,4th quarter,6:28.0,Marc Gasol,MEM,False,3-pointer,23,83-70,'DEN',leads
896,896,896,201901280MEM,21.0,7.4,4th quarter,5:22.0,Marc Gasol,MEM,False,2-pointer,5,83-72,'DEN',leads
898,898,898,201901280MEM,21.2,3.9,4th quarter,2:33.0,Marc Gasol,MEM,True,2-pointer,3,87-81,'DEN',leads
900,900,900,201901280MEM,23.2,3.4,4th quarter,1:37.0,Marc Gasol,MEM,True,2-pointer,1,89-85,'DEN',leads
348,348,348,201901300MIN,24.1,7.7,1st quarter,9:59.0,Marc Gasol,MEM,False,2-pointer,4,0-3,'MIN',trails
353,353,353,201901300MIN,22.8,15.9,1st quarter,6:24.0,Marc Gasol,MEM,False,2-pointer,13,6-7,'MIN',trails
354,354,354,201901300MIN,16.5,8.4,1st quarter,5:58.0,Marc Gasol,MEM,True,2-pointer,9,8-9,'MIN',trails
368,368,368,201901300MIN,30.9,3.8,2nd quarter,8:56.0,Marc Gasol,MEM,True,2-pointer,7,18-33,'MIN',trails
374,374,374,201901300MIN,14.2,28.7,2nd quarter,6:24.0,Marc Gasol,MEM,False,3-pointer,27,23-35,'MIN',trails
399,399,399,201901300MIN,32.3,11.3,3rd quarter,5:49.0,Marc Gasol,MEM,False,2-pointer,11,52-58,'MIN',trails
401,401,401,201901300MIN,8.3,22.4,3rd quarter,4:25.0,Marc Gasol,MEM,False,3-pointer,25,55-62,'MIN',trails
402,402,402,201901300MIN,32.8,9.0,3rd quarter,3:49.0,Marc Gasol,MEM,True,2-pointer,11,57-64,'MIN',trails
404,404,404,201901300MIN,22.6,11.6,3rd quarter,2:46.0,Marc Gasol,MEM,True,2-pointer,8,62-68,'MIN',trails
407,407,407,201901300MIN,10.6,23.8,3rd quarter,1:34.0,Marc Gasol,MEM,True,3-pointer,25,67-71,'MIN',trails
409,409,409,201901300MIN,21.1,30.8,3rd quarter,0:32.0,Marc Gasol,MEM,False,3-pointer,28,67-71,'MIN',trails
417,417,417,201901300MIN,18.0,13.9,4th quarter,6:50.0,Marc Gasol,MEM,False,2-pointer,12,82-84,'MIN',trails
422,422,422,201901300MIN,36.7,25.3,4th quarter,3:29.0,Marc Gasol,MEM,False,3-pointer,25,84-89,'MIN',trails
427,427,427,201901300MIN,26.3,10.8,1st overtime,4:11.0,Marc Gasol,MEM,True,2-pointer,8,95-93,'MIN',leads
428,428,428,201901300MIN,17.2,15.0,1st overtime,3:33.0,Marc Gasol,MEM,False,2-pointer,14,95-93,'MIN',leads
432,432,432,201901300MIN,28.1,13.2,1st overtime,1:05.0,Marc Gasol,MEM,False,2-pointer,11,97-97,'MIN',tied
0,0,0,201902010CHO,26.5,27.5,1st quarter,11:19.0,Marc Gasol,MEM,False,3-pointer,24,0-0,'CHO',tied
6,6,6,201902010CHO,11.2,2.6,1st quarter,8:10.0,Marc Gasol,MEM,False,2-pointer,13,7-5,'CHO',leads
33,33,33,201902010CHO,27.8,11.9,2nd quarter,3:36.0,Marc Gasol,MEM,False,2-pointer,9,38-35,'CHO',leads
34,34,34,201902010CHO,23.8,4.4,2nd quarter,3:15.0,Marc Gasol,MEM,True,2-pointer,1,40-35,'CHO',leads
41,41,41,201902010CHO,22.1,29.0,3rd quarter,10:35.0,Marc Gasol,MEM,False,3-pointer,26,48-45,'CHO',leads
51,51,51,201902010CHO,14.0,21.8,3rd quarter,4:42.0,Marc Gasol,MEM,True,2-pointer,21,64-62,'CHO',leads
70,70,70,201902010CHO,12.9,27.0,4th quarter,5:01.0,Marc Gasol,MEM,False,3-pointer,26,89-85,'CHO',leads
75,75,75,201902010CHO,22.0,13.1,4th quarter,1:15.0,Marc Gasol,MEM,False,2-pointer,10,90-94,'CHO',trails
77,77,77,201902010CHO,24.3,4.3,4th quarter,0:33.0,Marc Gasol,MEM,True,2-pointer,1,92-96,'CHO',trails
78,78,78,201902010CHO,21.7,30.5,4th quarter,0:14.0,Marc Gasol,MEM,False,3-pointer,27,92-98,'CHO',trails
183,183,183,201902030NYK,14.5,19.3,1st quarter,11:40.0,Marc Gasol,MEM,False,2-pointer,19,0-0,'NYK',tied
194,194,194,201902030NYK,17.8,19.8,1st quarter,5:53.0,Marc Gasol,MEM,True,2-pointer,18,14-12,'NYK',leads
197,197,197,201902030NYK,14.6,25.5,1st quarter,3:54.0,Marc Gasol,MEM,False,3-pointer,24,15-17,'NYK',trails
198,198,198,201902030NYK,22.9,7.5,1st quarter,3:29.0,Marc Gasol,MEM,True,2-pointer,4,17-17,'NYK',tied
218,218,218,201902030NYK,18.4,27.7,2nd quarter,5:41.0,Marc Gasol,MEM,False,3-pointer,25,25-33,'NYK',trails
220,220,220,201902030NYK,25.9,5.3,2nd quarter,5:04.0,Marc Gasol,MEM,True,2-pointer,3,30-33,'NYK',trails
222,222,222,201902030NYK,24.3,7.2,2nd quarter,3:48.0,Marc Gasol,MEM,False,2-pointer,4,32-35,'NYK',trails
225,225,225,201902030NYK,24.4,6.8,2nd quarter,3:01.0,Marc Gasol,MEM,False,2-pointer,4,33-35,'NYK',trails
229,229,229,201902030NYK,24.9,3.6,2nd quarter,1:14.0,Marc Gasol,MEM,True,2-pointer,1,37-38,'NYK',trails
233,233,233,201902030NYK,23.5,5.9,3rd quarter,11:31.0,Marc Gasol,MEM,False,2-pointer,3,42-41,'NYK',leads
234,234,234,201902030NYK,23.7,4.3,3rd quarter,11:29.0,Marc Gasol,MEM,True,2-pointer,1,44-41,'NYK',leads
235,235,235,201902030NYK,5.4,11.3,3rd quarter,10:33.0,Marc Gasol,MEM,True,2-pointer,20,46-41,'NYK',leads
244,244,244,201902030NYK,13.3,27.2,3rd quarter,4:15.0,Marc Gasol,MEM,True,3-pointer,26,65-51,'NYK',leads
247,247,247,201902030NYK,20.7,11.5,3rd quarter,2:35.0,Marc Gasol,MEM,True,2-pointer,9,67-55,'NYK',leads
248,248,248,201902030NYK,22.7,12.8,3rd quarter,1:55.0,Marc Gasol,MEM,False,2-pointer,10,68-55,'NYK',leads
266,266,266,201902030NYK,28.6,12.8,4th quarter,4:04.0,Marc Gasol,MEM,True,2-pointer,11,88-77,'NYK',leads
267,267,267,201902030NYK,32.5,17.0,4th quarter,3:22.0,Marc Gasol,MEM,True,2-pointer,16,90-80,'NYK',leads
268,268,268,201902030NYK,5.6,21.8,4th quarter,2:55.0,Marc Gasol,MEM,False,3-pointer,26,90-80,'NYK',leads
270,270,270,201902030NYK,12.6,9.1,4th quarter,1:35.0,Marc Gasol,MEM,True,2-pointer,13,94-82,'NYK',leads
1262,1262,1262,201902090NYK,24.7,7.9,2nd quarter,11:11.0,Marc Gasol,TOR,True,2-pointer,5,27-25,'NYK',leads
1270,1270,1270,201902090NYK,9.2,5.7,2nd quarter,7:57.0,Marc Gasol,TOR,True,2-pointer,15,32-32,'NYK',tied
1271,1271,1271,201902090NYK,25.0,13.7,2nd quarter,6:36.0,Marc Gasol,TOR,False,2-pointer,10,34-32,'NYK',leads
1272,1272,1272,201902090NYK,21.6,14.8,2nd quarter,6:16.0,Marc Gasol,TOR,False,2-pointer,12,34-33,'NYK',leads
1303,1303,1303,201902090NYK,23.5,15.1,3rd quarter,2:36.0,Marc Gasol,TOR,False,2-pointer,12,67-63,'NYK',leads
1310,1310,1310,201902090NYK,28.3,18.9,4th quarter,10:35.0,Marc Gasol,TOR,True,2-pointer,16,78-73,'NYK',leads
1317,1317,1317,201902090NYK,20.5,18.2,4th quarter,5:41.0,Marc Gasol,TOR,False,2-pointer,15,91-88,'NYK',leads
1472,1472,1472,201902110TOR,25.2,2.8,2nd quarter,10:37.0,Marc Gasol,TOR,True,2-pointer,1,28-32,'TOR',trails
1478,1478,1478,201902110TOR,15.6,21.3,2nd quarter,7:08.0,Marc Gasol,TOR,False,2-pointer,20,34-39,'TOR',trails
1482,1482,1482,201902110TOR,25.2,8.5,2nd quarter,4:57.0,Marc Gasol,TOR,True,2-pointer,5,39-44,'TOR',trails
1509,1509,1509,201902110TOR,26.3,19.3,3rd quarter,3:29.0,Marc Gasol,TOR,False,2-pointer,16,83-81,'TOR',leads
1518,1518,1518,201902110TOR,25.2,8.4,4th quarter,10:46.0,Marc Gasol,TOR,True,2-pointer,5,94-92,'TOR',leads
1519,1519,1519,201902110TOR,23.9,4.1,4th quarter,10:02.0,Marc Gasol,TOR,True,2-pointer,1,96-92,'TOR',leads
1522,1522,1522,201902110TOR,23.6,29.8,4th quarter,9:18.0,Marc Gasol,TOR,True,3-pointer,27,101-94,'TOR',leads
1523,1523,1523,201902110TOR,22.8,10.1,4th quarter,8:39.0,Marc Gasol,TOR,True,2-pointer,7,103-97,'TOR',leads
1527,1527,1527,201902110TOR,29.8,22.8,4th quarter,6:49.0,Marc Gasol,TOR,True,2-pointer,20,108-101,'TOR',leads
1936,1936,1936,201902130TOR,30.9,22.6,2nd quarter,11:05.0,Marc Gasol,TOR,False,2-pointer,21,30-28,'TOR',leads
1939,1939,1939,201902130TOR,25.1,12.3,2nd quarter,10:07.0,Marc Gasol,TOR,False,2-pointer,9,30-28,'TOR',leads
1941,1941,1941,201902130TOR,22.1,19.8,2nd quarter,9:07.0,Marc Gasol,TOR,True,2-pointer,17,34-32,'TOR',leads
1943,1943,1943,201902130TOR,25.1,15.3,2nd quarter,8:28.0,Marc Gasol,TOR,True,2-pointer,12,38-32,'TOR',leads
1944,1944,1944,201902130TOR,23.3,7.0,2nd quarter,7:47.0,Marc Gasol,TOR,False,2-pointer,4,38-33,'TOR',leads
1989,1989,1989,201902130TOR,27.3,9.1,4th quarter,10:50.0,Marc Gasol,TOR,False,2-pointer,7,103-95,'TOR',leads
1995,1995,1995,201902130TOR,25.4,3.4,4th quarter,8:10.0,Marc Gasol,TOR,False,2-pointer,1,110-105,'TOR',leads
1579,1579,1579,201902220TOR,34.9,16.3,1st quarter,6:18.0,Marc Gasol,TOR,False,2-pointer,17,15-10,'SAS',leads
1581,1581,1581,201902220TOR,30.7,21.6,1st quarter,5:22.0,Marc Gasol,TOR,False,2-pointer,20,18-12,'SAS',leads
1584,1584,1584,201902220TOR,25.2,10.8,1st quarter,4:13.0,Marc Gasol,TOR,False,2-pointer,8,18-14,'SAS',leads
1595,1595,1595,201902220TOR,25.7,12.7,2nd quarter,11:31.0,Marc Gasol,TOR,False,2-pointer,10,26-23,'SAS',leads
1633,1633,1633,201902220TOR,25.1,4.4,3rd quarter,1:39.0,Marc Gasol,TOR,True,2-pointer,2,86-86,'SAS',tied
1638,1638,1638,201902220TOR,22.5,29.8,4th quarter,11:11.0,Marc Gasol,TOR,False,3-pointer,27,90-91,'SAS',trails
1644,1644,1644,201902220TOR,24.0,2.7,4th quarter,8:41.0,Marc Gasol,TOR,True,2-pointer,1,95-97,'SAS',trails
456,456,456,201902240TOR,23.2,15.8,1st quarter,11:29.0,Marc Gasol,TOR,False,2-pointer,13,0-0,'TOR',tied
459,459,459,201902240TOR,23.3,8.4,1st quarter,10:49.0,Marc Gasol,TOR,False,2-pointer,5,0-2,'TOR',trails
460,460,460,201902240TOR,31.9,17.5,1st quarter,10:22.0,Marc Gasol,TOR,True,2-pointer,16,2-2,'TOR',tied
463,463,463,201902240TOR,24.8,4.8,1st quarter,7:02.0,Marc Gasol,TOR,True,2-pointer,2,8-9,'TOR',trails
465,465,465,201902240TOR,35.3,1.7,1st quarter,6:06.0,Marc Gasol,TOR,False,2-pointer,11,8-11,'TOR',trails
488,488,488,201902240TOR,25.4,4.9,2nd quarter,6:06.0,Marc Gasol,TOR,True,2-pointer,2,31-38,'TOR',trails
489,489,489,201902240TOR,34.6,19.8,2nd quarter,5:25.0,Marc Gasol,TOR,False,2-pointer,20,31-38,'TOR',trails
496,496,496,201902240TOR,24.7,4.3,2nd quarter,1:53.0,Marc Gasol,TOR,True,2-pointer,1,45-49,'TOR',trails
499,499,499,201902240TOR,27.3,9.3,3rd quarter,11:08.0,Marc Gasol,TOR,False,2-pointer,7,50-56,'TOR',trails
501,501,501,201902240TOR,27.6,10.6,3rd quarter,9:40.0,Marc Gasol,TOR,False,2-pointer,8,53-61,'TOR',trails
507,507,507,201902240TOR,9.3,22.9,3rd quarter,7:37.0,Marc Gasol,TOR,True,3-pointer,25,61-63,'TOR',trails
508,508,508,201902240TOR,26.5,4.1,3rd quarter,7:05.0,Marc Gasol,TOR,True,2-pointer,3,63-63,'TOR',tied
538,538,538,201902240TOR,23.9,3.8,4th quarter,3:20.0,Marc Gasol,TOR,True,2-pointer,1,89-106,'TOR',trails
463,463,463,201902260TOR,14.1,4.3,1st quarter,2:16.0,Marc Gasol,TOR,True,2-pointer,10,26-24,'TOR',leads
465,465,465,201902260TOR,20.0,4.9,1st quarter,1:19.0,Marc Gasol,TOR,False,2-pointer,4,26-24,'TOR',leads
473,473,473,201902260TOR,30.4,27.9,2nd quarter,9:53.0,Marc Gasol,TOR,True,3-pointer,25,39-34,'TOR',leads
475,475,475,201902260TOR,13.2,8.3,2nd quarter,8:01.0,Marc Gasol,TOR,False,2-pointer,12,43-34,'TOR',leads
493,493,493,201902260TOR,24.7,18.8,2nd quarter,0:16.0,Marc Gasol,TOR,False,2-pointer,16,66-45,'TOR',leads
523,523,523,201902260TOR,24.1,10.3,4th quarter,6:54.0,Marc Gasol,TOR,False,2-pointer,7,104-81,'TOR',leads
1242,1242,1242,201903010TOR,22.8,3.9,1st quarter,11:39.0,Marc Gasol,TOR,False,2-pointer,1,0-0,'POR',tied
1246,1246,1246,201903010TOR,25.3,3.1,1st quarter,9:28.0,Marc Gasol,TOR,True,2-pointer,1,6-6,'POR',tied
1247,1247,1247,201903010TOR,34.0,6.9,1st quarter,8:24.0,Marc Gasol,TOR,True,2-pointer,11,11-6,'POR',leads
1248,1248,1248,201903010TOR,23.8,18.5,1st quarter,7:41.0,Marc Gasol,TOR,True,2-pointer,15,13-9,'POR',leads
1264,1264,1264,201903010TOR,24.5,15.0,2nd quarter,8:18.0,Marc Gasol,TOR,True,2-pointer,12,35-35,'POR',tied
1272,1272,1272,201903010TOR,23.7,3.7,2nd quarter,3:42.0,Marc Gasol,TOR,True,2-pointer,1,50-43,'POR',leads
1274,1274,1274,201903010TOR,30.1,27.7,2nd quarter,2:33.0,Marc Gasol,TOR,False,3-pointer,25,52-49,'POR',leads
1281,1281,1281,201903010TOR,24.3,4.7,2nd quarter,0:00.0,Marc Gasol,TOR,True,2-pointer,1,61-54,'POR',leads
1282,1282,1282,201903010TOR,23.5,6.7,3rd quarter,11:27.0,Marc Gasol,TOR,True,2-pointer,3,63-56,'POR',leads
1286,1286,1286,201903010TOR,32.4,22.3,3rd quarter,9:14.0,Marc Gasol,TOR,True,2-pointer,21,68-59,'POR',leads
1288,1288,1288,201903010TOR,8.9,24.8,3rd quarter,7:53.0,Marc Gasol,TOR,False,3-pointer,26,73-67,'POR',leads
1307,1307,1307,201903010TOR,23.3,12.3,4th quarter,7:50.0,Marc Gasol,TOR,False,2-pointer,9,95-91,'POR',leads
1311,1311,1311,201903010TOR,22.6,3.7,4th quarter,5:46.0,Marc Gasol,TOR,True,2-pointer,1,99-94,'POR',leads
689,689,689,201903030DET,10.9,8.3,1st quarter,10:10.0,Marc Gasol,TOR,False,2-pointer,14,2-5,'TOR',trails
693,693,693,201903030DET,26.3,10.8,1st quarter,7:45.0,Marc Gasol,TOR,True,2-pointer,8,4-10,'TOR',trails
694,694,694,201903030DET,13.7,3.4,1st quarter,6:57.0,Marc Gasol,TOR,False,2-pointer,10,4-10,'TOR',trails
737,737,737,201903030DET,31.9,27.7,3rd quarter,8:19.0,Marc Gasol,TOR,True,3-pointer,26,56-54,'TOR',leads
738,738,738,201903030DET,14.5,27.2,3rd quarter,7:03.0,Marc Gasol,TOR,False,3-pointer,26,58-57,'TOR',leads
763,763,763,201903030DET,24.6,4.1,4th quarter,3:36.0,Marc Gasol,TOR,False,2-pointer,1,88-93,'TOR',trails
765,765,765,201903030DET,20.7,10.1,4th quarter,2:19.0,Marc Gasol,TOR,False,2-pointer,8,91-94,'TOR',trails
766,766,766,201903030DET,25.9,3.4,4th quarter,2:14.0,Marc Gasol,TOR,False,2-pointer,2,91-94,'TOR',trails
773,773,773,201903030DET,3.4,4.8,4th quarter,0:01.0,Marc Gasol,TOR,False,2-pointer,21,100-100,'TOR',tied
781,781,781,201903030DET,30.3,5.8,1st overtime,0:02.0,Marc Gasol,TOR,False,2-pointer,7,107-111,'TOR',trails
978,978,978,201903050TOR,13.1,9.8,1st quarter,2:04.0,Marc Gasol,TOR,True,2-pointer,13,15-18,'HOU',trails
981,981,981,201903050TOR,23.0,29.0,2nd quarter,11:47.0,Marc Gasol,TOR,False,3-pointer,26,19-23,'HOU',trails
990,990,990,201903050TOR,23.1,11.0,2nd quarter,7:09.0,Marc Gasol,TOR,True,2-pointer,8,25-42,'HOU',trails
1027,1027,1027,201903050TOR,14.8,7.0,4th quarter,11:22.0,Marc Gasol,TOR,True,2-pointer,10,73-72,'HOU',leads
1030,1030,1030,201903050TOR,24.1,10.3,4th quarter,9:27.0,Marc Gasol,TOR,False,2-pointer,7,73-77,'HOU',trails
1213,1213,1213,201903080NOP,20.5,3.2,1st quarter,11:43.0,Marc Gasol,TOR,False,2-pointer,4,0-0,'NOP',tied
1219,1219,1219,201903080NOP,20.7,3.9,1st quarter,8:50.0,Marc Gasol,TOR,False,2-pointer,3,7-7,'NOP',tied
1220,1220,1220,201903080NOP,24.4,28.3,1st quarter,8:37.0,Marc Gasol,TOR,False,3-pointer,25,7-9,'NOP',trails
1248,1248,1248,201903080NOP,21.1,6.4,2nd quarter,7:10.0,Marc Gasol,TOR,True,2-pointer,4,39-41,'NOP',trails
1258,1258,1258,201903080NOP,11.3,4.1,2nd quarter,2:41.0,Marc Gasol,TOR,True,2-pointer,13,54-51,'NOP',leads
1261,1261,1261,201903080NOP,5.5,20.6,2nd quarter,1:15.0,Marc Gasol,TOR,False,3-pointer,25,58-57,'NOP',leads
898,898,898,201903100MIA,14.0,3.8,1st quarter,2:32.0,Marc Gasol,TOR,False,2-pointer,10,27-19,'MIA',leads
901,901,901,201903100MIA,13.8,16.8,1st quarter,0:56.0,Marc Gasol,TOR,True,2-pointer,17,32-25,'MIA',leads
902,902,902,201903100MIA,29.6,15.8,1st quarter,0:21.0,Marc Gasol,TOR,False,2-pointer,14,32-25,'MIA',leads
906,906,906,201903100MIA,14.7,3.4,2nd quarter,10:21.0,Marc Gasol,TOR,True,2-pointer,9,37-31,'MIA',leads
908,908,908,201903100MIA,16.6,27.2,2nd quarter,8:35.0,Marc Gasol,TOR,False,3-pointer,25,41-35,'MIA',leads
910,910,910,201903100MIA,32.1,3.7,2nd quarter,7:51.0,Marc Gasol,TOR,True,2-pointer,8,45-37,'MIA',leads
178,178,178,201903110CLE,38.2,9.3,1st quarter,10:48.0,Marc Gasol,TOR,False,2-pointer,15,2-2,'TOR',tied
188,188,188,201903110CLE,13.7,27.3,1st quarter,4:39.0,Marc Gasol,TOR,False,3-pointer,26,14-18,'TOR',trails
205,205,205,201903110CLE,35.9,15.0,2nd quarter,6:32.0,Marc Gasol,TOR,False,2-pointer,17,34-44,'TOR',trails
206,206,206,201903110CLE,24.8,4.6,2nd quarter,6:04.0,Marc Gasol,TOR,True,2-pointer,2,36-44,'TOR',trails
221,221,221,201903110CLE,9.8,5.9,3rd quarter,11:16.0,Marc Gasol,TOR,False,2-pointer,14,55-62,'TOR',trails
242,242,242,201903110CLE,10.5,29.4,4th quarter,10:05.0,Marc Gasol,TOR,False,3-pointer,29,79-93,'TOR',trails
794,794,794,201903140TOR,22.8,11.3,1st quarter,9:32.0,Marc Gasol,TOR,False,2-pointer,8,3-4,'LAL',trails
798,798,798,201903140TOR,27.3,23.3,1st quarter,7:48.0,Marc Gasol,TOR,True,2-pointer,20,13-6,'LAL',leads
799,799,799,201903140TOR,7.2,22.3,1st quarter,7:25.0,Marc Gasol,TOR,True,3-pointer,25,16-6,'LAL',leads
801,801,801,201903140TOR,17.0,18.0,1st quarter,6:23.0,Marc Gasol,TOR,False,2-pointer,16,16-10,'LAL',leads
806,806,806,201903140TOR,9.6,17.7,1st quarter,3:21.0,Marc Gasol,TOR,True,2-pointer,20,24-16,'LAL',leads
827,827,827,201903140TOR,23.0,9.5,2nd quarter,4:18.0,Marc Gasol,TOR,True,2-pointer,6,48-48,'LAL',tied
828,828,828,201903140TOR,3.2,16.5,2nd quarter,3:41.0,Marc Gasol,TOR,False,3-pointer,25,49-49,'LAL',tied
830,830,830,201903140TOR,13.9,27.0,2nd quarter,2:42.0,Marc Gasol,TOR,False,3-pointer,26,53-52,'LAL',leads
836,836,836,201903140TOR,24.0,2.7,2nd quarter,0:29.0,Marc Gasol,TOR,False,2-pointer,1,60-54,'LAL',leads
843,843,843,201903140TOR,19.4,27.4,3rd quarter,9:46.0,Marc Gasol,TOR,True,3-pointer,25,72-62,'LAL',leads
5,5,5,201903170DET,39.2,6.7,1st quarter,7:00.0,Marc Gasol,TOR,False,2-pointer,16,6-14,'TOR',trails
10,10,10,201903170DET,27.0,29.8,1st quarter,4:50.0,Marc Gasol,TOR,True,3-pointer,27,12-17,'TOR',trails
24,24,24,201903170DET,23.7,29.8,2nd quarter,7:03.0,Marc Gasol,TOR,False,3-pointer,27,27-36,'TOR',trails
32,32,32,201903170DET,9.2,12.1,2nd quarter,2:45.0,Marc Gasol,TOR,True,2-pointer,17,40-46,'TOR',trails
46,46,46,201903170DET,13.0,26.7,3rd quarter,8:05.0,Marc Gasol,TOR,False,3-pointer,26,58-55,'TOR',leads
51,51,51,201903170DET,23.3,9.8,3rd quarter,6:01.0,Marc Gasol,TOR,True,2-pointer,7,60-60,'TOR',tied
74,74,74,201903170DET,12.5,27.0,4th quarter,3:31.0,Marc Gasol,TOR,False,3-pointer,26,98-98,'TOR',tied
1346,1346,1346,201903180TOR,15.2,28.2,1st quarter,10:06.0,Marc Gasol,TOR,True,3-pointer,26,8-6,'NYK',leads
1347,1347,1347,201903180TOR,23.2,8.4,1st quarter,9:32.0,Marc Gasol,TOR,True,2-pointer,5,10-8,'NYK',leads
1374,1374,1374,201903180TOR,22.8,4.7,2nd quarter,5:06.0,Marc Gasol,TOR,True,2-pointer,2,56-45,'NYK',leads
1375,1375,1375,201903180TOR,25.2,28.9,2nd quarter,4:45.0,Marc Gasol,TOR,False,3-pointer,26,56-45,'NYK',leads
1393,1393,1393,201903180TOR,11.1,25.9,3rd quarter,8:39.0,Marc Gasol,TOR,False,3-pointer,26,83-54,'NYK',leads
1395,1395,1395,201903180TOR,25.7,3.4,3rd quarter,7:24.0,Marc Gasol,TOR,False,2-pointer,2,86-57,'NYK',leads
1396,1396,1396,201903180TOR,31.4,27.7,3rd quarter,7:22.0,Marc Gasol,TOR,True,3-pointer,26,89-57,'NYK',leads
1401,1401,1401,201903180TOR,4.4,20.3,3rd quarter,4:49.0,Marc Gasol,TOR,False,3-pointer,26,93-59,'NYK',leads
739,739,739,201903200OKC,23.0,8.8,1st quarter,9:49.0,Marc Gasol,TOR,True,2-pointer,6,7-5,'TOR',leads
740,740,740,201903200OKC,4.0,18.9,1st quarter,8:35.0,Marc Gasol,TOR,False,3-pointer,25,7-8,'TOR',trails
767,767,767,201903200OKC,25.2,3.4,2nd quarter,4:28.0,Marc Gasol,TOR,False,2-pointer,1,55-44,'TOR',leads
775,775,775,201903200OKC,21.0,27.9,3rd quarter,11:20.0,Marc Gasol,TOR,True,3-pointer,25,66-55,'TOR',leads
787,787,787,201903200OKC,30.2,26.7,3rd quarter,4:11.0,Marc Gasol,TOR,True,3-pointer,24,86-67,'TOR',leads
814,814,814,201903200OKC,21.0,5.5,1st overtime,3:48.0,Marc Gasol,TOR,True,2-pointer,4,112-110,'TOR',leads
816,816,816,201903200OKC,27.0,6.3,1st overtime,2:35.0,Marc Gasol,TOR,False,2-pointer,4,112-110,'TOR',leads
1244,1244,1244,201903220TOR,23.3,3.1,4th quarter,1:40.0,Marc Gasol,TOR,True,2-pointer,1,106-110,'TOR',trails
1347,1347,1347,201903240TOR,33.2,27.5,1st quarter,11:20.0,Marc Gasol,TOR,True,3-pointer,26,3-0,'TOR',leads
1350,1350,1350,201903240TOR,23.6,12.9,1st quarter,8:51.0,Marc Gasol,TOR,True,2-pointer,10,10-4,'TOR',leads
1359,1359,1359,201903240TOR,23.5,7.4,1st quarter,2:36.0,Marc Gasol,TOR,True,2-pointer,4,27-15,'TOR',leads
1377,1377,1377,201903240TOR,21.8,5.7,2nd quarter,2:38.0,Marc Gasol,TOR,True,2-pointer,3,51-53,'TOR',trails
1380,1380,1380,201903240TOR,41.3,22.9,2nd quarter,0:54.0,Marc Gasol,TOR,False,3-pointer,26,54-56,'TOR',trails
1384,1384,1384,201903240TOR,20.2,12.2,3rd quarter,10:49.0,Marc Gasol,TOR,True,2-pointer,10,59-61,'TOR',trails
1387,1387,1387,201903240TOR,23.8,2.6,3rd quarter,8:19.0,Marc Gasol,TOR,True,2-pointer,1,65-67,'TOR',trails
1391,1391,1391,201903240TOR,8.3,23.2,3rd quarter,5:22.0,Marc Gasol,TOR,True,3-pointer,25,72-77,'TOR',trails
1393,1393,1393,201903240TOR,19.7,12.9,3rd quarter,4:06.0,Marc Gasol,TOR,False,2-pointer,11,74-83,'TOR',trails
1726,1726,1726,201903260TOR,10.4,6.5,1st quarter,8:25.0,Marc Gasol,TOR,True,2-pointer,14,10-4,'TOR',leads
1732,1732,1732,201903260TOR,25.2,7.8,1st quarter,5:38.0,Marc Gasol,TOR,False,2-pointer,5,14-8,'TOR',leads
1759,1759,1759,201903260TOR,26.2,3.2,2nd quarter,3:07.0,Marc Gasol,TOR,False,2-pointer,2,47-36,'TOR',leads
1765,1765,1765,201903260TOR,23.8,13.6,2nd quarter,0:29.0,Marc Gasol,TOR,False,2-pointer,10,53-41,'TOR',leads
1771,1771,1771,201903260TOR,11.9,6.2,3rd quarter,8:51.0,Marc Gasol,TOR,False,2-pointer,12,65-50,'TOR',leads
1775,1775,1775,201903260TOR,24.4,7.7,3rd quarter,6:57.0,Marc Gasol,TOR,False,2-pointer,4,69-52,'TOR',leads
904,904,904,201903280NYK,36.6,26.2,1st quarter,9:58.0,Marc Gasol,TOR,False,3-pointer,26,4-4,'NYK',tied
909,909,909,201903280NYK,35.2,18.4,1st quarter,8:01.0,Marc Gasol,TOR,False,2-pointer,19,10-8,'NYK',leads
949,949,949,201903280NYK,18.4,7.5,2nd quarter,0:54.0,Marc Gasol,TOR,False,2-pointer,7,52-33,'NYK',leads
962,962,962,201903280NYK,22.1,28.9,3rd quarter,5:22.0,Marc Gasol,TOR,False,3-pointer,26,76-54,'NYK',leads
171,171,171,201903300CHI,37.6,15.1,1st quarter,8:28.0,Marc Gasol,TOR,False,2-pointer,18,11-10,'TOR',leads
173,173,173,201903300CHI,24.4,4.7,1st quarter,7:36.0,Marc Gasol,TOR,False,2-pointer,1,11-12,'TOR',trails
190,190,190,201903300CHI,24.0,2.7,2nd quarter,11:35.0,Marc Gasol,TOR,False,2-pointer,1,26-28,'TOR',trails
192,192,192,201903300CHI,22.2,27.9,2nd quarter,10:46.0,Marc Gasol,TOR,True,3-pointer,25,31-30,'TOR',leads
197,197,197,201903300CHI,25.6,8.8,2nd quarter,7:34.0,Marc Gasol,TOR,True,2-pointer,6,41-38,'TOR',leads
205,205,205,201903300CHI,10.0,9.8,2nd quarter,3:55.0,Marc Gasol,TOR,True,2-pointer,15,56-44,'TOR',leads
213,213,213,201903300CHI,30.4,28.2,3rd quarter,11:50.0,Marc Gasol,TOR,True,3-pointer,26,70-56,'TOR',leads
215,215,215,201903300CHI,32.8,27.0,3rd quarter,10:27.0,Marc Gasol,TOR,False,3-pointer,25,72-58,'TOR',leads
222,222,222,201903300CHI,28.8,28.2,3rd quarter,7:03.0,Marc Gasol,TOR,True,3-pointer,25,83-63,'TOR',leads
225,225,225,201903300CHI,10.1,1.2,3rd quarter,4:55.0,Marc Gasol,TOR,True,2-pointer,14,88-67,'TOR',leads
227,227,227,201903300CHI,28.4,15.4,3rd quarter,3:25.0,Marc Gasol,TOR,False,2-pointer,13,91-68,'TOR',leads
1349,1349,1349,201904010TOR,22.5,4.8,1st quarter,11:29.0,Marc Gasol,TOR,False,2-pointer,2,0-2,'TOR',trails
1355,1355,1355,201904010TOR,30.4,28.2,1st quarter,8:51.0,Marc Gasol,TOR,True,3-pointer,26,8-12,'TOR',trails
1356,1356,1356,201904010TOR,33.3,4.7,1st quarter,8:21.0,Marc Gasol,TOR,True,2-pointer,9,10-12,'TOR',trails
1360,1360,1360,201904010TOR,23.1,4.7,1st quarter,6:28.0,Marc Gasol,TOR,False,2-pointer,2,12-19,'TOR',trails
1367,1367,1367,201904010TOR,11.4,5.5,1st quarter,2:10.0,Marc Gasol,TOR,False,2-pointer,13,27-32,'TOR',trails
1389,1389,1389,201904010TOR,32.4,27.2,2nd quarter,1:49.0,Marc Gasol,TOR,True,3-pointer,25,52-50,'TOR',leads
1401,1401,1401,201904010TOR,7.5,22.1,3rd quarter,6:41.0,Marc Gasol,TOR,False,3-pointer,25,76-59,'TOR',leads
1402,1402,1402,201904010TOR,24.8,18.0,3rd quarter,6:20.0,Marc Gasol,TOR,True,2-pointer,15,78-61,'TOR',leads
201,201,201,201904030BRK,24.0,2.7,1st quarter,7:51.0,Marc Gasol,TOR,True,2-pointer,1,4-7,'TOR',trails
204,204,204,201904030BRK,25.0,16.3,1st quarter,7:10.0,Marc Gasol,TOR,False,2-pointer,13,6-7,'TOR',trails
208,208,208,201904030BRK,23.2,29.3,1st quarter,4:55.0,Marc Gasol,TOR,False,3-pointer,26,11-13,'TOR',trails
211,211,211,201904030BRK,24.1,27.9,1st quarter,4:06.0,Marc Gasol,TOR,True,3-pointer,25,18-13,'TOR',leads
228,228,228,201904030BRK,20.7,11.0,2nd quarter,7:02.0,Marc Gasol,TOR,False,2-pointer,8,41-30,'TOR',leads
229,229,229,201904030BRK,24.1,6.9,2nd quarter,6:51.0,Marc Gasol,TOR,False,2-pointer,4,41-30,'TOR',leads
231,231,231,201904030BRK,14.3,26.2,2nd quarter,6:12.0,Marc Gasol,TOR,False,3-pointer,25,43-32,'TOR',leads
241,241,241,201904030BRK,20.0,18.6,2nd quarter,1:40.0,Marc Gasol,TOR,False,2-pointer,16,55-48,'TOR',leads
249,249,249,201904030BRK,15.7,27.5,3rd quarter,10:10.0,Marc Gasol,TOR,True,3-pointer,26,64-54,'TOR',leads
260,260,260,201904030BRK,17.8,28.5,3rd quarter,5:31.0,Marc Gasol,TOR,False,3-pointer,26,77-65,'TOR',leads
5,5,5,201904050CHO,12.5,25.7,1st quarter,9:01.0,Marc Gasol,TOR,True,3-pointer,25,14-3,'TOR',leads
13,13,13,201904050CHO,17.8,3.3,1st quarter,5:35.0,Marc Gasol,TOR,False,2-pointer,6,23-15,'TOR',leads
2471,2471,2471,201904070TOR,35.1,16.5,1st quarter,11:16.0,Marc Gasol,TOR,False,2-pointer,17,2-2,'MIA',tied
2509,2509,2509,201904070TOR,44.3,17.5,2nd quarter,0:34.0,Marc Gasol,TOR,False,3-pointer,25,48-54,'MIA',trails
2511,2511,2511,201904070TOR,24.5,11.1,3rd quarter,11:20.0,Marc Gasol,TOR,True,2-pointer,8,52-57,'MIA',trails
2524,2524,2524,201904070TOR,14.2,3.7,3rd quarter,4:26.0,Marc Gasol,TOR,True,2-pointer,10,68-69,'MIA',trails
1058,1058,1058,201904090MIN,7.2,22.3,1st quarter,6:00.0,Marc Gasol,TOR,True,3-pointer,25,16-14,'TOR',leads
1090,1090,1090,201904090MIN,24.1,6.7,2nd quarter,0:02.0,Marc Gasol,TOR,True,2-pointer,3,69-47,'TOR',leads
1093,1093,1093,201904090MIN,17.4,28.2,3rd quarter,9:44.0,Marc Gasol,TOR,False,3-pointer,26,72-54,'TOR',leads
1099,1099,1099,201904090MIN,23.7,5.7,3rd quarter,6:16.0,Marc Gasol,TOR,False,2-pointer,2,80-63,'TOR',leads
1104,1104,1104,201904090MIN,21.1,27.9,3rd quarter,3:39.0,Marc Gasol,TOR,True,3-pointer,25,92-72,'TOR',leads
621,621,621,201904130TOR,26.5,29.5,1st quarter,9:43.0,Marc Gasol,TOR,False,3-pointer,26,6-4,'TOR',leads
625,625,625,201904130TOR,25.7,6.5,1st quarter,8:19.0,Marc Gasol,TOR,True,2-pointer,4,11-6,'TOR',leads
629,629,629,201904130TOR,12.2,20.1,1st quarter,6:20.0,Marc Gasol,TOR,True,2-pointer,21,13-10,'TOR',leads
633,633,633,201904130TOR,27.4,14.3,1st quarter,3:15.0,Marc Gasol,TOR,False,2-pointer,12,19-18,'TOR',leads
651,651,651,201904130TOR,0.6,2.7,2nd quarter,5:08.0,Marc Gasol,TOR,False,3-pointer,23,39-39,'TOR',tied
661,661,661,201904130TOR,22.5,29.2,2nd quarter,0:30.0,Marc Gasol,TOR,True,3-pointer,26,46-57,'TOR',trails
669,669,669,201904130TOR,23.3,28.5,3rd quarter,8:19.0,Marc Gasol,TOR,True,3-pointer,25,61-59,'TOR',leads
698,698,698,201904130TOR,24.7,3.3,4th quarter,2:58.0,Marc Gasol,TOR,True,2-pointer,1,94-94,'TOR',tied
703,703,703,201904130TOR,1.6,2.2,4th quarter,0:27.0,Marc Gasol,TOR,False,3-pointer,22,101-101,'TOR',tied
472,472,472,201904160TOR,5.5,19.8,3rd quarter,10:55.0,Marc Gasol,TOR,True,3-pointer,25,57-41,'TOR',leads
474,474,474,201904160TOR,26.3,7.7,3rd quarter,10:29.0,Marc Gasol,TOR,False,2-pointer,5,57-43,'TOR',leads
475,475,475,201904160TOR,21.2,28.8,3rd quarter,10:11.0,Marc Gasol,TOR,False,3-pointer,26,57-43,'TOR',leads
483,483,483,201904160TOR,18.2,27.0,3rd quarter,6:55.0,Marc Gasol,TOR,True,3-pointer,24,71-52,'TOR',leads
488,488,488,201904160TOR,12.2,24.8,3rd quarter,4:37.0,Marc Gasol,TOR,True,3-pointer,25,79-55,'TOR',leads
323,323,323,201904190ORL,15.0,13.3,1st quarter,10:43.0,Marc Gasol,TOR,True,2-pointer,14,5-0,'TOR',leads
358,358,358,201904190ORL,9.8,9.1,2nd quarter,2:46.0,Marc Gasol,TOR,True,2-pointer,15,43-40,'TOR',leads
361,361,361,201904190ORL,22.7,29.2,2nd quarter,1:19.0,Marc Gasol,TOR,True,3-pointer,26,48-42,'TOR',leads
362,362,362,201904190ORL,27.2,5.7,2nd quarter,0:39.0,Marc Gasol,TOR,False,2-pointer,4,48-42,'TOR',leads
366,366,366,201904190ORL,31.5,18.3,3rd quarter,9:55.0,Marc Gasol,TOR,True,2-pointer,17,54-47,'TOR',leads
398,398,398,201904190ORL,23.9,15.9,4th quarter,5:16.0,Marc Gasol,TOR,False,2-pointer,13,90-80,'TOR',leads
516,516,516,201904210ORL,25.1,5.9,1st quarter,9:10.0,Marc Gasol,TOR,True,2-pointer,3,5-9,'TOR',trails
552,552,552,201904210ORL,10.1,20.3,3rd quarter,10:25.0,Marc Gasol,TOR,False,2-pointer,22,60-44,'TOR',leads
557,557,557,201904210ORL,27.1,7.8,3rd quarter,7:34.0,Marc Gasol,TOR,False,2-pointer,5,65-47,'TOR',leads
631,631,631,201904230TOR,27.7,28.7,1st quarter,8:44.0,Marc Gasol,TOR,False,3-pointer,26,12-1,'TOR',leads
635,635,635,201904230TOR,17.2,9.6,1st quarter,7:12.0,Marc Gasol,TOR,True,2-pointer,9,16-3,'TOR',leads
639,639,639,201904230TOR,11.0,26.1,1st quarter,3:45.0,Marc Gasol,TOR,True,3-pointer,26,25-5,'TOR',leads
659,659,659,201904230TOR,47.3,4.6,2nd quarter,3:00.0,Marc Gasol,TOR,False,3-pointer,23,59-42,'TOR',leads
679,679,679,201904230TOR,33.5,7.7,3rd quarter,3:28.0,Marc Gasol,TOR,False,2-pointer,10,88-60,'TOR',leads
264,264,264,201904270TOR,13.4,17.2,1st quarter,10:09.0,Marc Gasol,TOR,False,2-pointer,17,2-5,'TOR',trails
290,290,290,201904270TOR,9.9,25.7,2nd quarter,7:19.0,Marc Gasol,TOR,True,3-pointer,26,45-41,'TOR',leads
293,293,293,201904270TOR,14.8,27.3,2nd quarter,4:33.0,Marc Gasol,TOR,False,3-pointer,26,53-45,'TOR',leads
296,296,296,201904270TOR,19.5,22.8,2nd quarter,2:58.0,Marc Gasol,TOR,False,2-pointer,20,55-46,'TOR',leads
300,300,300,201904270TOR,24.5,3.8,2nd quarter,1:09.0,Marc Gasol,TOR,True,2-pointer,1,61-50,'TOR',leads
308,308,308,201904270TOR,11.1,26.9,3rd quarter,7:50.0,Marc Gasol,TOR,True,3-pointer,27,73-64,'TOR',leads
311,311,311,201904270TOR,13.7,29.8,3rd quarter,5:37.0,Marc Gasol,TOR,False,3-pointer,28,81-66,'TOR',leads
313,313,313,201904270TOR,20.7,23.1,3rd quarter,3:58.0,Marc Gasol,TOR,False,2-pointer,20,81-70,'TOR',leads
236,236,236,201904290TOR,14.6,8.3,1st quarter,11:33.0,Marc Gasol,TOR,False,2-pointer,11,0-0,'TOR',tied
241,241,241,201904290TOR,18.9,4.3,1st quarter,9:21.0,Marc Gasol,TOR,False,2-pointer,5,4-0,'TOR',leads
242,242,242,201904290TOR,11.7,24.8,1st quarter,8:32.0,Marc Gasol,TOR,False,3-pointer,25,4-2,'TOR',leads
279,279,279,201904290TOR,47.1,4.7,2nd quarter,1:19.0,Marc Gasol,TOR,False,3-pointer,23,33-51,'TOR',trails
282,282,282,201904290TOR,19.9,30.1,3rd quarter,11:35.0,Marc Gasol,TOR,False,3-pointer,27,38-51,'TOR',trails
297,297,297,201904290TOR,9.0,23.7,3rd quarter,3:41.0,Marc Gasol,TOR,True,3-pointer,25,58-61,'TOR',trails
2,2,2,201905020PHI,7.7,6.3,1st quarter,10:59.0,Marc Gasol,TOR,False,2-pointer,17,0-2,'TOR',trails
24,24,24,201905020PHI,0.2,2.2,2nd quarter,9:58.0,Marc Gasol,TOR,False,3-pointer,24,29-38,'TOR',trails
25,25,25,201905020PHI,17.2,9.1,2nd quarter,9:24.0,Marc Gasol,TOR,True,2-pointer,9,31-40,'TOR',trails
42,42,42,201905020PHI,21.6,4.9,3rd quarter,11:09.0,Marc Gasol,TOR,False,2-pointer,3,55-64,'TOR',trails
48,48,48,201905020PHI,25.9,11.6,3rd quarter,7:07.0,Marc Gasol,TOR,True,2-pointer,9,62-75,'TOR',trails
50,50,50,201905020PHI,24.4,7.0,3rd quarter,5:33.0,Marc Gasol,TOR,False,2-pointer,4,64-79,'TOR',trails
3,3,3,201905050PHI,14.6,6.6,1st quarter,9:30.0,Marc Gasol,TOR,True,2-pointer,10,9-7,'TOR',leads
11,11,11,201905050PHI,23.7,28.8,1st quarter,4:40.0,Marc Gasol,TOR,False,3-pointer,26,18-11,'TOR',leads
21,21,21,201905050PHI,9.1,23.3,1st quarter,0:01.0,Marc Gasol,TOR,False,3-pointer,25,24-21,'TOR',leads
24,24,24,201905050PHI,28.3,12.5,2nd quarter,10:27.0,Marc Gasol,TOR,True,2-pointer,10,28-25,'TOR',leads
26,26,26,201905050PHI,10.7,25.3,2nd quarter,9:53.0,Marc Gasol,TOR,True,3-pointer,26,31-25,'TOR',leads
44,44,44,201905050PHI,19.8,28.2,2nd quarter,0:47.0,Marc Gasol,TOR,False,3-pointer,25,45-40,'TOR',leads
46,46,46,201905050PHI,26.3,17.3,3rd quarter,10:39.0,Marc Gasol,TOR,True,2-pointer,14,49-49,'TOR',tied
50,50,50,201905050PHI,19.9,28.8,3rd quarter,7:57.0,Marc Gasol,TOR,False,3-pointer,26,52-54,'TOR',trails
59,59,59,201905050PHI,23.7,6.8,3rd quarter,1:26.0,Marc Gasol,TOR,True,2-pointer,4,73-72,'TOR',leads
65,65,65,201905050PHI,27.4,15.0,4th quarter,10:16.0,Marc Gasol,TOR,True,2-pointer,12,79-81,'TOR',trails
68,68,68,201905050PHI,23.5,10.4,4th quarter,7:22.0,Marc Gasol,TOR,False,2-pointer,7,81-84,'TOR',trails
69,69,69,201905050PHI,8.2,24.2,4th quarter,7:09.0,Marc Gasol,TOR,True,3-pointer,26,84-84,'TOR',tied
71,71,71,201905050PHI,10.2,26.5,4th quarter,5:07.0,Marc Gasol,TOR,False,3-pointer,27,85-84,'TOR',leads
271,271,271,201905070TOR,10.1,24.2,1st quarter,7:33.0,Marc Gasol,TOR,False,3-pointer,25,8-10,'TOR',trails
285,285,285,201905070TOR,25.3,15.8,2nd quarter,11:26.0,Marc Gasol,TOR,True,2-pointer,13,29-26,'TOR',leads
288,288,288,201905070TOR,26.0,30.3,2nd quarter,9:30.0,Marc Gasol,TOR,True,3-pointer,27,36-28,'TOR',leads
290,290,290,201905070TOR,11.2,25.3,2nd quarter,8:31.0,Marc Gasol,TOR,False,3-pointer,26,36-32,'TOR',leads
321,321,321,201905070TOR,38.4,24.7,3rd quarter,1:29.0,Marc Gasol,TOR,True,3-pointer,26,90-66,'TOR',leads
328,328,328,201905070TOR,32.8,28.5,4th quarter,10:02.0,Marc Gasol,TOR,True,3-pointer,27,101-70,'TOR',leads
8,8,8,201905090PHI,33.1,27.3,1st quarter,6:47.0,Marc Gasol,TOR,False,3-pointer,26,10-13,'TOR',trails
10,10,10,201905090PHI,22.4,24.6,1st quarter,5:58.0,Marc Gasol,TOR,False,2-pointer,21,10-13,'TOR',trails
37,37,37,201905090PHI,28.9,28.2,2nd quarter,2:27.0,Marc Gasol,TOR,False,3-pointer,25,41-49,'TOR',trails
44,44,44,201905090PHI,21.2,5.0,3rd quarter,10:55.0,Marc Gasol,TOR,False,2-pointer,3,43-58,'TOR',trails
53,53,53,201905090PHI,22.2,29.9,3rd quarter,5:05.0,Marc Gasol,TOR,False,3-pointer,27,61-70,'TOR',trails
64,64,64,201905090PHI,27.8,11.1,4th quarter,10:00.0,Marc Gasol,TOR,True,2-pointer,9,69-91,'TOR',trails
71,71,71,201905090PHI,29.3,5.8,4th quarter,4:55.0,Marc Gasol,TOR,True,2-pointer,6,80-101,'TOR',trails
72,72,72,201905090PHI,13.4,18.8,4th quarter,3:34.0,Marc Gasol,TOR,True,2-pointer,19,87-106,'TOR',trails
249,249,249,201905120TOR,16.1,26.4,1st quarter,10:52.0,Marc Gasol,TOR,False,3-pointer,24,2-0,'TOR',leads
254,254,254,201905120TOR,14.2,3.3,1st quarter,8:19.0,Marc Gasol,TOR,False,2-pointer,10,6-0,'TOR',leads
265,265,265,201905120TOR,25.5,28.8,1st quarter,2:13.0,Marc Gasol,TOR,False,3-pointer,26,14-9,'TOR',leads
277,277,277,201905120TOR,20.5,9.3,2nd quarter,4:05.0,Marc Gasol,TOR,False,2-pointer,7,33-34,'TOR',trails
289,289,289,201905120TOR,21.8,29.8,3rd quarter,10:58.0,Marc Gasol,TOR,False,3-pointer,27,46-40,'TOR',leads
292,292,292,201905120TOR,23.7,11.5,3rd quarter,9:28.0,Marc Gasol,TOR,True,2-pointer,8,50-41,'TOR',leads
309,309,309,201905120TOR,25.2,5.7,3rd quarter,2:05.0,Marc Gasol,TOR,True,2-pointer,3,59-60,'TOR',trails
316,316,316,201905120TOR,8.7,24.4,4th quarter,10:55.0,Marc Gasol,TOR,True,3-pointer,26,70-66,'TOR',leads
0,0,0,201905150MIL,31.3,13.9,1st quarter,11:24.0,Marc Gasol,TOR,False,2-pointer,13,0-2,'TOR',trails
8,8,8,201905150MIL,26.8,29.1,1st quarter,7:40.0,Marc Gasol,TOR,True,3-pointer,26,14-8,'TOR',leads
13,13,13,201905150MIL,45.0,20.6,1st quarter,4:47.0,Marc Gasol,TOR,False,3-pointer,27,22-13,'TOR',leads
39,39,39,201905150MIL,32.3,30.8,2nd quarter,4:05.0,Marc Gasol,TOR,True,3-pointer,29,50-40,'TOR',leads
49,49,49,201905150MIL,20.7,30.0,3rd quarter,9:37.0,Marc Gasol,TOR,False,3-pointer,27,61-55,'TOR',leads
62,62,62,201905150MIL,22.2,29.8,3rd quarter,3:35.0,Marc Gasol,TOR,False,3-pointer,27,76-68,'TOR',leads
63,63,63,201905150MIL,22.6,13.2,3rd quarter,3:06.0,Marc Gasol,TOR,False,2-pointer,10,76-70,'TOR',leads
77,77,77,201905150MIL,29.8,18.9,4th quarter,6:38.0,Marc Gasol,TOR,False,2-pointer,17,91-94,'TOR',trails
80,80,80,201905150MIL,14.5,28.8,4th quarter,5:50.0,Marc Gasol,TOR,False,3-pointer,27,91-96,'TOR',trails
84,84,84,201905150MIL,7.4,24.6,4th quarter,2:54.0,Marc Gasol,TOR,False,3-pointer,27,100-99,'TOR',leads
89,89,89,201905150MIL,36.4,3.6,4th quarter,0:33.0,Marc Gasol,TOR,False,2-pointer,12,100-106,'TOR',trails
0,0,0,201905170MIL,24.9,8.1,1st quarter,11:17.0,Marc Gasol,TOR,False,2-pointer,5,0-2,'TOR',trails
1,1,1,201905170MIL,29.6,31.3,1st quarter,10:23.0,Marc Gasol,TOR,False,3-pointer,29,0-4,'TOR',trails
3,3,3,201905170MIL,33.1,5.3,1st quarter,9:56.0,Marc Gasol,TOR,False,2-pointer,9,0-6,'TOR',trails
4,4,4,201905170MIL,23.4,6.4,1st quarter,9:16.0,Marc Gasol,TOR,False,2-pointer,3,0-9,'TOR',trails
14,14,14,201905170MIL,32.0,17.5,1st quarter,3:44.0,Marc Gasol,TOR,True,2-pointer,16,15-21,'TOR',trails
38,38,38,201905170MIL,35.6,20.3,2nd quarter,1:40.0,Marc Gasol,TOR,False,2-pointer,21,38-59,'TOR',trails
39,39,39,201905170MIL,12.2,2.9,2nd quarter,0:52.0,Marc Gasol,TOR,False,2-pointer,12,39-62,'TOR',trails
42,42,42,201905170MIL,24.2,7.0,3rd quarter,11:21.0,Marc Gasol,TOR,False,2-pointer,4,39-67,'TOR',trails
43,43,43,201905170MIL,2.2,18.0,3rd quarter,10:51.0,Marc Gasol,TOR,False,3-pointer,26,39-67,'TOR',trails
103,103,103,201905190TOR,27.3,28.8,1st quarter,10:25.0,Marc Gasol,TOR,True,3-pointer,26,5-2,'TOR',leads
106,106,106,201905190TOR,12.7,26.3,1st quarter,8:49.0,Marc Gasol,TOR,True,3-pointer,26,11-5,'TOR',leads
110,110,110,201905190TOR,10.2,24.7,1st quarter,6:47.0,Marc Gasol,TOR,False,3-pointer,26,16-7,'TOR',leads
112,112,112,201905190TOR,10.2,9.3,1st quarter,6:25.0,Marc Gasol,TOR,True,2-pointer,15,18-7,'TOR',leads
117,117,117,201905190TOR,16.7,27.7,1st quarter,3:42.0,Marc Gasol,TOR,False,3-pointer,25,23-13,'TOR',leads
152,152,152,201905190TOR,26.2,28.9,3rd quarter,10:21.0,Marc Gasol,TOR,True,3-pointer,26,61-53,'TOR',leads
158,158,158,201905190TOR,19.6,6.0,3rd quarter,7:00.0,Marc Gasol,TOR,False,2-pointer,5,65-59,'TOR',leads
176,176,176,201905190TOR,6.6,22.8,4th quarter,6:22.0,Marc Gasol,TOR,False,3-pointer,26,88-82,'TOR',leads
189,189,189,201905190TOR,10.5,25.4,1st overtime,3:06.0,Marc Gasol,TOR,False,3-pointer,26,99-96,'TOR',leads
197,197,197,201905190TOR,22.6,30.3,2nd overtime,3:42.0,Marc Gasol,TOR,True,3-pointer,27,106-105,'TOR',leads
80,80,80,201905210TOR,13.4,26.3,1st quarter,10:51.0,Marc Gasol,TOR,False,3-pointer,25,0-2,'TOR',trails
83,83,83,201905210TOR,16.7,7.0,1st quarter,9:18.0,Marc Gasol,TOR,False,2-pointer,8,5-10,'TOR',trails
85,85,85,201905210TOR,21.7,28.5,1st quarter,7:58.0,Marc Gasol,TOR,True,3-pointer,25,13-15,'TOR',trails
90,90,90,201905210TOR,25.4,28.9,1st quarter,5:30.0,Marc Gasol,TOR,True,3-pointer,26,22-22,'TOR',tied
91,91,91,201905210TOR,1.5,14.8,1st quarter,4:10.0,Marc Gasol,TOR,False,3-pointer,25,24-24,'TOR',tied
115,115,115,201905210TOR,24.8,9.3,2nd quarter,6:19.0,Marc Gasol,TOR,True,2-pointer,6,49-42,'TOR',leads
132,132,132,201905210TOR,23.0,29.8,3rd quarter,8:07.0,Marc Gasol,TOR,True,3-pointer,27,76-62,'TOR',leads
141,141,141,201905210TOR,21.7,29.7,3rd quarter,0:47.0,Marc Gasol,TOR,False,3-pointer,27,91-78,'TOR',leads
146,146,146,201905210TOR,22.7,11.6,4th quarter,11:03.0,Marc Gasol,TOR,False,2-pointer,8,96-82,'TOR',leads
155,155,155,201905210TOR,25.3,4.7,4th quarter,5:14.0,Marc Gasol,TOR,True,2-pointer,2,109-93,'TOR',leads
159,159,159,201905210TOR,20.2,4.4,4th quarter,3:16.0,Marc Gasol,TOR,True,2-pointer,4,116-95,'TOR',leads
4,4,4,201905230MIL,17.6,28.8,1st quarter,9:09.0,Marc Gasol,TOR,False,3-pointer,26,3-11,'TOR',trails
5,5,5,201905230MIL,25.5,5.9,1st quarter,8:10.0,Marc Gasol,TOR,False,2-pointer,3,4-14,'TOR',trails
10,10,10,201905230MIL,15.7,27.3,1st quarter,5:37.0,Marc Gasol,TOR,False,3-pointer,25,9-18,'TOR',trails
27,27,27,201905230MIL,33.3,28.7,2nd quarter,7:37.0,Marc Gasol,TOR,False,3-pointer,27,29-34,'TOR',trails
74,74,74,201905230MIL,24.2,12.6,4th quarter,5:43.0,Marc Gasol,TOR,False,2-pointer,9,89-83,'TOR',leads
77,77,77,201905230MIL,7.7,25.7,4th quarter,4:54.0,Marc Gasol,TOR,True,3-pointer,28,92-85,'TOR',leads
113,113,113,201905250TOR,46.0,5.7,3rd quarter,8:26.0,Marc Gasol,TOR,True,3-pointer,22,52-57,'TOR',trails
117,117,117,201905250TOR,34.8,4.8,3rd quarter,6:57.0,Marc Gasol,TOR,False,2-pointer,11,52-59,'TOR',trails
141,141,141,201905250TOR,47.1,6.0,4th quarter,3:50.0,Marc Gasol,TOR,True,3-pointer,23,92-88,'TOR',leads
83,83,83,201905300TOR,25.4,29.3,1st quarter,8:47.0,Marc Gasol,TOR,True,3-pointer,26,9-7,'TOR',leads
84,84,84,201905300TOR,10.1,23.8,1st quarter,8:17.0,Marc Gasol,TOR,False,3-pointer,25,9-7,'TOR',leads
87,87,87,201905300TOR,17.5,28.5,1st quarter,7:02.0,Marc Gasol,TOR,True,3-pointer,26,12-9,'TOR',leads
107,107,107,201905300TOR,34.0,9.1,2nd quarter,5:19.0,Marc Gasol,TOR,False,2-pointer,12,40-41,'TOR',trails
109,109,109,201905300TOR,25.8,3.9,2nd quarter,4:33.0,Marc Gasol,TOR,True,2-pointer,2,42-41,'TOR',leads
115,115,115,201905300TOR,25.6,7.8,2nd quarter,0:38.0,Marc Gasol,TOR,True,2-pointer,5,56-47,'TOR',leads
119,119,119,201905300TOR,11.6,5.0,3rd quarter,10:06.0,Marc Gasol,TOR,False,2-pointer,13,63-54,'TOR',leads
123,123,123,201905300TOR,14.7,27.8,3rd quarter,7:52.0,Marc Gasol,TOR,False,3-pointer,26,67-61,'TOR',leads
127,127,127,201905300TOR,24.4,9.3,3rd quarter,5:22.0,Marc Gasol,TOR,True,2-pointer,6,77-68,'TOR',leads
147,147,147,201905300TOR,23.9,20.0,4th quarter,3:54.0,Marc Gasol,TOR,True,2-pointer,17,108-96,'TOR',leads
83,83,83,201906020TOR,22.0,28.0,1st quarter,10:13.0,Marc Gasol,TOR,False,3-pointer,25,2-0,'TOR',leads
89,89,89,201906020TOR,29.0,7.9,1st quarter,6:34.0,Marc Gasol,TOR,False,2-pointer,7,7-9,'TOR',trails
114,114,114,201906020TOR,23.3,3.4,2nd quarter,7:12.0,Marc Gasol,TOR,True,2-pointer,1,39-30,'TOR',leads
121,121,121,201906020TOR,19.4,7.9,2nd quarter,2:30.0,Marc Gasol,TOR,False,2-pointer,7,52-45,'TOR',leads
122,122,122,201906020TOR,23.7,4.1,2nd quarter,2:21.0,Marc Gasol,TOR,True,2-pointer,1,54-45,'TOR',leads
128,128,128,201906020TOR,25.0,29.8,3rd quarter,9:09.0,Marc Gasol,TOR,False,3-pointer,27,59-63,'TOR',trails
129,129,129,201906020TOR,16.2,22.1,3rd quarter,8:42.0,Marc Gasol,TOR,False,2-pointer,20,59-65,'TOR',trails
1,1,1,201906050GSW,22.6,32.3,1st quarter,10:04.0,Marc Gasol,TOR,False,3-pointer,29,6-5,'TOR',leads
3,3,3,201906050GSW,24.4,10.1,1st quarter,9:08.0,Marc Gasol,TOR,True,2-pointer,7,11-7,'TOR',leads
9,9,9,201906050GSW,22.8,6.3,1st quarter,6:16.0,Marc Gasol,TOR,True,2-pointer,3,19-9,'TOR',leads
10,10,10,201906050GSW,23.0,29.8,1st quarter,5:51.0,Marc Gasol,TOR,False,3-pointer,27,19-12,'TOR',leads
13,13,13,201906050GSW,24.7,7.0,1st quarter,4:00.0,Marc Gasol,TOR,True,2-pointer,4,26-16,'TOR',leads
14,14,14,201906050GSW,22.5,14.9,1st quarter,3:28.0,Marc Gasol,TOR,False,2-pointer,12,26-16,'TOR',leads
16,16,16,201906050GSW,14.2,6.8,1st quarter,2:54.0,Marc Gasol,TOR,False,2-pointer,10,26-16,'TOR',leads
42,42,42,201906050GSW,25.2,4.6,3rd quarter,10:46.0,Marc Gasol,TOR,True,2-pointer,2,66-52,'TOR',leads
46,46,46,201906050GSW,5.9,22.3,3rd quarter,7:23.0,Marc Gasol,TOR,False,3-pointer,26,73-62,'TOR',leads
77,77,77,201906050GSW,24.3,11.0,4th quarter,3:02.0,Marc Gasol,TOR,True,2-pointer,8,115-103,'TOR',leads
80,80,80,201906050GSW,5.7,21.3,4th quarter,1:07.0,Marc Gasol,TOR,True,3-pointer,26,121-107,'TOR',leads
15,15,15,201906070GSW,23.1,8.7,1st quarter,2:19.0,Marc Gasol,TOR,False,2-pointer,5,12-19,'TOR',trails
33,33,33,201906070GSW,19.7,30.6,2nd quarter,5:25.0,Marc Gasol,TOR,False,3-pointer,28,30-37,'TOR',trails
42,42,42,201906070GSW,23.6,5.1,2nd quarter,0:58.0,Marc Gasol,TOR,True,2-pointer,2,40-44,'TOR',trails
43,43,43,201906070GSW,1.4,6.0,2nd quarter,0:03.0,Marc Gasol,TOR,False,3-pointer,23,42-46,'TOR',trails
46,46,46,201906070GSW,36.1,3.4,3rd quarter,10:31.0,Marc Gasol,TOR,True,2-pointer,12,50-49,'TOR',leads
52,52,52,201906070GSW,24.9,10.8,3rd quarter,8:28.0,Marc Gasol,TOR,False,2-pointer,8,50-55,'TOR',trails
58,58,58,201906070GSW,10.3,25.4,3rd quarter,5:43.0,Marc Gasol,TOR,True,3-pointer,26,59-58,'TOR',leads
79,79,79,201906070GSW,11.2,27.2,4th quarter,4:32.0,Marc Gasol,TOR,False,3-pointer,27,93-83,'TOR',leads
82,82,82,201906100TOR,26.2,8.7,1st quarter,11:16.0,Marc Gasol,TOR,True,2-pointer,6,2-3,'TOR',trails
84,84,84,201906100TOR,13.7,25.6,1st quarter,9:53.0,Marc Gasol,TOR,True,3-pointer,25,6-8,'TOR',trails
95,95,95,201906100TOR,23.8,8.8,1st quarter,4:52.0,Marc Gasol,TOR,True,2-pointer,6,21-19,'TOR',leads
116,116,116,201906100TOR,27.5,27.8,2nd quarter,3:30.0,Marc Gasol,TOR,True,3-pointer,25,48-54,'TOR',trails
118,118,118,201906100TOR,16.1,26.7,2nd quarter,2:14.0,Marc Gasol,TOR,False,3-pointer,25,50-56,'TOR',trails
164,164,164,201906100TOR,26.8,3.6,4th quarter,0:47.0,Marc Gasol,TOR,False,2-pointer,3,103-106,'TOR',trails
0,0,0,201906130GSW,23.1,10.5,1st quarter,11:47.0,Marc Gasol,TOR,False,2-pointer,7,0-0,'TOR',tied
11,11,11,201906130GSW,25.4,11.3,1st quarter,6:41.0,Marc Gasol,TOR,False,2-pointer,8,17-12,'TOR',leads
14,14,14,201906130GSW,36.6,25.9,1st quarter,4:59.0,Marc Gasol,TOR,False,3-pointer,26,22-17,'TOR',leads
32,32,32,201906130GSW,17.7,14.4,2nd quarter,6:37.0,Marc Gasol,TOR,False,2-pointer,13,43-40,'TOR',leads
56,56,56,201906130GSW,25.0,29.6,3rd quarter,5:05.0,Marc Gasol,TOR,False,3-pointer,26,76-76,'TOR',tied
287,287,287,201910220TOR,30.0,27.4,1st quarter,0:20.0,Marc Gasol,TOR,False,3-pointer,25,27-28,'NOP',trails
289,289,289,201910220TOR,24.0,2.7,2nd quarter,11:35.0,Marc Gasol,TOR,False,2-pointer,1,27-30,'NOP',trails
292,292,292,201910220TOR,21.5,10.1,2nd quarter,9:35.0,Marc Gasol,TOR,False,2-pointer,7,29-33,'NOP',trails
319,319,319,201910220TOR,25.7,29.0,3rd quarter,9:13.0,Marc Gasol,TOR,True,3-pointer,26,69-70,'NOP',trails
323,323,323,201910220TOR,11.3,25.2,3rd quarter,7:26.0,Marc Gasol,TOR,False,3-pointer,25,73-70,'NOP',leads
325,325,325,201910220TOR,18.7,6.4,3rd quarter,6:37.0,Marc Gasol,TOR,False,2-pointer,6,75-73,'NOP',leads
352,352,352,201910220TOR,26.0,7.7,4th quarter,5:21.0,Marc Gasol,TOR,False,2-pointer,5,103-103,'NOP',tied
364,364,364,201910220TOR,9.5,23.2,1st overtime,3:23.0,Marc Gasol,TOR,False,3-pointer,25,119-120,'NOP',trails
365,365,365,201910220TOR,26.6,5.3,1st overtime,2:37.0,Marc Gasol,TOR,True,2-pointer,3,121-120,'NOP',leads
3,3,3,201910250BOS,16.5,28.3,1st quarter,10:20.0,Marc Gasol,TOR,False,3-pointer,26,5-5,'TOR',tied
9,9,9,201910250BOS,32.3,27.8,1st quarter,7:31.0,Marc Gasol,TOR,False,3-pointer,26,10-11,'TOR',trails
29,29,29,201910250BOS,1.0,15.5,2nd quarter,6:11.0,Marc Gasol,TOR,False,3-pointer,26,33-36,'TOR',trails
37,37,37,201910250BOS,27.5,22.3,2nd quarter,1:12.0,Marc Gasol,TOR,False,2-pointer,19,46-44,'TOR',leads
46,46,46,201910250BOS,23.3,29.0,3rd quarter,7:49.0,Marc Gasol,TOR,False,3-pointer,26,57-59,'TOR',trails
70,70,70,201910250BOS,23.5,6.3,4th quarter,6:03.0,Marc Gasol,TOR,False,2-pointer,3,98-95,'TOR',leads
71,71,71,201910250BOS,17.2,12.0,4th quarter,5:48.0,Marc Gasol,TOR,False,2-pointer,11,98-97,'TOR',leads
73,73,73,201910250BOS,23.0,5.1,4th quarter,4:41.0,Marc Gasol,TOR,False,2-pointer,2,100-101,'TOR',trails
229,229,229,201910260CHI,22.8,27.9,3rd quarter,9:15.0,Marc Gasol,TOR,True,3-pointer,25,56-46,'TOR',leads
231,231,231,201910260CHI,23.9,6.7,3rd quarter,8:33.0,Marc Gasol,TOR,False,2-pointer,3,59-46,'TOR',leads
1882,1882,1882,201910280TOR,21.2,9.3,1st quarter,9:48.0,Marc Gasol,TOR,True,2-pointer,7,7-6,'TOR',leads
1883,1883,1883,201910280TOR,28.0,28.8,1st quarter,9:22.0,Marc Gasol,TOR,True,3-pointer,26,10-9,'TOR',leads
1891,1891,1891,201910280TOR,21.2,28.0,1st quarter,5:42.0,Marc Gasol,TOR,False,3-pointer,25,21-12,'TOR',leads
1926,1926,1926,201910280TOR,26.8,8.6,3rd quarter,10:24.0,Marc Gasol,TOR,True,2-pointer,6,55-48,'TOR',leads
1928,1928,1928,201910280TOR,2.1,13.9,3rd quarter,8:58.0,Marc Gasol,TOR,True,3-pointer,24,60-48,'TOR',leads
1932,1932,1932,201910280TOR,21.6,7.3,3rd quarter,7:01.0,Marc Gasol,TOR,False,2-pointer,5,62-48,'TOR',leads
1933,1933,1933,201910280TOR,24.0,2.7,3rd quarter,6:57.0,Marc Gasol,TOR,False,2-pointer,1,62-48,'TOR',leads
1483,1483,1483,201910300TOR,31.2,17.4,1st quarter,11:26.0,Marc Gasol,TOR,False,2-pointer,16,0-2,'TOR',trails
1495,1495,1495,201910300TOR,6.6,22.3,1st quarter,5:26.0,Marc Gasol,TOR,True,3-pointer,26,17-16,'TOR',leads
1529,1529,1529,201910300TOR,24.4,4.2,3rd quarter,10:45.0,Marc Gasol,TOR,True,2-pointer,1,69-59,'TOR',leads
516,516,516,201911020MIL,22.0,16.7,1st quarter,11:25.0,Marc Gasol,TOR,False,2-pointer,14,0-0,'TOR',tied
526,526,526,201911020MIL,17.6,30.1,1st quarter,4:41.0,Marc Gasol,TOR,False,3-pointer,28,11-19,'TOR',trails
542,542,542,201911020MIL,20.0,19.6,2nd quarter,6:57.0,Marc Gasol,TOR,False,2-pointer,17,25-48,'TOR',trails
544,544,544,201911020MIL,8.5,25.8,2nd quarter,5:50.0,Marc Gasol,TOR,True,3-pointer,27,30-51,'TOR',trails
551,551,551,201911020MIL,12.3,28.4,2nd quarter,2:45.0,Marc Gasol,TOR,False,3-pointer,28,38-57,'TOR',trails
556,556,556,201911020MIL,23.8,4.1,3rd quarter,11:40.0,Marc Gasol,TOR,True,2-pointer,1,52-66,'TOR',trails
560,560,560,201911020MIL,22.0,30.0,3rd quarter,9:20.0,Marc Gasol,TOR,True,3-pointer,27,59-73,'TOR',trails
585,585,585,201911020MIL,29.7,30.1,4th quarter,7:23.0,Marc Gasol,TOR,False,3-pointer,27,94-100,'TOR',trails
588,588,588,201911020MIL,34.6,27.9,4th quarter,6:01.0,Marc Gasol,TOR,False,3-pointer,27,96-102,'TOR',trails
590,590,590,201911020MIL,23.6,4.6,4th quarter,4:46.0,Marc Gasol,TOR,True,2-pointer,1,100-105,'TOR',trails
591,591,591,201911020MIL,22.4,14.4,4th quarter,3:43.0,Marc Gasol,TOR,False,2-pointer,11,100-105,'TOR',trails
596,596,596,201911020MIL,25.4,7.3,4th quarter,1:53.0,Marc Gasol,TOR,False,2-pointer,4,103-107,'TOR',trails
1339,1339,1339,201911060TOR,26.8,12.6,1st quarter,7:09.0,Marc Gasol,TOR,True,2-pointer,10,11-14,'TOR',trails
1343,1343,1343,201911060TOR,16.0,28.5,1st quarter,5:10.0,Marc Gasol,TOR,True,3-pointer,26,22-17,'TOR',leads
1345,1345,1345,201911060TOR,23.3,3.3,1st quarter,3:50.0,Marc Gasol,TOR,True,2-pointer,1,26-20,'TOR',leads
1366,1366,1366,201911060TOR,12.7,25.8,3rd quarter,10:54.0,Marc Gasol,TOR,False,3-pointer,25,69-60,'TOR',leads
1370,1370,1370,201911060TOR,25.0,14.8,3rd quarter,9:34.0,Marc Gasol,TOR,False,2-pointer,12,69-63,'TOR',leads
1371,1371,1371,201911060TOR,24.9,6.5,3rd quarter,9:03.0,Marc Gasol,TOR,True,2-pointer,3,71-65,'TOR',leads
1069,1069,1069,201911080NOP,21.8,3.8,1st quarter,9:55.0,Marc Gasol,TOR,False,2-pointer,2,5-4,'NOP',leads
1072,1072,1072,201911080NOP,21.6,11.0,1st quarter,8:16.0,Marc Gasol,TOR,False,2-pointer,8,8-10,'NOP',trails
1103,1103,1103,201911080NOP,3.7,18.6,2nd quarter,5:54.0,Marc Gasol,TOR,True,3-pointer,25,55-38,'NOP',leads
1120,1120,1120,201911080NOP,24.1,5.2,3rd quarter,9:26.0,Marc Gasol,TOR,False,2-pointer,2,77-55,'NOP',leads
1142,1142,1142,201911080NOP,12.7,27.3,4th quarter,9:04.0,Marc Gasol,TOR,False,3-pointer,27,100-85,'NOP',leads
1148,1148,1148,201911080NOP,47.0,9.5,4th quarter,4:54.0,Marc Gasol,TOR,False,3-pointer,24,108-94,'NOP',leads
0,0,0,201911100LAL,19.8,31.1,1st quarter,11:34.0,Marc Gasol,TOR,False,3-pointer,28,0-0,'LAL',tied
2,2,2,201911100LAL,25.8,9.7,1st quarter,9:54.0,Marc Gasol,TOR,True,2-pointer,7,2-3,'LAL',trails
524,524,524,201911110LAC,27.4,3.2,1st quarter,11:10.0,Marc Gasol,TOR,True,2-pointer,3,2-2,'TOR',tied
531,531,531,201911110LAC,39.4,25.8,1st quarter,6:19.0,Marc Gasol,TOR,True,3-pointer,27,9-9,'TOR',tied
532,532,532,201911110LAC,23.4,29.1,1st quarter,5:51.0,Marc Gasol,TOR,False,3-pointer,26,9-9,'TOR',tied
537,537,537,201911110LAC,24.3,19.1,1st quarter,2:20.0,Marc Gasol,TOR,False,2-pointer,16,15-11,'TOR',leads
561,561,561,201911110LAC,20.4,6.1,2nd quarter,1:58.0,Marc Gasol,TOR,False,2-pointer,5,44-45,'TOR',trails
568,568,568,201911110LAC,33.4,27.7,3rd quarter,9:12.0,Marc Gasol,TOR,True,3-pointer,26,51-57,'TOR',trails
596,596,596,201911110LAC,19.0,15.1,4th quarter,4:20.0,Marc Gasol,TOR,False,2-pointer,13,84-90,'TOR',trails
606,606,606,201911110LAC,20.9,31.2,4th quarter,0:50.0,Marc Gasol,TOR,False,3-pointer,28,88-94,'TOR',trails
1088,1088,1088,201911130POR,11.6,4.8,1st quarter,10:57.0,Marc Gasol,TOR,False,2-pointer,13,0-2,'POR',trails
1090,1090,1090,201911130POR,37.9,4.6,1st quarter,9:31.0,Marc Gasol,TOR,False,2-pointer,14,2-7,'POR',trails
1100,1100,1100,201911130POR,22.6,29.3,1st quarter,4:24.0,Marc Gasol,TOR,True,3-pointer,26,15-18,'POR',trails
1116,1116,1116,201911130POR,23.1,4.8,2nd quarter,10:58.0,Marc Gasol,TOR,False,2-pointer,2,23-30,'POR',trails
1121,1121,1121,201911130POR,21.1,5.4,2nd quarter,8:33.0,Marc Gasol,TOR,False,2-pointer,4,30-36,'POR',trails
1136,1136,1136,201911130POR,11.4,25.4,2nd quarter,0:00.0,Marc Gasol,TOR,False,3-pointer,25,54-53,'POR',leads
1138,1138,1138,201911130POR,20.7,29.2,3rd quarter,10:53.0,Marc Gasol,TOR,True,3-pointer,26,57-55,'POR',leads
1149,1149,1149,201911130POR,42.0,21.3,3rd quarter,5:24.0,Marc Gasol,TOR,True,3-pointer,26,66-67,'POR',trails
1165,1165,1165,201911130POR,10.5,12.3,4th quarter,9:18.0,Marc Gasol,TOR,False,2-pointer,16,89-87,'POR',leads
1172,1172,1172,201911130POR,5.7,20.8,4th quarter,4:32.0,Marc Gasol,TOR,False,3-pointer,25,104-94,'POR',leads
184,184,184,201911160DAL,9.9,7.7,1st quarter,7:46.0,Marc Gasol,TOR,False,2-pointer,15,10-11,'DAL',trails
187,187,187,201911160DAL,24.9,13.7,1st quarter,6:10.0,Marc Gasol,TOR,False,2-pointer,10,10-13,'DAL',trails
189,189,189,201911160DAL,28.0,27.8,1st quarter,5:05.0,Marc Gasol,TOR,True,3-pointer,25,13-18,'DAL',trails
218,218,218,201911160DAL,24.4,11.3,2nd quarter,2:09.0,Marc Gasol,TOR,False,2-pointer,8,51-47,'DAL',leads
229,229,229,201911160DAL,21.0,30.3,3rd quarter,8:15.0,Marc Gasol,TOR,False,3-pointer,27,62-60,'DAL',leads
236,236,236,201911160DAL,23.2,6.7,3rd quarter,4:51.0,Marc Gasol,TOR,False,2-pointer,4,66-69,'DAL',trails
254,254,254,201911160DAL,21.7,20.6,4th quarter,6:25.0,Marc Gasol,TOR,False,2-pointer,17,84-92,'DAL',trails
1324,1324,1324,201911180TOR,23.1,3.4,1st quarter,10:25.0,Marc Gasol,TOR,True,2-pointer,1,5-0,'TOR',leads
1363,1363,1363,201911180TOR,27.7,27.3,2nd quarter,3:31.0,Marc Gasol,TOR,False,3-pointer,24,48-42,'TOR',leads
1370,1370,1370,201911180TOR,46.8,4.1,2nd quarter,0:29.0,Marc Gasol,TOR,True,3-pointer,23,58-56,'TOR',leads
1392,1392,1392,201911180TOR,18.0,28.7,3rd quarter,1:48.0,Marc Gasol,TOR,False,3-pointer,26,92-71,'TOR',leads
1677,1677,1677,201911200TOR,46.8,1.7,1st quarter,9:15.0,Marc Gasol,TOR,True,3-pointer,23,7-7,'TOR',tied
1683,1683,1683,201911200TOR,26.7,4.4,1st quarter,5:22.0,Marc Gasol,TOR,False,2-pointer,3,14-19,'TOR',trails
1711,1711,1711,201911200TOR,15.6,26.4,2nd quarter,3:04.0,Marc Gasol,TOR,False,3-pointer,25,53-43,'TOR',leads
1718,1718,1718,201911200TOR,28.3,5.8,3rd quarter,9:54.0,Marc Gasol,TOR,True,2-pointer,5,65-55,'TOR',leads
5,5,5,201911230ATL,28.1,13.6,1st quarter,9:17.0,Marc Gasol,TOR,False,2-pointer,11,5-3,'TOR',leads
9,9,9,201911230ATL,9.6,23.8,1st quarter,6:40.0,Marc Gasol,TOR,False,3-pointer,25,8-10,'TOR',trails
13,13,13,201911230ATL,27.0,15.5,1st quarter,4:20.0,Marc Gasol,TOR,False,2-pointer,13,13-14,'TOR',trails
32,32,32,201911230ATL,20.7,29.1,2nd quarter,5:26.0,Marc Gasol,TOR,True,3-pointer,26,42-46,'TOR',trails
86,86,86,201911230ATL,1.2,2.7,4th quarter,1:08.0,Marc Gasol,TOR,False,3-pointer,23,114-106,'TOR',leads
1852,1852,1852,201911250TOR,1.3,3.6,1st quarter,8:56.0,Marc Gasol,TOR,False,3-pointer,23,8-0,'TOR',leads
1866,1866,1866,201911250TOR,24.7,29.8,1st quarter,2:22.0,Marc Gasol,TOR,True,3-pointer,27,24-25,'TOR',trails
1870,1870,1870,201911250TOR,17.3,9.0,2nd quarter,11:21.0,Marc Gasol,TOR,False,2-pointer,9,28-36,'TOR',trails
1883,1883,1883,201911250TOR,6.2,20.1,2nd quarter,3:14.0,Marc Gasol,TOR,False,3-pointer,25,46-44,'TOR',leads
1909,1909,1909,201911250TOR,16.1,21.5,4th quarter,11:48.0,Marc Gasol,TOR,False,2-pointer,20,81-80,'TOR',leads
1910,1910,1910,201911250TOR,21.7,29.0,4th quarter,11:17.0,Marc Gasol,TOR,False,3-pointer,26,81-80,'TOR',leads
1915,1915,1915,201911250TOR,31.3,26.8,4th quarter,9:30.0,Marc Gasol,TOR,False,3-pointer,25,83-85,'TOR',trails
1919,1919,1919,201911250TOR,6.3,22.6,4th quarter,7:01.0,Marc Gasol,TOR,False,3-pointer,26,88-90,'TOR',trails
2398,2398,2398,201911270TOR,29.3,27.3,1st quarter,7:40.0,Marc Gasol,TOR,False,3-pointer,25,10-8,'NYK',leads
2406,2406,2406,201911270TOR,25.1,28.9,1st quarter,3:31.0,Marc Gasol,TOR,False,3-pointer,26,19-21,'NYK',trails
2448,2448,2448,201911270TOR,22.9,32.7,3rd quarter,5:51.0,Marc Gasol,TOR,True,3-pointer,29,78-55,'NYK',leads
1565,1565,1565,201911290ORL,34.2,27.4,1st quarter,9:34.0,Marc Gasol,TOR,False,3-pointer,26,0-6,'TOR',trails
1573,1573,1573,201911290ORL,28.1,10.3,1st quarter,6:23.0,Marc Gasol,TOR,False,2-pointer,8,9-12,'TOR',trails
1581,1581,1581,201911290ORL,28.3,16.4,1st quarter,2:38.0,Marc Gasol,TOR,True,2-pointer,14,15-15,'TOR',tied
1601,1601,1601,201911290ORL,46.8,6.8,2nd quarter,2:53.0,Marc Gasol,TOR,False,3-pointer,23,34-42,'TOR',trails
1606,1606,1606,201911290ORL,5.8,21.8,2nd quarter,1:14.0,Marc Gasol,TOR,False,3-pointer,26,37-45,'TOR',trails
1620,1620,1620,201911290ORL,20.5,31.1,3rd quarter,5:05.0,Marc Gasol,TOR,False,3-pointer,28,52-53,'TOR',trails
1528,1528,1528,201912010TOR,29.9,29.5,1st quarter,11:46.0,Marc Gasol,TOR,False,3-pointer,27,0-0,'TOR',tied
1532,1532,1532,201912010TOR,39.1,24.9,1st quarter,10:09.0,Marc Gasol,TOR,True,3-pointer,26,3-3,'TOR',tied
1535,1535,1535,201912010TOR,25.7,13.6,1st quarter,8:41.0,Marc Gasol,TOR,False,2-pointer,10,5-7,'TOR',trails
1537,1537,1537,201912010TOR,1.0,3.6,1st quarter,7:53.0,Marc Gasol,TOR,True,3-pointer,23,8-9,'TOR',trails
1539,1539,1539,201912010TOR,24.7,3.8,1st quarter,7:03.0,Marc Gasol,TOR,True,2-pointer,1,10-9,'TOR',leads
1543,1543,1543,201912010TOR,22.2,29.3,1st quarter,4:30.0,Marc Gasol,TOR,True,3-pointer,26,20-11,'TOR',leads
1548,1548,1548,201912010TOR,28.9,32.3,1st quarter,2:29.0,Marc Gasol,TOR,False,3-pointer,30,30-14,'TOR',leads
1581,1581,1581,201912010TOR,35.3,8.5,3rd quarter,8:04.0,Marc Gasol,TOR,False,2-pointer,12,86-53,'TOR',leads
1043,1043,1043,201912030TOR,9.7,26.1,1st quarter,9:16.0,Marc Gasol,TOR,True,3-pointer,27,7-2,'MIA',leads
1046,1046,1046,201912030TOR,21.2,11.5,1st quarter,7:34.0,Marc Gasol,TOR,True,2-pointer,9,9-9,'MIA',tied
1050,1050,1050,201912030TOR,25.9,7.5,1st quarter,5:43.0,Marc Gasol,TOR,True,2-pointer,5,17-14,'MIA',leads
1054,1054,1054,201912030TOR,37.2,25.1,1st quarter,3:20.0,Marc Gasol,TOR,False,3-pointer,26,19-21,'MIA',trails
1077,1077,1077,201912030TOR,34.5,27.8,2nd quarter,4:17.0,Marc Gasol,TOR,True,3-pointer,27,43-44,'MIA',trails
1091,1091,1091,201912030TOR,24.8,14.9,3rd quarter,8:39.0,Marc Gasol,TOR,True,2-pointer,12,62-61,'MIA',leads
1092,1092,1092,201912030TOR,17.9,28.9,3rd quarter,8:08.0,Marc Gasol,TOR,False,3-pointer,26,62-64,'MIA',trails
1122,1122,1122,201912030TOR,35.6,26.8,1st overtime,4:29.0,Marc Gasol,TOR,False,3-pointer,26,108-111,'MIA',trails
1129,1129,1129,201912030TOR,9.9,26.5,1st overtime,0:54.0,Marc Gasol,TOR,False,3-pointer,27,110-118,'MIA',trails
462,462,462,201912050TOR,29.8,27.9,1st quarter,10:07.0,Marc Gasol,TOR,False,3-pointer,25,3-3,'HOU',tied
473,473,473,201912050TOR,20.2,28.8,1st quarter,4:39.0,Marc Gasol,TOR,False,3-pointer,26,15-15,'HOU',tied
521,521,521,201912050TOR,6.7,22.7,3rd quarter,3:28.0,Marc Gasol,TOR,True,3-pointer,26,83-80,'HOU',leads
545,545,545,201912050TOR,24.0,2.7,4th quarter,1:39.0,Marc Gasol,TOR,True,2-pointer,1,109-115,'HOU',trails
897,897,897,201912080PHI,25.6,3.2,2nd quarter,3:04.0,Marc Gasol,TOR,False,2-pointer,2,37-45,'TOR',trails
900,900,900,201912080PHI,5.4,25.8,2nd quarter,1:34.0,Marc Gasol,TOR,False,3-pointer,29,39-50,'TOR',trails
905,905,905,201912080PHI,27.5,28.0,3rd quarter,11:15.0,Marc Gasol,TOR,False,3-pointer,25,42-57,'TOR',trails
911,911,911,201912080PHI,15.9,26.4,3rd quarter,7:26.0,Marc Gasol,TOR,False,3-pointer,25,50-61,'TOR',trails
922,922,922,201912080PHI,21.3,29.5,3rd quarter,1:41.0,Marc Gasol,TOR,False,3-pointer,26,63-80,'TOR',trails
923,923,923,201912080PHI,20.0,22.8,3rd quarter,0:53.0,Marc Gasol,TOR,False,2-pointer,20,63-82,'TOR',trails
185,185,185,201912090CHI,1.2,-0.3,1st quarter,3:25.0,Marc Gasol,TOR,True,3-pointer,23,26-20,'TOR',leads
203,203,203,201912090CHI,25.1,9.8,2nd quarter,6:55.0,Marc Gasol,TOR,True,2-pointer,7,38-36,'TOR',leads
208,208,208,201912090CHI,12.8,9.8,2nd quarter,3:51.0,Marc Gasol,TOR,False,2-pointer,13,41-38,'TOR',leads
211,211,211,201912090CHI,23.7,3.3,2nd quarter,2:20.0,Marc Gasol,TOR,True,2-pointer,0,47-43,'TOR',leads
217,217,217,201912090CHI,24.7,8.3,3rd quarter,11:41.0,Marc Gasol,TOR,False,2-pointer,5,49-51,'TOR',trails
219,219,219,201912090CHI,17.1,27.3,3rd quarter,10:23.0,Marc Gasol,TOR,False,3-pointer,25,50-53,'TOR',trails
226,226,226,201912090CHI,22.6,4.2,3rd quarter,5:55.0,Marc Gasol,TOR,True,2-pointer,2,57-58,'TOR',trails
1848,1848,1848,201912110TOR,22.7,28.8,1st quarter,10:17.0,Marc Gasol,TOR,False,3-pointer,26,4-5,'TOR',trails
1852,1852,1852,201912110TOR,27.7,12.8,1st quarter,8:47.0,Marc Gasol,TOR,True,2-pointer,10,11-6,'TOR',leads
1861,1861,1861,201912110TOR,25.6,3.9,1st quarter,2:54.0,Marc Gasol,TOR,False,2-pointer,2,20-22,'TOR',trails
1863,1863,1863,201912110TOR,17.5,15.7,1st quarter,2:48.0,Marc Gasol,TOR,True,2-pointer,14,22-22,'TOR',tied
1868,1868,1868,201912110TOR,30.4,3.9,2nd quarter,11:39.0,Marc Gasol,TOR,False,2-pointer,6,32-27,'TOR',leads
1869,1869,1869,201912110TOR,15.4,16.5,2nd quarter,11:07.0,Marc Gasol,TOR,True,2-pointer,16,34-29,'TOR',leads
1894,1894,1894,201912110TOR,17.3,29.0,3rd quarter,10:17.0,Marc Gasol,TOR,True,3-pointer,27,51-66,'TOR',trails
1927,1927,1927,201912110TOR,32.2,21.8,4th quarter,3:13.0,Marc Gasol,TOR,False,2-pointer,20,86-105,'TOR',trails
1368,1368,1368,201912140TOR,25.8,5.8,1st quarter,10:49.0,Marc Gasol,TOR,True,2-pointer,3,2-8,'TOR',trails
1370,1370,1370,201912140TOR,23.9,28.9,1st quarter,9:09.0,Marc Gasol,TOR,True,3-pointer,26,9-14,'TOR',trails
1376,1376,1376,201912140TOR,19.9,20.1,1st quarter,5:25.0,Marc Gasol,TOR,False,2-pointer,17,23-21,'TOR',leads
1403,1403,1403,201912140TOR,19.9,28.3,2nd quarter,4:43.0,Marc Gasol,TOR,True,3-pointer,25,57-46,'TOR',leads
1420,1420,1420,201912140TOR,46.8,3.9,3rd quarter,9:19.0,Marc Gasol,TOR,False,3-pointer,23,69-65,'TOR',leads
1423,1423,1423,201912140TOR,21.4,4.7,3rd quarter,7:47.0,Marc Gasol,TOR,True,2-pointer,3,73-65,'TOR',leads
1428,1428,1428,201912140TOR,15.2,4.6,3rd quarter,5:22.0,Marc Gasol,TOR,False,2-pointer,9,80-72,'TOR',leads
1431,1431,1431,201912140TOR,23.6,28.3,3rd quarter,3:36.0,Marc Gasol,TOR,True,3-pointer,25,85-76,'TOR',leads
1449,1449,1449,201912140TOR,17.9,27.4,4th quarter,7:28.0,Marc Gasol,TOR,False,3-pointer,25,101-88,'TOR',leads
1456,1456,1456,201912140TOR,20.7,4.9,4th quarter,3:03.0,Marc Gasol,TOR,False,2-pointer,4,104-95,'TOR',leads
1457,1457,1457,201912140TOR,24.0,2.7,4th quarter,2:58.0,Marc Gasol,TOR,True,2-pointer,1,106-95,'TOR',leads
1144,1144,1144,201912160TOR,15.9,7.4,1st quarter,9:50.0,Marc Gasol,TOR,True,2-pointer,9,7-5,'TOR',leads
1147,1147,1147,201912160TOR,24.4,29.3,1st quarter,8:23.0,Marc Gasol,TOR,False,3-pointer,26,12-9,'TOR',leads
1150,1150,1150,201912160TOR,18.9,7.4,1st quarter,7:37.0,Marc Gasol,TOR,True,2-pointer,7,16-9,'TOR',leads
1156,1156,1156,201912160TOR,24.1,4.3,1st quarter,4:54.0,Marc Gasol,TOR,True,2-pointer,1,27-17,'TOR',leads
1158,1158,1158,201912160TOR,26.6,28.7,1st quarter,4:11.0,Marc Gasol,TOR,False,3-pointer,26,27-17,'TOR',leads
1191,1191,1191,201912160TOR,23.0,28.8,3rd quarter,11:33.0,Marc Gasol,TOR,False,3-pointer,26,66-56,'TOR',leads
1203,1203,1203,201912160TOR,25.2,3.9,3rd quarter,5:32.0,Marc Gasol,TOR,False,2-pointer,1,86-72,'TOR',leads
1204,1204,1204,201912160TOR,24.0,2.7,3rd quarter,5:29.0,Marc Gasol,TOR,False,2-pointer,1,86-72,'TOR',leads
1206,1206,1206,201912160TOR,25.6,3.7,3rd quarter,3:46.0,Marc Gasol,TOR,True,2-pointer,2,91-74,'TOR',leads
512,512,512,201912180DET,32.5,27.6,1st quarter,9:43.0,Marc Gasol,TOR,False,3-pointer,26,5-4,'TOR',leads
1231,1231,1231,202001150OKC,27.9,11.8,1st quarter,2:28.0,Marc Gasol,TOR,True,2-pointer,9,30-22,'TOR',leads
1237,1237,1237,202001150OKC,22.6,10.3,2nd quarter,11:40.0,Marc Gasol,TOR,True,2-pointer,7,40-25,'TOR',leads
1238,1238,1238,202001150OKC,24.8,30.1,2nd quarter,10:50.0,Marc Gasol,TOR,True,3-pointer,27,43-27,'TOR',leads
1239,1239,1239,202001150OKC,12.9,16.8,2nd quarter,10:02.0,Marc Gasol,TOR,False,2-pointer,17,43-30,'TOR',leads
1242,1242,1242,202001150OKC,24.6,10.8,2nd quarter,8:45.0,Marc Gasol,TOR,True,2-pointer,8,48-33,'TOR',leads
1259,1259,1259,202001150OKC,7.2,23.9,3rd quarter,10:52.0,Marc Gasol,TOR,False,3-pointer,27,73-55,'TOR',leads
1262,1262,1262,202001150OKC,8.6,23.6,3rd quarter,9:17.0,Marc Gasol,TOR,True,3-pointer,26,76-55,'TOR',leads
1263,1263,1263,202001150OKC,27.3,17.0,3rd quarter,8:44.0,Marc Gasol,TOR,False,2-pointer,14,76-59,'TOR',leads
1282,1282,1282,202001150OKC,23.4,28.3,4th quarter,9:38.0,Marc Gasol,TOR,True,3-pointer,25,106-89,'TOR',leads
1127,1127,1127,202001170TOR,24.1,11.8,1st quarter,9:26.0,Marc Gasol,TOR,True,2-pointer,9,9-5,'TOR',leads
1128,1128,1128,202001170TOR,28.3,27.9,1st quarter,8:47.0,Marc Gasol,TOR,True,3-pointer,25,12-5,'TOR',leads
1162,1162,1162,202001170TOR,0.9,8.0,2nd quarter,1:43.0,Marc Gasol,TOR,True,3-pointer,24,62-45,'TOR',leads
1168,1168,1168,202001170TOR,24.8,28.7,3rd quarter,10:23.0,Marc Gasol,TOR,True,3-pointer,25,70-53,'TOR',leads
1177,1177,1177,202001170TOR,23.1,28.4,3rd quarter,7:15.0,Marc Gasol,TOR,False,3-pointer,25,77-68,'TOR',leads
1184,1184,1184,202001170TOR,32.4,21.3,3rd quarter,2:57.0,Marc Gasol,TOR,False,2-pointer,20,91-74,'TOR',leads
1185,1185,1185,202001170TOR,16.6,27.9,3rd quarter,2:04.0,Marc Gasol,TOR,True,3-pointer,26,94-76,'TOR',leads
1189,1189,1189,202001170TOR,12.2,25.8,3rd quarter,0:00.0,Marc Gasol,TOR,True,3-pointer,25,100-76,'TOR',leads
1200,1200,1200,202001170TOR,29.1,28.5,4th quarter,6:54.0,Marc Gasol,TOR,True,3-pointer,26,116-92,'TOR',leads
1072,1072,1072,202001180MIN,7.6,11.9,1st quarter,11:27.0,Marc Gasol,TOR,True,2-pointer,19,2-3,'TOR',trails
1077,1077,1077,202001180MIN,24.5,9.3,1st quarter,9:41.0,Marc Gasol,TOR,True,2-pointer,6,6-9,'TOR',trails
1112,1112,1112,202001180MIN,33.9,26.5,2nd quarter,3:58.0,Marc Gasol,TOR,False,3-pointer,25,51-51,'TOR',tied
1113,1113,1113,202001180MIN,17.7,28.3,2nd quarter,3:32.0,Marc Gasol,TOR,False,3-pointer,26,51-51,'TOR',tied
1124,1124,1124,202001180MIN,21.7,28.4,3rd quarter,9:27.0,Marc Gasol,TOR,False,3-pointer,25,66-65,'TOR',leads
1126,1126,1126,202001180MIN,28.9,27.3,3rd quarter,8:33.0,Marc Gasol,TOR,False,3-pointer,25,69-67,'TOR',leads
4,4,4,202001200ATL,15.6,27.4,1st quarter,10:36.0,Marc Gasol,TOR,False,3-pointer,26,4-0,'TOR',leads
5,5,5,202001200ATL,21.5,29.0,1st quarter,10:31.0,Marc Gasol,TOR,True,3-pointer,26,7-0,'TOR',leads
39,39,39,202001200ATL,47.0,7.2,2nd quarter,6:55.0,Marc Gasol,TOR,False,3-pointer,23,45-43,'TOR',leads
44,44,44,202001200ATL,24.2,4.8,2nd quarter,4:01.0,Marc Gasol,TOR,True,2-pointer,2,51-48,'TOR',leads
45,45,45,202001200ATL,24.8,32.3,2nd quarter,3:19.0,Marc Gasol,TOR,False,3-pointer,29,51-50,'TOR',leads
49,49,49,202001200ATL,19.9,28.8,2nd quarter,1:47.0,Marc Gasol,TOR,True,3-pointer,26,54-54,'TOR',tied
51,51,51,202001200ATL,16.1,27.9,2nd quarter,0:53.0,Marc Gasol,TOR,False,3-pointer,26,54-58,'TOR',trails
55,55,55,202001200ATL,24.6,3.6,3rd quarter,10:04.0,Marc Gasol,TOR,True,2-pointer,1,61-65,'TOR',trails
2006,2006,2006,202001220TOR,22.8,3.7,1st quarter,9:32.0,Marc Gasol,TOR,True,2-pointer,1,5-5,'TOR',tied
2012,2012,2012,202001220TOR,28.8,29.0,1st quarter,6:31.0,Marc Gasol,TOR,True,3-pointer,26,13-16,'TOR',trails
2013,2013,2013,202001220TOR,22.7,12.3,1st quarter,5:52.0,Marc Gasol,TOR,True,2-pointer,9,15-19,'TOR',trails
2040,2040,2040,202001220TOR,24.3,3.3,2nd quarter,3:27.0,Marc Gasol,TOR,True,2-pointer,0,43-46,'TOR',trails
2041,2041,2041,202001220TOR,23.1,29.3,2nd quarter,2:56.0,Marc Gasol,TOR,True,3-pointer,26,46-46,'TOR',tied
2052,2052,2052,202001220TOR,47.0,3.3,3rd quarter,8:22.0,Marc Gasol,TOR,True,3-pointer,23,56-60,'TOR',trails
2056,2056,2056,202001220TOR,12.7,5.7,3rd quarter,5:39.0,Marc Gasol,TOR,True,2-pointer,12,58-66,'TOR',trails
1233,1233,1233,202001240NYK,14.2,27.7,1st quarter,11:40.0,Marc Gasol,TOR,False,3-pointer,26,0-0,'NYK',tied
1238,1238,1238,202001240NYK,24.7,6.9,1st quarter,8:53.0,Marc Gasol,TOR,False,2-pointer,4,6-3,'NYK',leads
1286,1286,1286,202001240NYK,23.9,28.9,3rd quarter,6:11.0,Marc Gasol,TOR,True,3-pointer,26,70-65,'NYK',leads
1287,1287,1287,202001240NYK,8.2,24.6,3rd quarter,5:25.0,Marc Gasol,TOR,False,3-pointer,27,70-65,'NYK',leads
1290,1290,1290,202001240NYK,27.5,28.9,3rd quarter,4:12.0,Marc Gasol,TOR,True,3-pointer,26,73-69,'NYK',leads
1278,1278,1278,202001260SAS,34.8,26.0,2nd quarter,6:21.0,Marc Gasol,TOR,False,3-pointer,25,48-33,'SAS',leads
1285,1285,1285,202001260SAS,25.3,14.4,2nd quarter,2:33.0,Marc Gasol,TOR,False,2-pointer,11,57-44,'SAS',leads
1288,1288,1288,202001260SAS,24.7,31.0,2nd quarter,0:34.0,Marc Gasol,TOR,False,3-pointer,28,63-46,'SAS',leads
1292,1292,1292,202001260SAS,5.6,20.8,3rd quarter,9:34.0,Marc Gasol,TOR,False,3-pointer,25,67-53,'SAS',leads
1321,1321,1321,202001260SAS,23.2,4.6,4th quarter,8:38.0,Marc Gasol,TOR,True,2-pointer,2,91-97,'SAS',trails
1322,1322,1322,202001260SAS,19.1,11.6,4th quarter,8:10.0,Marc Gasol,TOR,True,2-pointer,10,94-97,'SAS',trails
1323,1323,1323,202001260SAS,13.9,28.0,4th quarter,7:54.0,Marc Gasol,TOR,True,3-pointer,27,97-97,'SAS',tied
1324,1324,1324,202001260SAS,20.9,29.3,4th quarter,7:31.0,Marc Gasol,TOR,False,3-pointer,26,97-97,'SAS',tied
1336,1336,1336,202001260SAS,2.7,18.2,4th quarter,1:56.0,Marc Gasol,TOR,False,3-pointer,26,105-101,'SAS',leads
1313,1313,1313,202001280TOR,22.8,3.7,1st quarter,11:14.0,Marc Gasol,TOR,False,2-pointer,1,2-0,'TOR',leads
1314,1314,1314,202001280TOR,19.9,29.0,1st quarter,10:53.0,Marc Gasol,TOR,True,3-pointer,26,5-2,'TOR',leads
1322,1322,1322,202001280TOR,24.4,2.3,1st quarter,7:37.0,Marc Gasol,TOR,True,2-pointer,1,13-10,'TOR',leads
1329,1329,1329,202001280TOR,25.1,2.9,1st quarter,5:16.0,Marc Gasol,TOR,True,2-pointer,1,21-12,'TOR',leads
1332,1332,1332,202001280TOR,8.7,27.0,1st quarter,2:53.0,Marc Gasol,TOR,True,3-pointer,28,29-19,'TOR',leads
1591,1591,1591,202003080SAC,24.9,28.4,1st quarter,1:42.0,Marc Gasol,TOR,False,3-pointer,25,22-20,'TOR',leads
1596,1596,1596,202003080SAC,6.4,16.0,1st quarter,0:00.0,Marc Gasol,TOR,False,2-pointer,22,22-22,'TOR',tied
1613,1613,1613,202003080SAC,22.0,29.0,2nd quarter,0:40.0,Marc Gasol,TOR,False,3-pointer,26,48-50,'TOR',trails
1628,1628,1628,202003080SAC,17.4,4.2,3rd quarter,3:03.0,Marc Gasol,TOR,False,2-pointer,7,75-70,'TOR',leads
1630,1630,1630,202003080SAC,22.6,28.2,3rd quarter,1:33.0,Marc Gasol,TOR,True,3-pointer,25,78-72,'TOR',leads
778,778,778,202008010TOR,25.1,3.8,1st quarter,5:35.0,Marc Gasol,TOR,False,2-pointer,1,13-5,'LAL',leads
793,793,793,202008010TOR,31.2,19.3,2nd quarter,9:10.0,Marc Gasol,TOR,False,2-pointer,18,28-30,'LAL',trails
795,795,795,202008010TOR,17.6,29.2,2nd quarter,7:32.0,Marc Gasol,TOR,False,3-pointer,27,30-32,'LAL',trails
796,796,796,202008010TOR,26.0,2.6,2nd quarter,7:09.0,Marc Gasol,TOR,True,2-pointer,2,32-32,'LAL',tied
808,808,808,202008010TOR,35.3,25.7,3rd quarter,10:45.0,Marc Gasol,TOR,False,3-pointer,25,41-46,'LAL',trails
811,811,811,202008010TOR,25.5,10.6,3rd quarter,8:16.0,Marc Gasol,TOR,True,2-pointer,7,49-47,'LAL',leads
832,832,832,202008010TOR,26.5,4.9,4th quarter,7:38.0,Marc Gasol,TOR,True,2-pointer,3,80-80,'LAL',tied
8,8,8,202008030MIA,2.5,16.4,1st quarter,6:47.0,Marc Gasol,TOR,False,3-pointer,25,7-9,'MIA',trails
41,41,41,202008030MIA,25.8,28.9,3rd quarter,7:50.0,Marc Gasol,TOR,True,3-pointer,26,66-51,'MIA',leads
348,348,348,202008050ORL,29.3,3.6,1st quarter,11:21.0,Marc Gasol,TOR,False,2-pointer,5,0-0,'TOR',tied
349,349,349,202008050ORL,29.5,28.4,1st quarter,11:01.0,Marc Gasol,TOR,False,3-pointer,26,0-0,'TOR',tied
352,352,352,202008050ORL,26.3,6.3,1st quarter,9:41.0,Marc Gasol,TOR,True,2-pointer,4,2-0,'TOR',leads
354,354,354,202008050ORL,23.7,3.7,1st quarter,8:52.0,Marc Gasol,TOR,True,2-pointer,0,4-2,'TOR',leads
357,357,357,202008050ORL,24.7,13.6,1st quarter,7:09.0,Marc Gasol,TOR,False,2-pointer,10,6-4,'TOR',leads
359,359,359,202008050ORL,23.6,16.8,1st quarter,6:01.0,Marc Gasol,TOR,True,2-pointer,14,8-4,'TOR',leads
390,390,390,202008050ORL,24.1,29.4,2nd quarter,1:27.0,Marc Gasol,TOR,True,3-pointer,26,51-30,'TOR',leads
397,397,397,202008050ORL,16.1,27.4,3rd quarter,6:38.0,Marc Gasol,TOR,True,3-pointer,25,62-49,'TOR',leads
993,993,993,202008070TOR,18.9,15.5,1st quarter,8:39.0,Marc Gasol,TOR,True,2-pointer,13,2-6,'TOR',trails
1001,1001,1001,202008070TOR,30.2,32.7,1st quarter,4:27.0,Marc Gasol,TOR,False,3-pointer,30,7-14,'TOR',trails
1019,1019,1019,202008070TOR,0.7,2.7,2nd quarter,6:45.0,Marc Gasol,TOR,False,3-pointer,23,23-35,'TOR',trails
1032,1032,1032,202008070TOR,17.6,11.5,3rd quarter,10:48.0,Marc Gasol,TOR,True,2-pointer,10,41-55,'TOR',trails
1036,1036,1036,202008070TOR,6.3,22.0,3rd quarter,9:00.0,Marc Gasol,TOR,False,3-pointer,26,45-60,'TOR',trails
1040,1040,1040,202008070TOR,23.5,10.8,3rd quarter,6:34.0,Marc Gasol,TOR,True,2-pointer,8,52-68,'TOR',trails
1201,1201,1201,202008090TOR,29.3,28.5,1st quarter,8:36.0,Marc Gasol,TOR,False,3-pointer,26,2-5,'TOR',trails
1206,1206,1206,202008090TOR,15.5,13.1,1st quarter,5:44.0,Marc Gasol,TOR,True,2-pointer,13,6-11,'TOR',trails
1236,1236,1236,202008090TOR,25.9,5.8,2nd quarter,0:57.0,Marc Gasol,TOR,True,2-pointer,3,58-48,'TOR',leads
1246,1246,1246,202008090TOR,23.9,31.8,3rd quarter,5:57.0,Marc Gasol,TOR,True,3-pointer,29,77-62,'TOR',leads
339,339,339,202008100MIL,15.0,27.9,1st quarter,11:19.0,Marc Gasol,TOR,False,3-pointer,26,2-0,'TOR',leads
342,342,342,202008100MIL,26.3,28.9,1st quarter,9:17.0,Marc Gasol,TOR,False,3-pointer,26,4-5,'TOR',trails
347,347,347,202008100MIL,1.2,6.0,1st quarter,7:17.0,Marc Gasol,TOR,False,3-pointer,23,11-13,'TOR',trails
374,374,374,202008100MIL,23.8,21.8,2nd quarter,5:39.0,Marc Gasol,TOR,False,2-pointer,19,50-44,'TOR',leads
390,390,390,202008100MIL,8.1,22.3,3rd quarter,9:17.0,Marc Gasol,TOR,False,3-pointer,25,71-58,'TOR',leads
532,532,532,202008120PHI,35.6,27.3,1st quarter,10:52.0,Marc Gasol,TOR,False,3-pointer,27,3-0,'TOR',leads
534,534,534,202008120PHI,24.8,14.8,1st quarter,10:05.0,Marc Gasol,TOR,True,2-pointer,12,5-4,'TOR',leads
538,538,538,202008120PHI,23.8,17.7,1st quarter,8:31.0,Marc Gasol,TOR,False,2-pointer,14,5-10,'TOR',trails
549,549,549,202008120PHI,17.8,28.9,1st quarter,2:47.0,Marc Gasol,TOR,True,3-pointer,26,16-28,'TOR',trails
552,552,552,202008120PHI,21.3,30.3,1st quarter,0:53.0,Marc Gasol,TOR,False,3-pointer,27,20-32,'TOR',trails
553,553,553,202008120PHI,12.7,26.3,1st quarter,0:41.0,Marc Gasol,TOR,True,3-pointer,26,23-32,'TOR',trails
582,582,582,202008120PHI,30.8,5.1,3rd quarter,8:58.0,Marc Gasol,TOR,False,2-pointer,7,63-64,'TOR',trails
584,584,584,202008120PHI,21.8,5.7,3rd quarter,7:57.0,Marc Gasol,TOR,True,2-pointer,3,67-67,'TOR',tied
626,626,626,202008140TOR,24.6,13.6,1st quarter,6:36.0,Marc Gasol,TOR,True,2-pointer,10,17-13,'TOR',leads
645,645,645,202008140TOR,23.6,12.9,2nd quarter,7:29.0,Marc Gasol,TOR,False,2-pointer,10,46-35,'TOR',leads
651,651,651,202008140TOR,25.4,31.0,2nd quarter,3:23.0,Marc Gasol,TOR,False,3-pointer,28,54-41,'TOR',leads
629,629,629,202008170TOR,18.6,29.8,1st quarter,11:41.0,Marc Gasol,TOR,False,3-pointer,27,0-0,'TOR',tied
637,637,637,202008170TOR,24.1,22.8,1st quarter,8:23.0,Marc Gasol,TOR,True,2-pointer,20,10-2,'TOR',leads
638,638,638,202008170TOR,26.5,12.3,1st quarter,7:50.0,Marc Gasol,TOR,False,2-pointer,9,10-4,'TOR',leads
639,639,639,202008170TOR,23.5,28.0,1st quarter,7:44.0,Marc Gasol,TOR,False,3-pointer,25,10-4,'TOR',leads
641,641,641,202008170TOR,25.4,3.4,1st quarter,7:05.0,Marc Gasol,TOR,True,2-pointer,1,12-6,'TOR',leads
643,643,643,202008170TOR,30.1,27.9,1st quarter,5:11.0,Marc Gasol,TOR,False,3-pointer,25,18-9,'TOR',leads
672,672,672,202008170TOR,23.6,5.3,2nd quarter,2:46.0,Marc Gasol,TOR,True,2-pointer,2,70-43,'TOR',leads
680,680,680,202008170TOR,15.5,26.8,3rd quarter,10:31.0,Marc Gasol,TOR,True,3-pointer,25,78-56,'TOR',leads
593,593,593,202008190TOR,23.7,29.0,1st quarter,10:29.0,Marc Gasol,TOR,False,3-pointer,26,5-7,'TOR',trails
630,630,630,202008190TOR,25.4,5.5,2nd quarter,4:08.0,Marc Gasol,TOR,False,2-pointer,3,47-47,'TOR',tied
2,2,2,202008210BRK,26.0,12.2,1st quarter,10:40.0,Marc Gasol,TOR,False,2-pointer,9,6-3,'TOR',leads
5,5,5,202008210BRK,31.9,10.3,1st quarter,8:57.0,Marc Gasol,TOR,False,2-pointer,11,11-5,'TOR',leads
7,7,7,202008210BRK,23.9,28.0,1st quarter,8:22.0,Marc Gasol,TOR,True,3-pointer,25,16-5,'TOR',leads
9,9,9,202008210BRK,40.9,23.9,1st quarter,7:33.0,Marc Gasol,TOR,False,3-pointer,27,16-8,'TOR',leads
42,42,42,202008210BRK,12.2,26.4,2nd quarter,1:09.0,Marc Gasol,TOR,False,3-pointer,26,51-37,'TOR',leads
48,48,48,202008210BRK,22.1,16.8,3rd quarter,9:20.0,Marc Gasol,TOR,False,2-pointer,14,60-48,'TOR',leads
56,56,56,202008210BRK,47.1,3.8,3rd quarter,5:33.0,Marc Gasol,TOR,False,3-pointer,23,72-60,'TOR',leads
3,3,3,202008230BRK,23.9,11.3,1st quarter,10:54.0,Marc Gasol,TOR,True,2-pointer,8,2-6,'TOR',trails
5,5,5,202008230BRK,26.8,29.6,1st quarter,10:00.0,Marc Gasol,TOR,True,3-pointer,26,7-10,'TOR',trails
16,16,16,202008230BRK,24.7,3.8,1st quarter,4:00.0,Marc Gasol,TOR,True,2-pointer,1,25-25,'TOR',tied
49,49,49,202008230BRK,6.4,25.4,3rd quarter,10:46.0,Marc Gasol,TOR,False,3-pointer,28,78-68,'TOR',leads
287,287,287,202008300TOR,43.8,19.3,2nd quarter,10:37.0,Marc Gasol,TOR,False,3-pointer,25,26-39,'TOR',trails
297,297,297,202008300TOR,15.2,26.7,2nd quarter,6:06.0,Marc Gasol,TOR,False,3-pointer,25,32-42,'TOR',trails
302,302,302,202008300TOR,24.9,5.8,2nd quarter,3:34.0,Marc Gasol,TOR,True,2-pointer,3,37-51,'TOR',trails
308,308,308,202008300TOR,26.0,4.4,3rd quarter,11:30.0,Marc Gasol,TOR,True,2-pointer,2,44-59,'TOR',trails
309,309,309,202008300TOR,22.1,21.8,3rd quarter,10:55.0,Marc Gasol,TOR,False,2-pointer,19,44-62,'TOR',trails
311,311,311,202008300TOR,23.5,28.9,3rd quarter,10:06.0,Marc Gasol,TOR,False,3-pointer,26,44-65,'TOR',trails
315,315,315,202008300TOR,25.9,4.6,3rd quarter,8:31.0,Marc Gasol,TOR,True,2-pointer,2,48-68,'TOR',trails
238,238,238,202009010TOR,24.7,4.3,1st quarter,11:13.0,Marc Gasol,TOR,True,2-pointer,1,2-0,'TOR',leads
243,243,243,202009010TOR,26.2,30.0,1st quarter,8:39.0,Marc Gasol,TOR,False,3-pointer,27,8-7,'TOR',leads
276,276,276,202009010TOR,24.4,23.7,2nd quarter,4:17.0,Marc Gasol,TOR,True,2-pointer,20,38-40,'TOR',trails
281,281,281,202009010TOR,14.3,27.0,2nd quarter,1:48.0,Marc Gasol,TOR,False,3-pointer,26,45-48,'TOR',trails
1,1,1,202009030BOS,17.7,20.8,1st quarter,11:18.0,Marc Gasol,TOR,True,2-pointer,19,5-0,'TOR',leads
2,2,2,202009030BOS,21.8,29.3,1st quarter,10:47.0,Marc Gasol,TOR,False,3-pointer,26,5-2,'TOR',leads
7,7,7,202009030BOS,25.9,29.6,1st quarter,8:54.0,Marc Gasol,TOR,False,3-pointer,26,10-5,'TOR',leads
9,9,9,202009030BOS,40.3,10.6,1st quarter,8:24.0,Marc Gasol,TOR,False,2-pointer,18,10-7,'TOR',leads
10,10,10,202009030BOS,24.3,4.2,1st quarter,7:59.0,Marc Gasol,TOR,True,2-pointer,1,12-7,'TOR',leads
14,14,14,202009030BOS,23.8,3.9,1st quarter,6:07.0,Marc Gasol,TOR,True,2-pointer,1,16-14,'TOR',leads
36,36,36,202009030BOS,24.9,6.7,2nd quarter,3:54.0,Marc Gasol,TOR,True,2-pointer,4,39-47,'TOR',trails
44,44,44,202009030BOS,14.3,27.5,2nd quarter,0:47.0,Marc Gasol,TOR,False,3-pointer,26,47-52,'TOR',trails
74,74,74,202009030BOS,23.9,3.4,4th quarter,5:57.0,Marc Gasol,TOR,True,2-pointer,0,95-91,'TOR',leads
9,9,9,202009050BOS,26.3,12.3,1st quarter,6:17.0,Marc Gasol,TOR,False,2-pointer,9,17-14,'TOR',leads
11,11,11,202009050BOS,20.8,28.8,1st quarter,5:01.0,Marc Gasol,TOR,False,3-pointer,26,17-16,'TOR',leads
46,46,46,202009050BOS,24.8,8.4,3rd quarter,11:09.0,Marc Gasol,TOR,True,2-pointer,5,51-51,'TOR',tied
82,82,82,202009050BOS,23.5,14.2,4th quarter,3:09.0,Marc Gasol,TOR,True,2-pointer,11,96-87,'TOR',leads
83,83,83,202009050BOS,21.8,15.2,4th quarter,1:41.0,Marc Gasol,TOR,False,2-pointer,12,98-90,'TOR',leads
244,244,244,202009070TOR,19.7,20.0,1st quarter,11:19.0,Marc Gasol,TOR,False,2-pointer,17,0-3,'TOR',trails
251,251,251,202009070TOR,23.6,4.8,1st quarter,8:17.0,Marc Gasol,TOR,False,2-pointer,2,3-7,'TOR',trails
254,254,254,202009070TOR,27.1,29.5,1st quarter,7:05.0,Marc Gasol,TOR,False,3-pointer,26,3-9,'TOR',trails
256,256,256,202009070TOR,22.8,5.2,1st quarter,5:22.0,Marc Gasol,TOR,False,2-pointer,2,5-14,'TOR',trails
2,2,2,202009090BOS,18.0,28.7,1st quarter,10:39.0,Marc Gasol,TOR,False,3-pointer,26,1-3,'TOR',trails
11,11,11,202009090BOS,26.0,17.8,1st quarter,5:49.0,Marc Gasol,TOR,False,2-pointer,15,13-15,'TOR',trails
13,13,13,202009090BOS,25.0,5.3,1st quarter,5:05.0,Marc Gasol,TOR,False,2-pointer,2,13-17,'TOR',trails
47,47,47,202009090BOS,12.2,27.2,3rd quarter,11:32.0,Marc Gasol,TOR,True,3-pointer,27,51-52,'TOR',trails
51,51,51,202009090BOS,10.8,6.0,3rd quarter,8:55.0,Marc Gasol,TOR,True,2-pointer,13,58-59,'TOR',trails
53,53,53,202009090BOS,25.3,29.0,3rd quarter,7:51.0,Marc Gasol,TOR,False,3-pointer,26,58-62,'TOR',trails
56,56,56,202009090BOS,28.0,29.4,3rd quarter,6:13.0,Marc Gasol,TOR,True,3-pointer,26,70-64,'TOR',leads
255,255,255,202009110TOR,30.5,19.5,1st quarter,10:51.0,Marc Gasol,TOR,True,2-pointer,18,5-2,'TOR',leads
258,258,258,202009110TOR,26.8,11.5,1st quarter,8:50.0,Marc Gasol,TOR,False,2-pointer,9,5-6,'TOR',trails
260,260,260,202009110TOR,19.0,28.4,1st quarter,7:04.0,Marc Gasol,TOR,False,3-pointer,26,7-8,'TOR',trails
265,265,265,202009110TOR,23.9,28.0,1st quarter,4:41.0,Marc Gasol,TOR,False,3-pointer,25,10-19,'TOR',trails
290,290,290,202009110TOR,24.7,9.5,2nd quarter,1:45.0,Marc Gasol,TOR,True,2-pointer,6,42-44,'TOR',trails
293,293,293,202009110TOR,25.4,4.7,3rd quarter,11:42.0,Marc Gasol,TOR,False,2-pointer,2,46-50,'TOR',trails
295,295,295,202009110TOR,22.5,3.8,3rd quarter,9:52.0,Marc Gasol,TOR,False,2-pointer,2,46-55,'TOR',trails
423,423,423,202012250LAL,17.3,28.4,1st quarter,5:03.0,Marc Gasol,LAL,False,3-pointer,26,21-17,'DAL',leads
974,974,974,202012270LAL,20.2,28.4,1st quarter,8:08.0,Marc Gasol,LAL,True,3-pointer,25,18-6,'LAL',leads
1022,1022,1022,202012270LAL,25.4,28.8,3rd quarter,7:14.0,Marc Gasol,LAL,True,3-pointer,26,82-51,'LAL',leads
1025,1025,1025,202012270LAL,24.9,11.3,3rd quarter,5:30.0,Marc Gasol,LAL,True,2-pointer,8,86-57,'LAL',leads
1028,1028,1028,202012270LAL,10.9,31.8,3rd quarter,3:05.0,Marc Gasol,LAL,True,3-pointer,31,96-63,'LAL',leads
680,680,680,202012280LAL,21.6,15.4,2nd quarter,4:03.0,Marc Gasol,LAL,False,2-pointer,12,43-47,'POR',trails
688,688,688,202012280LAL,23.9,28.9,3rd quarter,10:36.0,Marc Gasol,LAL,False,3-pointer,26,54-61,'POR',trails
689,689,689,202012280LAL,26.3,10.3,3rd quarter,10:14.0,Marc Gasol,LAL,True,2-pointer,7,56-61,'POR',trails
696,696,696,202012280LAL,25.3,3.9,3rd quarter,6:49.0,Marc Gasol,LAL,True,2-pointer,1,71-64,'POR',leads
912,912,912,202012300SAS,27.3,8.5,1st quarter,8:16.0,Marc Gasol,LAL,True,2-pointer,6,9-9,'SAS',tied
950,950,950,202012300SAS,23.8,8.1,2nd quarter,0:00.0,Marc Gasol,LAL,True,2-pointer,5,62-53,'SAS',leads
1363,1363,1363,202101010SAS,36.6,25.9,1st quarter,9:57.0,Marc Gasol,LAL,False,3-pointer,26,2-4,'SAS',trails
717,717,717,202101030MEM,12.1,11.1,1st quarter,11:20.0,Marc Gasol,LAL,False,2-pointer,14,0-2,'LAL',trails
722,722,722,202101030MEM,28.1,10.3,1st quarter,8:20.0,Marc Gasol,LAL,True,2-pointer,8,13-4,'LAL',leads
724,724,724,202101030MEM,24.4,3.4,1st quarter,7:17.0,Marc Gasol,LAL,True,2-pointer,0,15-7,'LAL',leads
729,729,729,202101030MEM,22.6,28.7,1st quarter,4:56.0,Marc Gasol,LAL,False,3-pointer,25,18-16,'LAL',leads
766,766,766,202101030MEM,20.6,28.3,3rd quarter,10:19.0,Marc Gasol,LAL,False,3-pointer,25,56-56,'LAL',tied
777,777,777,202101030MEM,20.3,29.6,3rd quarter,5:03.0,Marc Gasol,LAL,False,3-pointer,27,65-66,'LAL',trails
554,554,554,202101050MEM,24.2,28.5,2nd quarter,9:46.0,Marc Gasol,LAL,True,3-pointer,25,27-26,'LAL',leads
555,555,555,202101050MEM,9.2,25.8,2nd quarter,9:18.0,Marc Gasol,LAL,False,3-pointer,27,27-26,'LAL',leads
583,583,583,202101050MEM,26.2,11.9,3rd quarter,7:00.0,Marc Gasol,LAL,False,2-pointer,9,55-53,'LAL',leads
468,468,468,202101070LAL,23.6,4.7,1st quarter,6:16.0,Marc Gasol,LAL,True,2-pointer,1,8-15,'SAS',trails
795,795,795,202101080LAL,30.4,21.8,1st quarter,8:04.0,Marc Gasol,LAL,True,2-pointer,20,10-10,'LAL',tied
797,797,797,202101080LAL,19.7,28.5,1st quarter,6:50.0,Marc Gasol,LAL,False,3-pointer,26,12-12,'LAL',tied
837,837,837,202101080LAL,10.5,24.4,3rd quarter,7:52.0,Marc Gasol,LAL,False,3-pointer,25,69-74,'LAL',trails
538,538,538,202101100HOU,18.2,11.0,1st quarter,8:41.0,Marc Gasol,LAL,True,2-pointer,10,6-3,'HOU',leads
539,539,539,202101100HOU,24.3,29.1,1st quarter,8:14.0,Marc Gasol,LAL,False,3-pointer,26,7-3,'HOU',leads
546,546,546,202101100HOU,24.4,13.7,1st quarter,4:54.0,Marc Gasol,LAL,False,2-pointer,10,18-8,'HOU',leads
577,577,577,202101100HOU,4.1,18.5,3rd quarter,10:38.0,Marc Gasol,LAL,True,3-pointer,25,71-49,'HOU',leads
586,586,586,202101100HOU,13.4,12.4,3rd quarter,5:57.0,Marc Gasol,LAL,False,2-pointer,14,78-63,'HOU',leads
616,616,616,202101100HOU,18.7,10.8,4th quarter,2:30.0,Marc Gasol,LAL,False,2-pointer,9,110-94,'HOU',leads
515,515,515,202101120HOU,23.7,18.8,1st quarter,11:13.0,Marc Gasol,LAL,True,2-pointer,16,2-0,'HOU',leads
520,520,520,202101120HOU,15.6,28.2,1st quarter,9:58.0,Marc Gasol,LAL,False,3-pointer,26,6-3,'HOU',leads
522,522,522,202101120HOU,24.9,28.9,1st quarter,9:21.0,Marc Gasol,LAL,True,3-pointer,26,11-5,'HOU',leads
531,531,531,202101120HOU,46.8,5.7,1st quarter,4:16.0,Marc Gasol,LAL,False,3-pointer,23,28-12,'HOU',leads
561,561,561,202101120HOU,16.3,28.4,2nd quarter,0:51.0,Marc Gasol,LAL,False,3-pointer,26,69-44,'HOU',leads
566,566,566,202101120HOU,32.1,7.3,3rd quarter,9:29.0,Marc Gasol,LAL,False,2-pointer,9,75-50,'HOU',leads
970,970,970,202101130OKC,10.1,24.8,3rd quarter,6:28.0,Marc Gasol,LAL,True,3-pointer,26,79-52,'LAL',leads
1002,1002,1002,202101130OKC,25.9,15.8,4th quarter,1:28.0,Marc Gasol,LAL,False,2-pointer,13,124-95,'LAL',leads
433,433,433,202101150LAL,27.7,15.9,1st quarter,9:09.0,Marc Gasol,LAL,False,2-pointer,13,6-8,'NOP',trails
470,470,470,202101150LAL,46.0,4.1,2nd quarter,1:46.0,Marc Gasol,LAL,True,3-pointer,22,51-56,'NOP',trails
480,480,480,202101150LAL,22.0,4.8,3rd quarter,8:42.0,Marc Gasol,LAL,False,2-pointer,3,65-62,'NOP',leads
485,485,485,202101150LAL,16.6,6.5,3rd quarter,5:48.0,Marc Gasol,LAL,True,2-pointer,8,71-70,'NOP',leads
626,626,626,202101180LAL,1.0,7.9,1st quarter,11:02.0,Marc Gasol,LAL,True,3-pointer,23,5-0,'LAL',leads
630,630,630,202101180LAL,29.1,5.4,1st quarter,8:47.0,Marc Gasol,LAL,False,2-pointer,6,13-6,'LAL',leads
637,637,637,202101180LAL,23.8,10.3,1st quarter,5:56.0,Marc Gasol,LAL,False,2-pointer,7,20-10,'LAL',leads
671,671,671,202101180LAL,26.6,13.3,3rd quarter,10:27.0,Marc Gasol,LAL,True,2-pointer,10,68-51,'LAL',leads
676,676,676,202101180LAL,1.0,4.8,3rd quarter,6:50.0,Marc Gasol,LAL,False,3-pointer,23,70-64,'LAL',leads
206,206,206,202101210MIL,10.0,25.7,2nd quarter,3:06.0,Marc Gasol,LAL,True,3-pointer,26,52-53,'LAL',trails
217,217,217,202101210MIL,26.8,31.8,3rd quarter,9:55.0,Marc Gasol,LAL,False,3-pointer,29,69-61,'LAL',leads
222,222,222,202101210MIL,9.3,25.4,3rd quarter,6:50.0,Marc Gasol,LAL,False,3-pointer,27,76-67,'LAL',leads
183,183,183,202101230CHI,38.7,24.7,1st quarter,4:57.0,Marc Gasol,LAL,False,3-pointer,26,20-8,'LAL',leads
222,222,222,202101230CHI,21.5,28.9,3rd quarter,7:12.0,Marc Gasol,LAL,False,3-pointer,26,69-43,'LAL',leads
394,394,394,202101250CLE,10.8,26.9,3rd quarter,9:03.0,Marc Gasol,LAL,False,3-pointer,27,69-68,'LAL',leads
1247,1247,1247,202101270PHI,27.2,29.0,1st quarter,11:20.0,Marc Gasol,LAL,True,3-pointer,26,3-2,'LAL',leads
1248,1248,1248,202101270PHI,36.7,26.7,1st quarter,10:37.0,Marc Gasol,LAL,False,3-pointer,27,3-4,'LAL',trails
1249,1249,1249,202101270PHI,25.4,2.3,1st quarter,10:08.0,Marc Gasol,LAL,True,2-pointer,2,5-7,'LAL',trails
1256,1256,1256,202101270PHI,23.5,7.3,1st quarter,6:17.0,Marc Gasol,LAL,False,2-pointer,4,16-19,'LAL',trails
1287,1287,1287,202101270PHI,23.1,3.6,2nd quarter,2:24.0,Marc Gasol,LAL,False,2-pointer,1,45-51,'LAL',trails
1300,1300,1300,202101270PHI,15.1,27.8,3rd quarter,7:26.0,Marc Gasol,LAL,True,3-pointer,26,61-68,'LAL',trails
1306,1306,1306,202101270PHI,24.8,29.1,3rd quarter,4:08.0,Marc Gasol,LAL,False,3-pointer,26,68-70,'LAL',trails
2,2,2,202101280DET,30.6,13.3,1st quarter,10:30.0,Marc Gasol,LAL,False,2-pointer,12,3-4,'LAL',trails
45,45,45,202101280DET,16.7,17.8,3rd quarter,9:49.0,Marc Gasol,LAL,False,2-pointer,16,61-59,'LAL',leads
37,37,37,202101300BOS,43.5,22.4,2nd quarter,2:41.0,Marc Gasol,LAL,False,3-pointer,27,45-42,'LAL',leads
50,50,50,202101300BOS,21.5,30.3,3rd quarter,7:17.0,Marc Gasol,LAL,False,3-pointer,27,58-60,'LAL',trails
7,7,7,202102010ATL,21.7,28.7,1st quarter,7:52.0,Marc Gasol,LAL,False,3-pointer,26,9-2,'LAL',leads
9,9,9,202102010ATL,23.4,3.7,1st quarter,6:30.0,Marc Gasol,LAL,True,2-pointer,1,11-8,'LAL',leads
10,10,10,202102010ATL,25.2,10.8,1st quarter,6:03.0,Marc Gasol,LAL,False,2-pointer,8,11-10,'LAL',leads
32,32,32,202102010ATL,24.2,29.1,2nd quarter,3:50.0,Marc Gasol,LAL,False,3-pointer,26,45-43,'LAL',leads
45,45,45,202102010ATL,23.3,29.2,3rd quarter,6:58.0,Marc Gasol,LAL,False,3-pointer,26,60-56,'LAL',leads
463,463,463,202102040LAL,10.6,7.7,1st quarter,9:30.0,Marc Gasol,LAL,False,2-pointer,14,7-7,'LAL',tied
470,470,470,202102040LAL,35.8,25.8,1st quarter,5:37.0,Marc Gasol,LAL,False,3-pointer,26,13-17,'LAL',trails
503,503,503,202102040LAL,23.8,28.9,3rd quarter,10:13.0,Marc Gasol,LAL,False,3-pointer,26,53-60,'LAL',trails
506,506,506,202102040LAL,26.8,11.1,3rd quarter,8:45.0,Marc Gasol,LAL,False,2-pointer,8,55-64,'LAL',trails
832,832,832,202102060LAL,25.5,6.2,3rd quarter,10:55.0,Marc Gasol,LAL,False,2-pointer,3,63-56,'LAL',leads
833,833,833,202102060LAL,39.3,23.2,3rd quarter,10:10.0,Marc Gasol,LAL,True,3-pointer,25,66-58,'LAL',leads
822,822,822,202102080LAL,25.4,29.5,1st quarter,8:19.0,Marc Gasol,LAL,False,3-pointer,26,7-9,'LAL',trails
867,867,867,202102080LAL,26.2,11.6,3rd quarter,9:08.0,Marc Gasol,LAL,True,2-pointer,9,63-62,'LAL',leads
871,871,871,202102080LAL,14.7,5.8,3rd quarter,6:44.0,Marc Gasol,LAL,False,2-pointer,10,66-62,'LAL',leads
785,785,785,202102100LAL,36.0,25.7,1st quarter,8:43.0,Marc Gasol,LAL,False,3-pointer,25,4-10,'LAL',trails
815,815,815,202102100LAL,17.3,27.7,2nd quarter,3:00.0,Marc Gasol,LAL,True,3-pointer,25,46-59,'LAL',trails
823,823,823,202102100LAL,20.6,13.6,3rd quarter,9:02.0,Marc Gasol,LAL,True,2-pointer,11,65-69,'LAL',trails
825,825,825,202102100LAL,28.3,29.8,3rd quarter,8:30.0,Marc Gasol,LAL,False,3-pointer,27,65-69,'LAL',trails
828,828,828,202102100LAL,23.2,8.5,3rd quarter,6:40.0,Marc Gasol,LAL,True,2-pointer,5,67-73,'LAL',trails
1174,1174,1174,202102120LAL,22.8,29.2,3rd quarter,10:14.0,Marc Gasol,LAL,True,3-pointer,26,53-61,'LAL',trails
1187,1187,1187,202102120LAL,26.3,29.3,3rd quarter,2:57.0,Marc Gasol,LAL,True,3-pointer,26,73-76,'LAL',trails
1188,1188,1188,202102120LAL,13.5,26.3,3rd quarter,2:18.0,Marc Gasol,LAL,False,3-pointer,25,73-78,'LAL',trails
1206,1206,1206,202102120LAL,34.6,25.9,4th quarter,6:14.0,Marc Gasol,LAL,False,3-pointer,25,102-91,'LAL',leads
1210,1210,1210,202102120LAL,16.1,27.3,4th quarter,2:20.0,Marc Gasol,LAL,False,3-pointer,25,110-96,'LAL',leads
357,357,357,202102140DEN,33.0,27.8,1st quarter,11:34.0,Marc Gasol,LAL,False,3-pointer,26,0-0,'LAL',tied
362,362,362,202102140DEN,8.7,23.7,1st quarter,9:23.0,Marc Gasol,LAL,False,3-pointer,25,2-9,'LAL',trails
366,366,366,202102140DEN,26.3,6.0,1st quarter,8:22.0,Marc Gasol,LAL,True,2-pointer,4,7-11,'LAL',trails
421,421,421,202102140DEN,46.8,6.7,3rd quarter,3:59.0,Marc Gasol,LAL,True,3-pointer,23,77-88,'LAL',trails
517,517,517,202102160MIN,35.5,25.6,1st quarter,10:06.0,Marc Gasol,LAL,False,3-pointer,25,2-7,'LAL',trails
541,541,541,202102160MIN,24.4,5.3,2nd quarter,5:41.0,Marc Gasol,LAL,False,2-pointer,2,44-49,'LAL',trails
548,548,548,202102160MIN,46.7,2.9,2nd quarter,1:28.0,Marc Gasol,LAL,True,3-pointer,23,53-54,'LAL',trails
552,552,552,202102160MIN,26.2,28.4,3rd quarter,10:45.0,Marc Gasol,LAL,True,3-pointer,25,62-60,'LAL',leads
555,555,555,202102160MIN,18.2,18.5,3rd quarter,8:48.0,Marc Gasol,LAL,True,2-pointer,16,68-66,'LAL',leads
566,566,566,202102160MIN,23.9,13.6,3rd quarter,3:53.0,Marc Gasol,LAL,False,2-pointer,10,73-77,'LAL',trails
589,589,589,202102160MIN,46.5,3.3,4th quarter,1:20.0,Marc Gasol,LAL,True,3-pointer,23,110-100,'LAL',leads
81,81,81,202102180LAL,5.7,22.3,1st quarter,10:22.0,Marc Gasol,LAL,True,3-pointer,26,5-0,'LAL',leads
91,91,91,202102180LAL,11.3,5.4,1st quarter,4:19.0,Marc Gasol,LAL,False,2-pointer,13,18-16,'LAL',leads
115,115,115,202102180LAL,47.3,9.8,2nd quarter,3:44.0,Marc Gasol,LAL,False,3-pointer,24,41-55,'LAL',trails
135,135,135,202102180LAL,17.8,28.7,3rd quarter,1:15.0,Marc Gasol,LAL,True,3-pointer,26,72-89,'LAL',trails
139,139,139,202102180LAL,31.4,26.7,4th quarter,11:20.0,Marc Gasol,LAL,False,3-pointer,25,74-90,'LAL',trails
429,429,429,202102200LAL,38.3,25.9,1st quarter,8:40.0,Marc Gasol,LAL,False,3-pointer,27,10-10,'MIA',tied
435,435,435,202102200LAL,38.7,25.6,1st quarter,4:18.0,Marc Gasol,LAL,False,3-pointer,27,14-23,'MIA',trails
464,464,464,202102200LAL,36.0,26.4,2nd quarter,0:00.0,Marc Gasol,LAL,True,3-pointer,26,52-59,'MIA',trails
472,472,472,202102200LAL,26.8,29.1,3rd quarter,8:17.0,Marc Gasol,LAL,True,3-pointer,26,63-63,'MIA',tied
476,476,476,202102200LAL,18.4,29.1,3rd quarter,5:03.0,Marc Gasol,LAL,False,3-pointer,26,66-70,'MIA',trails
498,498,498,202102200LAL,46.6,8.0,4th quarter,2:08.0,Marc Gasol,LAL,False,3-pointer,23,89-92,'MIA',trails
460,460,460,202102220LAL,8.5,25.3,1st quarter,10:28.0,Marc Gasol,LAL,True,3-pointer,27,6-5,'LAL',leads
470,470,470,202102220LAL,17.9,29.4,1st quarter,5:37.0,Marc Gasol,LAL,False,3-pointer,27,15-16,'LAL',trails
472,472,472,202102220LAL,13.3,28.4,1st quarter,4:46.0,Marc Gasol,LAL,False,3-pointer,27,18-16,'LAL',leads
509,509,509,202102220LAL,37.7,23.3,3rd quarter,9:54.0,Marc Gasol,LAL,False,3-pointer,24,67-53,'LAL',leads
539,539,539,202102220LAL,9.5,25.1,4th quarter,4:38.0,Marc Gasol,LAL,True,3-pointer,26,97-102,'LAL',trails
1396,1396,1396,202102240UTA,9.0,22.4,1st quarter,10:55.0,Marc Gasol,LAL,False,3-pointer,24,0-5,'LAL',trails
1403,1403,1403,202102240UTA,18.5,14.3,1st quarter,6:54.0,Marc Gasol,LAL,False,2-pointer,12,11-13,'LAL',trails
1405,1405,1405,202102240UTA,23.2,27.9,1st quarter,6:16.0,Marc Gasol,LAL,False,3-pointer,25,13-13,'LAL',tied
1407,1407,1407,202102240UTA,23.2,4.8,1st quarter,5:20.0,Marc Gasol,LAL,True,2-pointer,2,17-13,'LAL',leads
1435,1435,1435,202102240UTA,31.2,27.2,2nd quarter,2:36.0,Marc Gasol,LAL,True,3-pointer,25,41-55,'LAL',trails
1436,1436,1436,202102240UTA,25.2,27.9,2nd quarter,2:09.0,Marc Gasol,LAL,True,3-pointer,25,44-55,'LAL',trails
1440,1440,1440,202102240UTA,23.2,29.2,3rd quarter,11:49.0,Marc Gasol,LAL,False,3-pointer,26,47-63,'LAL',trails
758,758,758,202102260LAL,26.9,3.7,1st quarter,9:39.0,Marc Gasol,LAL,False,2-pointer,3,2-5,'POR',trails
761,761,761,202102260LAL,24.6,29.2,1st quarter,7:24.0,Marc Gasol,LAL,False,3-pointer,26,4-15,'POR',trails
768,768,768,202102260LAL,34.6,25.4,1st quarter,5:08.0,Marc Gasol,LAL,False,3-pointer,25,8-18,'POR',trails
800,800,800,202102260LAL,28.0,28.4,3rd quarter,11:10.0,Marc Gasol,LAL,True,3-pointer,25,57-59,'POR',trails
801,801,801,202102260LAL,23.8,5.0,3rd quarter,10:45.0,Marc Gasol,LAL,True,2-pointer,2,59-59,'POR',tied
802,802,802,202102260LAL,27.0,30.1,3rd quarter,10:14.0,Marc Gasol,LAL,False,3-pointer,27,59-59,'POR',tied
808,808,808,202102260LAL,35.7,25.5,3rd quarter,5:58.0,Marc Gasol,LAL,False,3-pointer,25,65-65,'POR',tied
596,596,596,202102280LAL,24.4,6.4,1st quarter,11:20.0,Marc Gasol,LAL,True,2-pointer,3,2-1,'LAL',leads
601,601,601,202102280LAL,33.8,28.3,1st quarter,8:43.0,Marc Gasol,LAL,True,3-pointer,27,15-3,'LAL',leads
602,602,602,202102280LAL,28.8,28.0,1st quarter,7:53.0,Marc Gasol,LAL,True,3-pointer,25,18-5,'LAL',leads
635,635,635,202102280LAL,22.3,33.4,2nd quarter,1:44.0,Marc Gasol,LAL,False,3-pointer,30,62-39,'LAL',leads
83,83,83,202103250LAL,24.1,29.0,1st quarter,10:27.0,Marc Gasol,LAL,True,3-pointer,26,7-2,'LAL',leads
107,107,107,202103250LAL,9.3,28.5,2nd quarter,4:53.0,Marc Gasol,LAL,False,3-pointer,29,38-41,'LAL',trails
751,751,751,202103260LAL,23.5,15.8,1st quarter,9:26.0,Marc Gasol,LAL,True,2-pointer,13,6-5,'LAL',leads
753,753,753,202103260LAL,21.7,14.7,1st quarter,8:21.0,Marc Gasol,LAL,True,2-pointer,12,8-8,'LAL',tied
785,785,785,202103260LAL,13.4,27.8,3rd quarter,8:03.0,Marc Gasol,LAL,False,3-pointer,27,54-53,'LAL',leads
435,435,435,202103280LAL,7.0,28.0,1st quarter,11:33.0,Marc Gasol,LAL,False,3-pointer,30,0-0,'LAL',tied
437,437,437,202103280LAL,27.3,25.1,1st quarter,10:37.0,Marc Gasol,LAL,False,2-pointer,22,0-2,'LAL',trails
442,442,442,202103280LAL,26.7,32.9,1st quarter,7:06.0,Marc Gasol,LAL,False,3-pointer,30,8-6,'LAL',leads
469,469,469,202103280LAL,24.3,4.8,2nd quarter,1:22.0,Marc Gasol,LAL,True,2-pointer,2,42-33,'LAL',leads
471,471,471,202103280LAL,17.6,29.0,2nd quarter,0:05.0,Marc Gasol,LAL,False,3-pointer,27,44-39,'LAL',leads
473,473,473,202103280LAL,0.7,10.3,3rd quarter,11:03.0,Marc Gasol,LAL,False,3-pointer,24,44-39,'LAL',leads
496,496,496,202103280LAL,34.2,26.8,4th quarter,10:21.0,Marc Gasol,LAL,True,3-pointer,26,75-74,'LAL',leads
819,819,819,202103310LAL,23.0,4.4,4th quarter,7:31.0,Marc Gasol,LAL,True,2-pointer,2,84-96,'LAL',trails
820,820,820,202103310LAL,20.5,29.2,4th quarter,7:02.0,Marc Gasol,LAL,False,3-pointer,26,84-96,'LAL',trails
821,821,821,202103310LAL,29.5,27.8,4th quarter,6:43.0,Marc Gasol,LAL,False,3-pointer,25,84-96,'LAL',trails
1255,1255,1255,202104020SAC,33.7,12.3,1st quarter,7:05.0,Marc Gasol,LAL,True,2-pointer,13,12-4,'LAL',leads
1257,1257,1257,202104020SAC,40.3,22.1,1st quarter,6:18.0,Marc Gasol,LAL,True,3-pointer,25,15-9,'LAL',leads
1324,1324,1324,202104020SAC,22.1,28.5,4th quarter,7:29.0,Marc Gasol,LAL,False,3-pointer,25,103-82,'LAL',leads
1331,1331,1331,202104020SAC,14.1,26.5,4th quarter,3:19.0,Marc Gasol,LAL,False,3-pointer,25,109-86,'LAL',leads
873,873,873,202104040LAC,25.0,7.2,1st quarter,11:10.0,Marc Gasol,LAL,False,2-pointer,4,0-2,'LAL',trails
878,878,878,202104040LAC,23.6,4.4,1st quarter,6:51.0,Marc Gasol,LAL,True,2-pointer,1,9-18,'LAL',trails
909,909,909,202104040LAC,6.7,23.4,2nd quarter,2:20.0,Marc Gasol,LAL,True,3-pointer,27,33-50,'LAL',trails
915,915,915,202104040LAC,10.6,19.3,3rd quarter,10:21.0,Marc Gasol,LAL,False,2-pointer,21,40-60,'LAL',trails
917,917,917,202104040LAC,29.8,16.8,3rd quarter,8:37.0,Marc Gasol,LAL,False,2-pointer,15,41-65,'LAL',trails
918,918,918,202104040LAC,16.2,27.3,3rd quarter,7:37.0,Marc Gasol,LAL,True,3-pointer,25,44-65,'LAL',trails
919,919,919,202104040LAC,36.3,26.1,3rd quarter,6:20.0,Marc Gasol,LAL,True,3-pointer,26,47-65,'LAL',trails
1206,1206,1206,202104060TOR,20.7,13.6,1st quarter,11:44.0,Marc Gasol,LAL,False,2-pointer,11,0-0,'LAL',tied
1208,1208,1208,202104060TOR,26.2,4.2,1st quarter,10:20.0,Marc Gasol,LAL,True,2-pointer,2,5-5,'LAL',tied
1214,1214,1214,202104060TOR,27.3,16.8,1st quarter,7:30.0,Marc Gasol,LAL,True,2-pointer,14,17-12,'LAL',leads
1217,1217,1217,202104060TOR,24.0,3.3,1st quarter,6:06.0,Marc Gasol,LAL,True,2-pointer,0,22-15,'LAL',leads
1219,1219,1219,202104060TOR,19.2,30.1,1st quarter,5:24.0,Marc Gasol,LAL,True,3-pointer,27,27-15,'LAL',leads
1248,1248,1248,202104060TOR,27.5,6.7,3rd quarter,11:18.0,Marc Gasol,LAL,True,2-pointer,5,70-42,'LAL',leads
1250,1250,1250,202104060TOR,22.6,9.3,3rd quarter,10:20.0,Marc Gasol,LAL,True,2-pointer,6,72-44,'LAL',leads
1251,1251,1251,202104060TOR,23.9,28.9,3rd quarter,9:52.0,Marc Gasol,LAL,False,3-pointer,26,72-44,'LAL',leads
1255,1255,1255,202104060TOR,36.9,24.3,3rd quarter,7:32.0,Marc Gasol,LAL,False,3-pointer,25,74-50,'LAL',leads
734,734,734,202104120NYK,29.0,30.0,4th quarter,6:35.0,Marc Gasol,LAL,True,3-pointer,27,82-92,'NYK',trails
442,442,442,202104150LAL,28.6,14.1,1st quarter,10:04.0,Marc Gasol,LAL,True,2-pointer,12,2-7,'LAL',trails
444,444,444,202104150LAL,35.4,26.2,1st quarter,9:07.0,Marc Gasol,LAL,False,3-pointer,26,2-9,'LAL',trails
449,449,449,202104150LAL,35.3,24.3,1st quarter,6:46.0,Marc Gasol,LAL,False,3-pointer,24,4-16,'LAL',trails
479,479,479,202104150LAL,27.0,16.0,2nd quarter,4:09.0,Marc Gasol,LAL,True,2-pointer,13,38-44,'LAL',trails
481,481,481,202104150LAL,22.8,31.1,2nd quarter,3:11.0,Marc Gasol,LAL,True,3-pointer,28,41-46,'LAL',trails
482,482,482,202104150LAL,25.7,6.7,2nd quarter,2:45.0,Marc Gasol,LAL,False,2-pointer,4,41-46,'LAL',trails
495,495,495,202104150LAL,22.3,30.8,3rd quarter,8:15.0,Marc Gasol,LAL,True,3-pointer,28,58-67,'LAL',trails
498,498,498,202104150LAL,30.2,29.2,3rd quarter,6:49.0,Marc Gasol,LAL,True,3-pointer,27,63-69,'LAL',trails
500,500,500,202104150LAL,24.0,3.3,3rd quarter,5:14.0,Marc Gasol,LAL,True,2-pointer,0,66-75,'LAL',trails
501,501,501,202104150LAL,30.0,28.3,3rd quarter,4:43.0,Marc Gasol,LAL,True,3-pointer,26,69-77,'LAL',trails
850,850,850,202104300LAL,24.0,3.3,1st quarter,0:01.0,Marc Gasol,LAL,True,2-pointer,0,23-30,'LAL',trails
854,854,854,202104300LAL,8.7,23.3,2nd quarter,9:09.0,Marc Gasol,LAL,True,3-pointer,25,32-34,'LAL',trails
652,652,652,202105030LAL,18.7,30.1,3rd quarter,3:44.0,Marc Gasol,LAL,True,3-pointer,27,64-58,'LAL',leads
654,654,654,202105030LAL,13.8,28.9,3rd quarter,2:33.0,Marc Gasol,LAL,False,3-pointer,28,64-62,'LAL',leads
657,657,657,202105030LAL,1.2,3.9,3rd quarter,0:21.0,Marc Gasol,LAL,True,3-pointer,23,70-65,'LAL',leads
661,661,661,202105030LAL,11.3,27.9,4th quarter,10:03.0,Marc Gasol,LAL,True,3-pointer,28,77-67,'LAL',leads
1271,1271,1271,202105070POR,16.9,27.7,1st quarter,1:47.0,Marc Gasol,LAL,True,3-pointer,25,18-24,'POR',trails
1283,1283,1283,202105070POR,13.8,6.9,2nd quarter,8:43.0,Marc Gasol,LAL,False,2-pointer,11,28-38,'POR',trails
1299,1299,1299,202105070POR,24.7,29.1,2nd quarter,2:12.0,Marc Gasol,LAL,True,3-pointer,26,50-55,'POR',trails
1330,1330,1330,202105070POR,17.1,29.2,4th quarter,8:57.0,Marc Gasol,LAL,False,3-pointer,27,83-87,'POR',trails
1071,1071,1071,202105160NOP,28.7,28.7,1st quarter,2:45.0,Marc Gasol,LAL,True,3-pointer,26,30-18,'NOP',leads
1073,1073,1073,202105160NOP,35.4,26.9,1st quarter,1:44.0,Marc Gasol,LAL,False,3-pointer,26,32-22,'NOP',leads
1077,1077,1077,202105160NOP,16.7,9.1,2nd quarter,11:44.0,Marc Gasol,LAL,False,2-pointer,9,36-28,'NOP',leads
1133,1133,1133,202105160NOP,25.3,28.8,4th quarter,7:24.0,Marc Gasol,LAL,False,3-pointer,26,98-85,'NOP',leads
361,361,361,202105250PHO,22.9,29.8,1st quarter,3:07.0,Marc Gasol,LAL,True,3-pointer,27,21-14,'LAL',leads
377,377,377,202105250PHO,39.8,23.9,2nd quarter,6:56.0,Marc Gasol,LAL,False,3-pointer,26,35-34,'LAL',leads
416,416,416,202105250PHO,9.2,24.3,4th quarter,6:02.0,Marc Gasol,LAL,True,3-pointer,26,89-88,'LAL',leads
417,417,417,202105250PHO,20.9,28.8,4th quarter,5:22.0,Marc Gasol,LAL,False,3-pointer,26,89-90,'LAL',trails
155,155,155,202105270LAL,32.3,26.7,4th quarter,8:18.0,Marc Gasol,LAL,True,3-pointer,25,89-70,'LAL',leads
595,595,595,202105300LAL,35.6,24.4,1st quarter,3:59.0,Marc Gasol,LAL,True,3-pointer,24,17-13,'LAL',leads
599,599,599,202105300LAL,15.5,29.6,1st quarter,2:12.0,Marc Gasol,LAL,False,3-pointer,28,17-18,'LAL',trails
605,605,605,202105300LAL,24.0,3.3,1st quarter,0:01.0,Marc Gasol,LAL,True,2-pointer,0,24-23,'LAL',leads
635,635,635,202105300LAL,23.6,29.8,3rd quarter,5:50.0,Marc Gasol,LAL,False,3-pointer,27,58-69,'LAL',trails
654,654,654,202105300LAL,19.6,29.2,4th quarter,5:42.0,Marc Gasol,LAL,True,3-pointer,26,77-88,'LAL',trails
658,658,658,202105300LAL,0.9,12.1,4th quarter,3:08.0,Marc Gasol,LAL,True,3-pointer,25,87-95,'LAL',trails
420,420,420,202106010PHO,6.9,21.0,3rd quarter,10:45.0,Marc Gasol,LAL,True,3-pointer,25,39-68,'LAL',trails
120,120,120,202106030LAL,22.6,13.3,3rd quarter,9:18.0,Marc Gasol,LAL,False,2-pointer,10,50-69,'LAL',trails
